[0, 0, 0, 1]
[0, 0, 2, 2]
[0, 0, 3, 3]
[0, 0, 4, 4]
[0, 0, 5, 5]
[0, 0, 6, 6]
[0, 0, 7, 7]
[0, 0, 8, 8]
[0, 0, 9, 9]
[0, 0, 10, 10]
[0, 0, 11, 11]
[0, 0, 12, 12]
[0, 0, 13, 13]
[0, 0, 14, 14]
[0, 0, 15, 15]
[0, 0, 16, 16]
[0, 0, 17, 17]
[0, 0, 18, 18]
[0, 0, 19, 19]
[0, 0, 20, 20]
[0, 1, 1, 1]
[0, 1, 2, 3]
[0, 1, 4, 5]
[0, 1, 6, 7]
[0, 1, 8, 9]
[0, 1, 10, 11]
[0, 1, 12, 13]
[0, 1, 14, 15]
[0, 1, 16, 17]
[0, 1, 18, 19]
[0, 2, 4, 6]
[0, 2, 5, 7]
[0, 2, 8, 10]
[0, 2, 9, 11]
[0, 2, 12, 14]
[0, 2, 13, 15]
[0, 2, 16, 18]
[0, 2, 17, 19]
[0, 3, 4, 7]
[0, 3, 5, 6]
[0, 3, 8, 11]
[0, 3, 9, 10]
[0, 3, 12, 15]
[0, 3, 13, 14]
[0, 3, 16, 19]
[0, 3, 17, 18]
[0, 4, 8, 12]
[0, 4, 9, 13]
[0, 4, 10, 14]
[0, 4, 11, 15]
[0, 4, 16, 20]
[0, 5, 8, 13]
[0, 5, 9, 12]
[0, 5, 10, 15]
[0, 5, 11, 14]
[0, 5, 17, 20]
[0, 6, 8, 14]
[0, 6, 9, 15]
[0, 6, 10, 12]
[0, 6, 11, 13]
[0, 6, 18, 20]
[0, 7, 8, 15]
[0, 7, 9, 14]
[0, 7, 10, 13]
[0, 7, 11, 12]
[0, 7, 19, 20]
[1, 1, 2, 4]
[1, 1, 3, 5]
[1, 1, 6, 8]
[1, 1, 7, 9]
[1, 1, 10, 12]
[1, 1, 11, 13]
[1, 1, 14, 16]
[1, 1, 15, 17]
[1, 1, 18, 20]
[1, 2, 2, 5]
[1, 2, 6, 6]
[1, 2, 7, 10]
[1, 2, 8, 8]
[1, 2, 9, 12]
[1, 2, 11, 14]
[1, 2, 13, 16]
[1, 2, 15, 18]
[1, 2, 17, 20]
[1, 3, 3, 4]
[1, 3, 6, 9]
[1, 3, 7, 11]
[1, 3, 8, 12]
[1, 3, 10, 10]
[1, 3, 13, 13]
[1, 3, 14, 14]
[1, 3, 15, 15]
[1, 3, 16, 16]
[1, 3, 17, 17]
[1, 3, 18, 18]
[1, 3, 19, 19]
[1, 3, 20, 20]
[1, 4, 4, 6]
[1, 4, 7, 7]
[1, 4, 8, 10]
[1, 4, 9, 9]
[1, 4, 11, 12]
[1, 4, 13, 14]
[1, 4, 15, 16]
[1, 4, 17, 18]
[1, 4, 19, 20]
[1, 5, 5, 9]
[1, 5, 6, 10]
[1, 5, 7, 12]
[1, 5, 8, 14]
[1, 5, 11, 17]
[1, 5, 13, 15]
[1, 5, 16, 18]
[1, 6, 11, 18]
[1, 6, 12, 16]
[1, 6, 13, 17]
[1, 6, 14, 19]
[1, 6, 15, 20]
[1, 7, 8, 13]
[1, 7, 14, 20]
[1, 7, 15, 19]
[1, 8, 11, 15]
[1, 8, 16, 19]
[1, 9, 10, 13]
[1, 9, 11, 11]
[1, 10, 14, 17]
[1, 12, 12, 17]
[1, 12, 14, 18]
[2, 2, 2, 2]
[2, 2, 3, 3]
[2, 2, 4, 7]
[2, 2, 6, 10]
[2, 2, 8, 12]
[2, 2, 9, 13]
[2, 2, 11, 15]
[2, 2, 14, 18]
[2, 2, 16, 20]
[2, 3, 4, 8]
[2, 3, 5, 5]
[2, 3, 6, 11]
[2, 3, 7, 12]
[2, 3, 9, 14]
[2, 3, 10, 15]
[2, 3, 13, 18]
[2, 4, 4, 9]
[2, 4, 5, 10]
[2, 4, 11, 17]
[2, 4, 12, 12]
[2, 4, 13, 13]
[2, 4, 14, 20]
[2, 4, 15, 19]
[2, 5, 6, 12]
[2, 5, 8, 9]
[2, 5, 11, 11]
[2, 5, 13, 14]
[2, 5, 15, 15]
[2, 5, 16, 19]
[2, 5, 17, 17]
[2, 6, 7, 8]
[2, 6, 9, 9]
[2, 6, 13, 20]
[2, 6, 15, 16]
[2, 6, 18, 19]
[2, 7, 7, 11]
[2, 7, 9, 15]
[2, 7, 13, 19]
[2, 7, 14, 16]
[2, 7, 17, 18]
[2, 7, 20, 20]
[2, 8, 11, 13]
[2, 8, 14, 15]
[2, 8, 18, 20]
[2, 8, 19, 19]
[2, 9, 10, 18]
[2, 9, 16, 17]
[2, 10, 10, 11]
[2, 10, 12, 13]
[2, 10, 14, 14]
[2, 11, 12, 19]
[3, 3, 3, 5]
[3, 3, 6, 7]
[3, 3, 8, 14]
[3, 3, 9, 15]
[3, 3, 10, 11]
[3, 3, 12, 17]
[3, 3, 13, 19]
[3, 3, 16, 20]
[3, 4, 4, 10]
[3, 4, 5, 11]
[3, 4, 6, 13]
[3, 4, 9, 16]
[3, 4, 12, 14]
[3, 4, 18, 19]
[3, 5, 7, 7]
[3, 5, 8, 15]
[3, 5, 9, 9]
[3, 5, 10, 18]
[3, 5, 12, 19]
[3, 5, 13, 17]
[3, 5, 14, 20]
[3, 6, 6, 14]
[3, 6, 8, 16]
[3, 6, 10, 17]
[3, 6, 12, 20]
[3, 7, 8, 17]
[3, 7, 9, 18]
[3, 7, 10, 19]
[3, 7, 13, 15]
[3, 8, 8, 8]
[3, 8, 9, 13]
[3, 8, 10, 20]
[3, 10, 14, 16]
[3, 11, 11, 16]
[3, 11, 12, 12]
[3, 11, 14, 17]
[3, 11, 15, 19]
[3, 11, 18, 20]
[3, 12, 13, 16]
[3, 15, 16, 18]
[3, 15, 17, 20]
[4, 4, 4, 7]
[4, 4, 5, 8]
[4, 4, 11, 14]
[4, 4, 12, 15]
[4, 4, 13, 16]
[4, 5, 5, 13]
[4, 5, 6, 6]
[4, 5, 7, 9]
[4, 5, 12, 16]
[4, 5, 15, 17]
[4, 6, 7, 16]
[4, 6, 8, 9]
[4, 6, 10, 15]
[4, 6, 11, 20]
[4, 6, 12, 17]
[4, 7, 8, 18]
[4, 7, 10, 20]
[4, 7, 11, 11]
[4, 7, 12, 13]
[4, 7, 14, 14]
[4, 8, 8, 14]
[4, 8, 13, 19]
[4, 8, 17, 17]
[4, 9, 10, 11]
[4, 9, 12, 18]
[4, 9, 14, 17]
[4, 10, 10, 10]
[4, 10, 12, 19]
[4, 10, 16, 18]
[4, 11, 16, 16]
[4, 13, 15, 18]
[4, 16, 19, 19]
[4, 18, 18, 20]
[5, 5, 5, 11]
[5, 5, 6, 7]
[5, 5, 8, 12]
[5, 5, 10, 19]
[5, 5, 15, 16]
[5, 6, 8, 11]
[5, 6, 9, 19]
[5, 6, 13, 13]
[5, 6, 14, 17]
[5, 6, 16, 16]
[5, 6, 18, 18]
[5, 6, 20, 20]
[5, 7, 8, 19]
[5, 7, 10, 10]
[5, 7, 11, 13]
[5, 7, 14, 15]
[5, 8, 8, 17]
[5, 9, 10, 16]
[5, 9, 11, 15]
[5, 9, 13, 18]
[5, 9, 14, 14]
[5, 10, 11, 20]
[5, 12, 12, 13]
[5, 12, 15, 20]
[5, 12, 17, 18]
[5, 14, 18, 19]
[6, 6, 6, 15]
[6, 6, 7, 12]
[6, 6, 8, 18]
[6, 6, 9, 20]
[6, 6, 10, 13]
[6, 7, 7, 17]
[6, 7, 10, 14]
[6, 8, 8, 19]
[6, 8, 13, 15]
[6, 9, 16, 18]
[6, 10, 11, 11]
[6, 11, 12, 14]
[6, 11, 15, 17]
[6, 12, 12, 15]
[6, 13, 19, 19]
[6, 14, 14, 14]
[6, 14, 16, 20]
[6, 17, 17, 18]
[6, 17, 19, 20]
[7, 7, 7, 12]
[7, 7, 8, 20]
[7, 7, 9, 10]
[7, 7, 13, 16]
[7, 8, 8, 12]
[7, 8, 9, 16]
[7, 9, 11, 17]
[7, 10, 15, 17]
[7, 10, 18, 18]
[7, 11, 14, 18]
[7, 11, 15, 16]
[7, 12, 14, 19]
[7, 12, 15, 15]
[7, 12, 16, 16]
[7, 13, 17, 20]
[7, 15, 18, 20]
[7, 16, 17, 17]
[7, 17, 19, 19]
[8, 8, 9, 18]
[8, 8, 11, 16]
[8, 8, 15, 20]
[8, 9, 14, 19]
[8, 9, 15, 17]
[8, 9, 20, 20]
[8, 10, 10, 12]
[8, 10, 15, 16]
[8, 11, 11, 11]
[8, 12, 14, 14]
[8, 12, 17, 20]
[8, 12, 18, 18]
[8, 14, 16, 17]
[8, 15, 15, 19]
[9, 9, 9, 13]
[9, 9, 10, 14]
[9, 9, 17, 19]
[9, 11, 12, 13]
[9, 11, 14, 20]
[9, 11, 16, 19]
[9, 13, 13, 13]
[9, 14, 15, 15]
[9, 15, 18, 18]
[9, 19, 19, 20]
[10, 10, 13, 15]
[10, 10, 14, 19]
[10, 10, 16, 17]
[10, 12, 12, 18]
[10, 13, 13, 16]
[10, 14, 15, 18]
[10, 17, 17, 17]
[10, 17, 18, 19]
[11, 12, 15, 18]
[11, 13, 14, 14]
[11, 16, 18, 18]
[12, 12, 12, 19]
[12, 13, 13, 18]
[12, 13, 14, 17]
[12, 13, 19, 20]
[12, 16, 17, 19]
[13, 13, 15, 20]
[13, 14, 18, 20]
[13, 17, 17, 19]
[13, 18, 18, 19]
[14, 16, 16, 16]
[15, 18, 19, 19]
