[0, 0, 0]
[0, 1, 2]
[0, 2, 1]
[0, 3, 5]
[0, 4, 7]
[0, 5, 3]
[0, 6, 10]
[0, 7, 4]
[0, 8, 13]
[0, 9, 15]
[0, 10, 6]
[0, 11, 18]
[0, 12, 20]
[0, 13, 8]
[0, 14, 23]
[0, 15, 9]
[0, 16, 26]
[0, 17, 28]
[0, 18, 11]
[0, 19, 31]
[0, 20, 12]
[0, 21, 34]
[0, 22, 36]
[0, 23, 14]
[0, 24, 39]
[0, 25, 41]
[0, 26, 16]
[0, 27, 44]
[0, 28, 17]
[0, 29, 47]
[0, 30, 49]
[0, 31, 19]
[0, 32, 52]
[0, 33, 54]
[0, 34, 21]
[0, 35, 57]
[0, 36, 22]
[0, 37, 60]
[0, 38, 62]
[0, 39, 24]
[0, 40, 65]
[0, 41, 25]
[0, 42, 68]
[0, 43, 70]
[0, 44, 27]
[0, 45, 73]
[0, 46, 75]
[0, 47, 29]
[0, 48, 78]
[0, 49, 30]
[0, 50, 81]
[0, 51, 83]
[0, 52, 32]
[0, 53, 86]
[0, 54, 33]
[0, 55, 89]
[0, 56, 91]
[0, 57, 35]
[0, 58, 94]
[0, 59, 96]
[0, 60, 37]
[0, 61, 99]
[0, 62, 38]
[0, 65, 40]
[0, 68, 42]
[0, 70, 43]
[0, 73, 45]
[0, 75, 46]
[0, 78, 48]
[0, 81, 50]
[0, 83, 51]
[0, 86, 53]
[0, 89, 55]
[0, 91, 56]
[0, 94, 58]
[0, 96, 59]
[0, 99, 61]
[1, 0, 1]
[1, 1, 3]
[1, 2, 0]
[1, 3, 6]
[1, 4, 4]
[1, 5, 2]
[1, 6, 5]
[1, 7, 12]
[1, 8, 14]
[1, 9, 16]
[1, 10, 18]
[1, 11, 15]
[1, 12, 7]
[1, 13, 9]
[1, 14, 24]
[1, 15, 8]
[1, 16, 25]
[1, 17, 11]
[1, 18, 10]
[1, 19, 30]
[1, 20, 33]
[1, 21, 35]
[1, 22, 13]
[1, 23, 38]
[1, 24, 36]
[1, 25, 42]
[1, 26, 44]
[1, 27, 43]
[1, 28, 47]
[1, 29, 19]
[1, 30, 17]
[1, 31, 20]
[1, 32, 53]
[1, 33, 21]
[1, 34, 56]
[1, 35, 55]
[1, 36, 59]
[1, 37, 61]
[1, 38, 22]
[1, 39, 64]
[1, 40, 23]
[1, 41, 26]
[1, 42, 28]
[1, 43, 71]
[1, 44, 73]
[1, 45, 72]
[1, 46, 27]
[1, 47, 77]
[1, 48, 74]
[1, 49, 29]
[1, 50, 32]
[1, 51, 84]
[1, 52, 31]
[1, 53, 85]
[1, 54, 88]
[1, 55, 86]
[1, 56, 34]
[1, 57, 93]
[1, 58, 95]
[1, 59, 97]
[1, 60, 99]
[1, 61, 96]
[1, 62, 37]
[1, 63, 40]
[1, 65, 39]
[1, 68, 41]
[1, 69, 45]
[1, 76, 48]
[1, 77, 46]
[1, 78, 49]
[1, 80, 50]
[1, 85, 51]
[1, 86, 54]
[1, 87, 52]
[1, 90, 57]
[1, 96, 58]
[1, 98, 62]
[1, 99, 60]
[1, 100, 63]
[2, 0, 2]
[2, 1, 0]
[2, 2, 5]
[2, 3, 3]
[2, 4, 8]
[2, 5, 1]
[2, 6, 4]
[2, 7, 13]
[2, 8, 9]
[2, 9, 17]
[2, 10, 7]
[2, 11, 6]
[2, 12, 19]
[2, 13, 22]
[2, 14, 25]
[2, 15, 20]
[2, 16, 10]
[2, 17, 27]
[2, 18, 30]
[2, 19, 12]
[2, 20, 34]
[2, 21, 11]
[2, 22, 37]
[2, 23, 15]
[2, 24, 40]
[2, 25, 38]
[2, 26, 14]
[2, 27, 16]
[2, 28, 45]
[2, 29, 49]
[2, 30, 21]
[2, 31, 50]
[2, 32, 18]
[2, 33, 51]
[2, 34, 55]
[2, 35, 58]
[2, 36, 60]
[2, 37, 24]
[2, 38, 23]
[2, 39, 61]
[2, 40, 66]
[2, 41, 68]
[2, 42, 70]
[2, 43, 26]
[2, 44, 28]
[2, 45, 75]
[2, 46, 71]
[2, 47, 76]
[2, 48, 29]
[2, 49, 80]
[2, 50, 82]
[2, 51, 31]
[2, 52, 86]
[2, 53, 35]
[2, 54, 87]
[2, 55, 32]
[2, 56, 92]
[2, 57, 33]
[2, 58, 36]
[2, 59, 94]
[2, 60, 39]
[2, 62, 99]
[2, 66, 41]
[2, 69, 43]
[2, 71, 42]
[2, 72, 44]
[2, 73, 46]
[2, 77, 47]
[2, 79, 48]
[2, 84, 52]
[2, 87, 53]
[2, 89, 54]
[2, 92, 56]
[2, 94, 57]
[2, 95, 62]
[2, 99, 59]
[3, 0, 3]
[3, 1, 1]
[3, 2, 4]
[3, 3, 2]
[3, 4, 9]
[3, 5, 0]
[3, 6, 7]
[3, 7, 11]
[3, 8, 15]
[3, 9, 5]
[3, 10, 8]
[3, 11, 17]
[3, 12, 21]
[3, 13, 10]
[3, 14, 6]
[3, 15, 27]
[3, 16, 29]
[3, 17, 25]
[3, 18, 32]
[3, 19, 34]
[3, 20, 14]
[3, 21, 12]
[3, 22, 38]
[3, 23, 13]
[3, 24, 35]
[3, 25, 18]
[3, 26, 43]
[3, 27, 37]
[3, 28, 48]
[3, 29, 50]
[3, 30, 16]
[3, 31, 49]
[3, 32, 20]
[3, 33, 55]
[3, 34, 23]
[3, 35, 19]
[3, 36, 61]
[3, 37, 22]
[3, 38, 64]
[3, 39, 26]
[3, 40, 59]
[3, 41, 24]
[3, 42, 65]
[3, 43, 67]
[3, 44, 71]
[3, 45, 74]
[3, 46, 28]
[3, 47, 75]
[3, 48, 79]
[3, 49, 81]
[3, 50, 30]
[3, 51, 85]
[3, 52, 82]
[3, 53, 31]
[3, 54, 89]
[3, 55, 36]
[3, 56, 93]
[3, 57, 90]
[3, 58, 96]
[3, 59, 33]
[3, 60, 100]
[3, 62, 39]
[3, 63, 42]
[3, 64, 40]
[3, 69, 41]
[3, 70, 45]
[3, 71, 44]
[3, 76, 46]
[3, 79, 47]
[3, 81, 52]
[3, 82, 51]
[3, 87, 54]
[3, 90, 53]
[3, 91, 57]
[3, 93, 58]
[3, 95, 56]
[3, 96, 60]
[4, 0, 4]
[4, 1, 6]
[4, 2, 3]
[4, 3, 9]
[4, 4, 1]
[4, 5, 7]
[4, 6, 2]
[4, 7, 0]
[4, 8, 8]
[4, 9, 12]
[4, 10, 17]
[4, 11, 5]
[4, 12, 10]
[4, 13, 23]
[4, 14, 13]
[4, 15, 26]
[4, 16, 11]
[4, 17, 31]
[4, 18, 33]
[4, 19, 35]
[4, 20, 28]
[4, 21, 30]
[4, 22, 14]
[4, 23, 40]
[4, 24, 15]
[4, 25, 37]
[4, 26, 39]
[4, 27, 45]
[4, 28, 18]
[4, 29, 51]
[4, 30, 19]
[4, 31, 52]
[4, 32, 16]
[4, 33, 53]
[4, 34, 22]
[4, 35, 20]
[4, 36, 62]
[4, 37, 64]
[4, 38, 24]
[4, 39, 21]
[4, 40, 63]
[4, 41, 65]
[4, 42, 29]
[4, 43, 72]
[4, 44, 25]
[4, 45, 70]
[4, 46, 76]
[4, 47, 27]
[4, 48, 67]
[4, 49, 32]
[4, 50, 78]
[4, 51, 86]
[4, 52, 83]
[4, 53, 87]
[4, 54, 90]
[4, 55, 88]
[4, 56, 94]
[4, 57, 36]
[4, 58, 34]
[4, 59, 91]
[4, 60, 97]
[4, 61, 38]
[4, 63, 41]
[4, 67, 42]
[4, 70, 44]
[4, 72, 43]
[4, 75, 47]
[4, 76, 49]
[4, 78, 46]
[4, 83, 48]
[4, 84, 50]
[4, 85, 55]
[4, 87, 56]
[4, 90, 54]
[4, 91, 58]
[4, 95, 57]
[4, 98, 59]
[4, 100, 60]
[5, 0, 5]
[5, 1, 7]
[5, 2, 2]
[5, 3, 0]
[5, 4, 11]
[5, 5, 6]
[5, 6, 1]
[5, 7, 9]
[5, 8, 12]
[5, 9, 3]
[5, 10, 19]
[5, 11, 4]
[5, 12, 15]
[5, 13, 21]
[5, 14, 10]
[5, 15, 25]
[5, 16, 14]
[5, 17, 8]
[5, 18, 17]
[5, 19, 32]
[5, 20, 31]
[5, 21, 13]
[5, 22, 34]
[5, 23, 39]
[5, 24, 42]
[5, 25, 44]
[5, 26, 40]
[5, 27, 47]
[5, 28, 16]
[5, 29, 52]
[5, 30, 20]
[5, 31, 18]
[5, 32, 54]
[5, 33, 48]
[5, 34, 51]
[5, 35, 56]
[5, 36, 63]
[5, 37, 23]
[5, 38, 27]
[5, 39, 65]
[5, 40, 68]
[5, 41, 66]
[5, 42, 24]
[5, 43, 22]
[5, 44, 74]
[5, 45, 28]
[5, 46, 77]
[5, 47, 79]
[5, 48, 26]
[5, 49, 33]
[5, 50, 35]
[5, 51, 87]
[5, 52, 76]
[5, 53, 30]
[5, 54, 29]
[5, 55, 92]
[5, 56, 36]
[5, 57, 86]
[5, 58, 97]
[5, 59, 93]
[5, 60, 41]
[5, 61, 37]
[5, 63, 96]
[5, 64, 38]
[5, 74, 43]
[5, 75, 45]
[5, 79, 50]
[5, 80, 53]
[5, 82, 46]
[5, 83, 49]
[5, 85, 57]
[5, 88, 55]
[5, 91, 59]
[5, 97, 62]
[5, 98, 58]
[5, 100, 61]
[6, 0, 6]
[6, 1, 4]
[6, 2, 9]
[6, 3, 1]
[6, 4, 12]
[6, 5, 5]
[6, 6, 11]
[6, 7, 16]
[6, 8, 18]
[6, 9, 8]
[6, 10, 0]
[6, 11, 2]
[6, 12, 14]
[6, 13, 24]
[6, 14, 3]
[6, 15, 7]
[6, 16, 17]
[6, 17, 10]
[6, 18, 15]
[6, 19, 13]
[6, 20, 36]
[6, 21, 33]
[6, 22, 35]
[6, 23, 19]
[6, 24, 28]
[6, 25, 20]
[6, 26, 46]
[6, 27, 42]
[6, 28, 49]
[6, 29, 48]
[6, 30, 44]
[6, 31, 54]
[6, 32, 56]
[6, 33, 58]
[6, 34, 60]
[6, 35, 21]
[6, 36, 23]
[6, 37, 59]
[6, 38, 65]
[6, 39, 22]
[6, 40, 57]
[6, 41, 29]
[6, 42, 71]
[6, 43, 73]
[6, 44, 26]
[6, 45, 25]
[6, 46, 30]
[6, 47, 32]
[6, 48, 27]
[6, 49, 67]
[6, 50, 31]
[6, 51, 88]
[6, 52, 85]
[6, 53, 81]
[6, 54, 92]
[6, 55, 90]
[6, 56, 95]
[6, 57, 34]
[6, 58, 89]
[6, 59, 37]
[6, 61, 97]
[6, 62, 94]
[6, 63, 39]
[6, 64, 98]
[6, 66, 38]
[6, 67, 41]
[6, 68, 43]
[6, 69, 40]
[6, 72, 45]
[6, 78, 47]
[6, 82, 52]
[6, 83, 50]
[6, 85, 53]
[6, 86, 51]
[6, 91, 55]
[6, 96, 62]
[7, 0, 7]
[7, 1, 5]
[7, 2, 8]
[7, 3, 11]
[7, 4, 0]
[7, 5, 4]
[7, 6, 3]
[7, 7, 17]
[7, 8, 19]
[7, 9, 10]
[7, 10, 2]
[7, 11, 13]
[7, 12, 1]
[7, 13, 16]
[7, 14, 9]
[7, 15, 6]
[7, 16, 28]
[7, 17, 22]
[7, 18, 12]
[7, 19, 33]
[7, 20, 18]
[7, 21, 21]
[7, 22, 15]
[7, 23, 32]
[7, 24, 37]
[7, 25, 40]
[7, 26, 45]
[7, 27, 14]
[7, 28, 44]
[7, 29, 46]
[7, 30, 50]
[7, 31, 53]
[7, 32, 57]
[7, 33, 59]
[7, 34, 24]
[7, 35, 23]
[7, 36, 64]
[7, 37, 66]
[7, 38, 61]
[7, 39, 20]
[7, 40, 25]
[7, 41, 62]
[7, 42, 26]
[7, 43, 74]
[7, 44, 30]
[7, 45, 63]
[7, 46, 70]
[7, 47, 80]
[7, 48, 82]
[7, 49, 31]
[7, 50, 29]
[7, 51, 81]
[7, 52, 84]
[7, 53, 27]
[7, 54, 91]
[7, 55, 38]
[7, 56, 83]
[7, 57, 97]
[7, 58, 99]
[7, 59, 34]
[7, 60, 95]
[7, 61, 39]
[7, 62, 35]
[7, 63, 43]
[7, 64, 36]
[7, 65, 41]
[7, 70, 47]
[7, 72, 42]
[7, 77, 48]
[7, 80, 49]
[7, 86, 52]
[7, 87, 55]
[7, 88, 51]
[7, 89, 56]
[7, 95, 54]
[7, 100, 65]
[8, 0, 8]
[8, 1, 10]
[8, 2, 7]
[8, 3, 13]
[8, 4, 2]
[8, 5, 9]
[8, 6, 17]
[8, 7, 19]
[8, 8, 4]
[8, 9, 6]
[8, 10, 3]
[8, 11, 14]
[8, 12, 18]
[8, 13, 0]
[8, 14, 27]
[8, 15, 1]
[8, 16, 15]
[8, 17, 5]
[8, 18, 20]
[8, 19, 36]
[8, 20, 21]
[8, 21, 28]
[8, 22, 11]
[8, 23, 23]
[8, 24, 38]
[8, 25, 16]
[8, 26, 47]
[8, 27, 12]
[8, 28, 22]
[8, 29, 24]
[8, 30, 48]
[8, 31, 46]
[8, 32, 51]
[8, 33, 25]
[8, 34, 54]
[8, 35, 59]
[8, 36, 52]
[8, 37, 62]
[8, 38, 68]
[8, 39, 29]
[8, 40, 69]
[8, 41, 67]
[8, 42, 64]
[8, 43, 75]
[8, 44, 72]
[8, 45, 26]
[8, 46, 73]
[8, 47, 31]
[8, 48, 71]
[8, 49, 84]
[8, 50, 33]
[8, 51, 82]
[8, 52, 30]
[8, 53, 89]
[8, 54, 34]
[8, 55, 93]
[8, 56, 32]
[8, 57, 94]
[8, 58, 35]
[8, 59, 98]
[8, 60, 42]
[8, 63, 37]
[8, 64, 39]
[8, 65, 44]
[8, 67, 40]
[8, 70, 41]
[8, 71, 43]
[8, 77, 45]
[8, 79, 49]
[8, 86, 50]
[8, 90, 55]
[8, 91, 53]
[8, 92, 61]
[8, 93, 56]
[8, 94, 60]
[8, 96, 63]
[8, 97, 58]
[8, 98, 57]
[9, 0, 9]
[9, 1, 11]
[9, 2, 6]
[9, 3, 4]
[9, 4, 3]
[9, 5, 8]
[9, 6, 12]
[9, 7, 5]
[9, 8, 2]
[9, 9, 20]
[9, 10, 22]
[9, 11, 16]
[9, 12, 25]
[9, 13, 1]
[9, 14, 7]
[9, 15, 0]
[9, 16, 18]
[9, 17, 32]
[9, 18, 34]
[9, 19, 14]
[9, 20, 17]
[9, 21, 10]
[9, 22, 30]
[9, 23, 37]
[9, 24, 41]
[9, 25, 15]
[9, 26, 13]
[9, 27, 23]
[9, 28, 19]
[9, 29, 29]
[9, 30, 51]
[9, 31, 55]
[9, 32, 24]
[9, 33, 40]
[9, 34, 53]
[9, 35, 60]
[9, 36, 65]
[9, 37, 57]
[9, 38, 69]
[9, 39, 62]
[9, 40, 21]
[9, 41, 59]
[9, 42, 72]
[9, 43, 27]
[9, 44, 77]
[9, 45, 67]
[9, 46, 74]
[9, 47, 33]
[9, 48, 80]
[9, 49, 75]
[9, 50, 86]
[9, 51, 26]
[9, 52, 35]
[9, 53, 88]
[9, 54, 28]
[9, 55, 31]
[9, 56, 90]
[9, 57, 39]
[9, 58, 98]
[9, 59, 38]
[9, 60, 87]
[9, 61, 100]
[9, 62, 42]
[9, 63, 36]
[9, 67, 44]
[9, 69, 47]
[9, 73, 43]
[9, 74, 45]
[9, 77, 49]
[9, 79, 46]
[9, 80, 48]
[9, 83, 52]
[9, 85, 50]
[9, 90, 56]
[9, 91, 54]
[9, 97, 61]
[9, 100, 58]
[10, 0, 10]
[10, 1, 8]
[10, 2, 13]
[10, 3, 15]
[10, 4, 17]
[10, 5, 14]
[10, 6, 0]
[10, 7, 21]
[10, 8, 11]
[10, 9, 7]
[10, 10, 16]
[10, 11, 26]
[10, 12, 4]
[10, 13, 3]
[10, 14, 5]
[10, 15, 23]
[10, 16, 2]
[10, 17, 6]
[10, 18, 1]
[10, 19, 19]
[10, 20, 37]
[10, 21, 9]
[10, 22, 24]
[10, 23, 27]
[10, 24, 20]
[10, 25, 12]
[10, 26, 25]
[10, 27, 22]
[10, 28, 29]
[10, 29, 34]
[10, 30, 52]
[10, 31, 28]
[10, 32, 58]
[10, 33, 18]
[10, 34, 50]
[10, 35, 62]
[10, 36, 55]
[10, 37, 30]
[10, 38, 59]
[10, 39, 63]
[10, 40, 60]
[10, 41, 69]
[10, 42, 67]
[10, 43, 76]
[10, 44, 75]
[10, 45, 79]
[10, 46, 64]
[10, 47, 82]
[10, 48, 32]
[10, 49, 85]
[10, 50, 87]
[10, 51, 33]
[10, 52, 90]
[10, 53, 92]
[10, 54, 77]
[10, 55, 95]
[10, 56, 35]
[10, 57, 31]
[10, 58, 100]
[10, 59, 36]
[10, 60, 40]
[10, 61, 42]
[10, 63, 38]
[10, 64, 94]
[10, 67, 96]
[10, 68, 46]
[10, 70, 39]
[10, 73, 41]
[10, 74, 47]
[10, 75, 51]
[10, 76, 43]
[10, 79, 44]
[10, 81, 45]
[10, 82, 48]
[10, 83, 54]
[10, 84, 56]
[10, 86, 49]
[10, 87, 57]
[10, 92, 53]
[11, 0, 11]
[11, 1, 9]
[11, 2, 12]
[11, 3, 7]
[11, 4, 5]
[11, 5, 19]
[11, 6, 6]
[11, 7, 3]
[11, 8, 10]
[11, 9, 14]
[11, 10, 13]
[11, 11, 23]
[11, 12, 28]
[11, 13, 20]
[11, 14, 29]
[11, 15, 24]
[11, 16, 4]
[11, 17, 1]
[11, 18, 0]
[11, 19, 37]
[11, 20, 39]
[11, 21, 2]
[11, 22, 8]
[11, 23, 16]
[11, 24, 21]
[11, 25, 17]
[11, 26, 48]
[11, 27, 18]
[11, 28, 26]
[11, 29, 35]
[11, 30, 53]
[11, 31, 30]
[11, 32, 22]
[11, 33, 27]
[11, 34, 58]
[11, 35, 15]
[11, 36, 31]
[11, 37, 65]
[11, 38, 25]
[11, 39, 56]
[11, 40, 61]
[11, 41, 54]
[11, 42, 62]
[11, 43, 32]
[11, 44, 78]
[11, 45, 77]
[11, 46, 81]
[11, 47, 73]
[11, 48, 33]
[11, 49, 79]
[11, 50, 75]
[11, 51, 89]
[11, 52, 91]
[11, 53, 80]
[11, 54, 94]
[11, 55, 34]
[11, 56, 97]
[11, 57, 40]
[11, 58, 87]
[11, 59, 95]
[11, 60, 38]
[11, 61, 36]
[11, 62, 93]
[11, 65, 42]
[11, 66, 99]
[11, 70, 46]
[11, 71, 41]
[11, 73, 47]
[11, 75, 44]
[11, 78, 50]
[11, 81, 49]
[11, 82, 43]
[11, 83, 45]
[11, 84, 51]
[11, 87, 60]
[11, 92, 52]
[11, 93, 57]
[11, 94, 59]
[11, 95, 66]
[11, 97, 55]
[11, 98, 64]
[12, 0, 12]
[12, 1, 14]
[12, 2, 11]
[12, 3, 17]
[12, 4, 6]
[12, 5, 13]
[12, 6, 9]
[12, 7, 1]
[12, 8, 5]
[12, 9, 4]
[12, 10, 20]
[12, 11, 22]
[12, 12, 27]
[12, 13, 30]
[12, 14, 32]
[12, 15, 21]
[12, 16, 23]
[12, 17, 18]
[12, 18, 7]
[12, 19, 2]
[12, 20, 0]
[12, 21, 3]
[12, 22, 41]
[12, 23, 28]
[12, 24, 44]
[12, 25, 10]
[12, 26, 24]
[12, 27, 8]
[12, 28, 50]
[12, 29, 15]
[12, 30, 54]
[12, 31, 35]
[12, 32, 25]
[12, 33, 29]
[12, 34, 26]
[12, 35, 34]
[12, 36, 36]
[12, 37, 58]
[12, 38, 67]
[12, 39, 55]
[12, 40, 70]
[12, 41, 16]
[12, 42, 19]
[12, 43, 68]
[12, 44, 31]
[12, 45, 33]
[12, 46, 37]
[12, 47, 74]
[12, 48, 38]
[12, 49, 83]
[12, 50, 85]
[12, 51, 77]
[12, 52, 88]
[12, 53, 76]
[12, 54, 93]
[12, 55, 39]
[12, 56, 87]
[12, 57, 99]
[12, 59, 92]
[12, 61, 40]
[12, 62, 100]
[12, 63, 91]
[12, 66, 98]
[12, 69, 42]
[12, 72, 46]
[12, 73, 51]
[12, 76, 52]
[12, 77, 43]
[12, 80, 47]
[12, 81, 53]
[12, 85, 48]
[12, 86, 45]
[12, 87, 49]
[12, 88, 59]
[12, 92, 62]
[12, 93, 61]
[12, 94, 63]
[12, 96, 56]
[12, 99, 57]
[13, 0, 13]
[13, 1, 15]
[13, 2, 10]
[13, 3, 8]
[13, 4, 16]
[13, 5, 12]
[13, 6, 21]
[13, 7, 2]
[13, 8, 0]
[13, 9, 18]
[13, 10, 11]
[13, 11, 7]
[13, 12, 29]
[13, 13, 31]
[13, 14, 4]
[13, 15, 34]
[13, 16, 27]
[13, 17, 33]
[13, 18, 22]
[13, 19, 6]
[13, 20, 19]
[13, 21, 5]
[13, 22, 1]
[13, 23, 3]
[13, 24, 24]
[13, 25, 23]
[13, 26, 9]
[13, 27, 30]
[13, 28, 14]
[13, 29, 17]
[13, 30, 32]
[13, 31, 25]
[13, 32, 59]
[13, 33, 39]
[13, 34, 57]
[13, 35, 45]
[13, 36, 66]
[13, 37, 26]
[13, 38, 35]
[13, 39, 70]
[13, 40, 72]
[13, 41, 63]
[13, 42, 75]
[13, 43, 28]
[13, 44, 37]
[13, 45, 36]
[13, 46, 20]
[13, 47, 81]
[13, 48, 69]
[13, 49, 86]
[13, 50, 76]
[13, 51, 71]
[13, 52, 87]
[13, 53, 82]
[13, 54, 78]
[13, 55, 91]
[13, 56, 84]
[13, 57, 95]
[13, 58, 40]
[13, 59, 99]
[13, 60, 85]
[13, 63, 44]
[13, 65, 38]
[13, 69, 46]
[13, 72, 47]
[13, 73, 49]
[13, 74, 42]
[13, 75, 53]
[13, 78, 41]
[13, 80, 51]
[13, 85, 43]
[13, 87, 48]
[13, 88, 52]
[13, 89, 61]
[13, 91, 60]
[13, 92, 54]
[13, 95, 50]
[13, 97, 67]
[13, 98, 65]
[13, 99, 56]
[14, 0, 14]
[14, 1, 12]
[14, 2, 17]
[14, 3, 19]
[14, 4, 21]
[14, 5, 10]
[14, 6, 15]
[14, 7, 20]
[14, 8, 1]
[14, 9, 11]
[14, 10, 28]
[14, 11, 8]
[14, 12, 6]
[14, 13, 32]
[14, 14, 18]
[14, 15, 35]
[14, 16, 5]
[14, 17, 24]
[14, 18, 26]
[14, 19, 9]
[14, 20, 3]
[14, 21, 22]
[14, 22, 4]
[14, 23, 0]
[14, 24, 16]
[14, 25, 31]
[14, 26, 2]
[14, 27, 7]
[14, 28, 13]
[14, 29, 53]
[14, 30, 33]
[14, 31, 41]
[14, 32, 27]
[14, 33, 61]
[14, 34, 59]
[14, 35, 64]
[14, 36, 34]
[14, 37, 37]
[14, 38, 29]
[14, 39, 23]
[14, 40, 36]
[14, 41, 40]
[14, 42, 54]
[14, 43, 65]
[14, 44, 70]
[14, 45, 76]
[14, 46, 25]
[14, 47, 83]
[14, 48, 85]
[14, 49, 87]
[14, 50, 77]
[14, 51, 38]
[14, 52, 75]
[14, 53, 39]
[14, 54, 42]
[14, 55, 30]
[14, 56, 89]
[14, 57, 78]
[14, 58, 90]
[14, 60, 94]
[14, 62, 43]
[14, 64, 99]
[14, 65, 95]
[14, 66, 44]
[14, 71, 45]
[14, 75, 48]
[14, 80, 46]
[14, 82, 50]
[14, 83, 47]
[14, 85, 52]
[14, 86, 56]
[14, 89, 58]
[14, 90, 51]
[14, 91, 63]
[14, 92, 55]
[14, 93, 49]
[14, 95, 60]
[14, 96, 67]
[14, 97, 57]
[14, 100, 62]
[15, 0, 15]
[15, 1, 13]
[15, 2, 16]
[15, 3, 10]
[15, 4, 22]
[15, 5, 18]
[15, 6, 14]
[15, 7, 23]
[15, 8, 3]
[15, 9, 0]
[15, 10, 21]
[15, 11, 1]
[15, 12, 5]
[15, 13, 19]
[15, 14, 34]
[15, 15, 32]
[15, 16, 8]
[15, 17, 17]
[15, 18, 6]
[15, 19, 20]
[15, 20, 25]
[15, 21, 31]
[15, 22, 7]
[15, 23, 2]
[15, 24, 4]
[15, 25, 9]
[15, 26, 29]
[15, 27, 26]
[15, 28, 37]
[15, 29, 12]
[15, 30, 28]
[15, 31, 27]
[15, 32, 36]
[15, 33, 52]
[15, 34, 63]
[15, 35, 11]
[15, 36, 30]
[15, 37, 67]
[15, 38, 40]
[15, 39, 60]
[15, 40, 64]
[15, 41, 38]
[15, 42, 69]
[15, 43, 24]
[15, 44, 33]
[15, 45, 78]
[15, 46, 72]
[15, 47, 70]
[15, 48, 35]
[15, 49, 74]
[15, 50, 89]
[15, 51, 91]
[15, 52, 93]
[15, 53, 84]
[15, 54, 76]
[15, 55, 41]
[15, 56, 88]
[15, 57, 92]
[15, 60, 98]
[15, 61, 43]
[15, 64, 100]
[15, 66, 39]
[15, 67, 95]
[15, 69, 44]
[15, 70, 42]
[15, 76, 45]
[15, 78, 56]
[15, 80, 54]
[15, 81, 51]
[15, 82, 47]
[15, 83, 46]
[15, 84, 61]
[15, 86, 57]
[15, 88, 50]
[15, 89, 49]
[15, 91, 48]
[15, 92, 58]
[15, 94, 55]
[15, 95, 53]
[15, 100, 59]
[16, 0, 16]
[16, 1, 18]
[16, 2, 15]
[16, 3, 21]
[16, 4, 13]
[16, 5, 17]
[16, 6, 20]
[16, 7, 6]
[16, 8, 27]
[16, 9, 1]
[16, 10, 10]
[16, 11, 9]
[16, 12, 22]
[16, 13, 7]
[16, 14, 35]
[16, 15, 30]
[16, 16, 24]
[16, 17, 23]
[16, 18, 29]
[16, 19, 39]
[16, 20, 42]
[16, 21, 44]
[16, 22, 19]
[16, 23, 11]
[16, 24, 14]
[16, 25, 8]
[16, 26, 0]
[16, 27, 2]
[16, 28, 5]
[16, 29, 25]
[16, 30, 3]
[16, 31, 26]
[16, 32, 4]
[16, 33, 38]
[16, 34, 36]
[16, 35, 28]
[16, 36, 40]
[16, 37, 63]
[16, 38, 41]
[16, 39, 67]
[16, 40, 71]
[16, 41, 12]
[16, 42, 33]
[16, 43, 50]
[16, 44, 45]
[16, 45, 80]
[16, 46, 82]
[16, 47, 34]
[16, 48, 72]
[16, 49, 88]
[16, 50, 79]
[16, 51, 32]
[16, 52, 94]
[16, 53, 78]
[16, 54, 43]
[16, 55, 37]
[16, 56, 86]
[16, 57, 98]
[16, 60, 46]
[16, 61, 31]
[16, 62, 47]
[16, 63, 95]
[16, 64, 48]
[16, 66, 93]
[16, 71, 51]
[16, 75, 54]
[16, 79, 55]
[16, 80, 58]
[16, 84, 53]
[16, 89, 57]
[16, 93, 52]
[16, 94, 56]
[16, 95, 59]
[16, 96, 49]
[16, 97, 64]
[16, 99, 62]
[17, 0, 17]
[17, 1, 19]
[17, 2, 14]
[17, 3, 12]
[17, 4, 10]
[17, 5, 16]
[17, 6, 8]
[17, 7, 7]
[17, 8, 21]
[17, 9, 2]
[17, 10, 4]
[17, 11, 3]
[17, 12, 26]
[17, 13, 29]
[17, 14, 22]
[17, 15, 37]
[17, 16, 6]
[17, 17, 15]
[17, 18, 5]
[17, 19, 40]
[17, 20, 9]
[17, 21, 36]
[17, 22, 32]
[17, 23, 18]
[17, 24, 31]
[17, 25, 11]
[17, 26, 27]
[17, 27, 50]
[17, 28, 0]
[17, 29, 13]
[17, 30, 1]
[17, 31, 51]
[17, 32, 60]
[17, 33, 57]
[17, 34, 33]
[17, 35, 38]
[17, 36, 24]
[17, 37, 20]
[17, 38, 43]
[17, 39, 30]
[17, 40, 44]
[17, 41, 23]
[17, 42, 73]
[17, 43, 77]
[17, 44, 41]
[17, 45, 64]
[17, 46, 42]
[17, 47, 25]
[17, 48, 28]
[17, 49, 34]
[17, 50, 90]
[17, 51, 78]
[17, 52, 95]
[17, 53, 83]
[17, 54, 86]
[17, 55, 94]
[17, 56, 98]
[17, 58, 39]
[17, 59, 35]
[17, 60, 93]
[17, 62, 87]
[17, 63, 89]
[17, 68, 97]
[17, 69, 48]
[17, 72, 49]
[17, 77, 52]
[17, 79, 45]
[17, 81, 46]
[17, 82, 55]
[17, 84, 54]
[17, 87, 47]
[17, 88, 62]
[17, 89, 53]
[17, 92, 59]
[17, 95, 63]
[17, 97, 56]
[18, 0, 18]
[18, 1, 16]
[18, 2, 21]
[18, 3, 23]
[18, 4, 20]
[18, 5, 15]
[18, 6, 19]
[18, 7, 24]
[18, 8, 6]
[18, 9, 13]
[18, 10, 1]
[18, 11, 0]
[18, 12, 8]
[18, 13, 25]
[18, 14, 14]
[18, 15, 36]
[18, 16, 9]
[18, 17, 12]
[18, 18, 40]
[18, 19, 27]
[18, 20, 7]
[18, 21, 26]
[18, 22, 45]
[18, 23, 17]
[18, 24, 30]
[18, 25, 3]
[18, 26, 28]
[18, 27, 11]
[18, 28, 4]
[18, 29, 43]
[18, 30, 22]
[18, 31, 5]
[18, 32, 2]
[18, 33, 10]
[18, 34, 31]
[18, 35, 42]
[18, 36, 67]
[18, 37, 46]
[18, 38, 49]
[18, 39, 38]
[18, 40, 73]
[18, 41, 70]
[18, 42, 66]
[18, 43, 29]
[18, 44, 32]
[18, 45, 48]
[18, 46, 78]
[18, 47, 37]
[18, 48, 75]
[18, 49, 50]
[18, 50, 80]
[18, 51, 79]
[18, 52, 33]
[18, 53, 90]
[18, 54, 95]
[18, 55, 35]
[18, 56, 41]
[18, 57, 91]
[18, 58, 93]
[18, 59, 85]
[18, 61, 34]
[18, 62, 44]
[18, 67, 39]
[18, 68, 51]
[18, 69, 94]
[18, 73, 52]
[18, 76, 47]
[18, 84, 59]
[18, 88, 53]
[18, 90, 58]
[18, 93, 54]
[18, 95, 55]
[18, 97, 60]
[18, 99, 63]
[19, 0, 19]
[19, 1, 17]
[19, 2, 20]
[19, 3, 14]
[19, 4, 25]
[19, 5, 11]
[19, 6, 18]
[19, 7, 8]
[19, 8, 7]
[19, 9, 24]
[19, 10, 5]
[19, 11, 28]
[19, 12, 2]
[19, 13, 15]
[19, 14, 36]
[19, 15, 38]
[19, 16, 40]
[19, 17, 21]
[19, 18, 23]
[19, 19, 10]
[19, 20, 13]
[19, 21, 41]
[19, 22, 16]
[19, 23, 6]
[19, 24, 49]
[19, 25, 33]
[19, 26, 26]
[19, 27, 53]
[19, 28, 9]
[19, 29, 1]
[19, 30, 4]
[19, 31, 0]
[19, 32, 35]
[19, 33, 43]
[19, 34, 30]
[19, 35, 3]
[19, 36, 50]
[19, 37, 44]
[19, 38, 70]
[19, 39, 27]
[19, 40, 67]
[19, 41, 72]
[19, 42, 12]
[19, 43, 56]
[19, 44, 22]
[19, 45, 29]
[19, 46, 31]
[19, 47, 39]
[19, 48, 45]
[19, 49, 47]
[19, 50, 83]
[19, 51, 60]
[19, 52, 34]
[19, 53, 32]
[19, 54, 84]
[19, 55, 98]
[19, 56, 85]
[19, 57, 37]
[19, 58, 86]
[19, 59, 46]
[19, 61, 95]
[19, 62, 48]
[19, 63, 52]
[19, 65, 100]
[19, 66, 42]
[19, 76, 51]
[19, 80, 57]
[19, 81, 54]
[19, 91, 62]
[19, 93, 55]
[19, 96, 61]
[19, 99, 66]
[20, 0, 20]
[20, 1, 22]
[20, 2, 19]
[20, 3, 25]
[20, 4, 18]
[20, 5, 21]
[20, 6, 16]
[20, 7, 14]
[20, 8, 26]
[20, 9, 9]
[20, 10, 12]
[20, 11, 30]
[20, 12, 0]
[20, 13, 11]
[20, 14, 37]
[20, 15, 2]
[20, 16, 31]
[20, 17, 29]
[20, 18, 8]
[20, 19, 15]
[20, 20, 44]
[20, 21, 24]
[20, 22, 28]
[20, 23, 48]
[20, 24, 10]
[20, 25, 6]
[20, 26, 35]
[20, 27, 32]
[20, 28, 23]
[20, 29, 33]
[20, 30, 5]
[20, 31, 1]
[20, 32, 3]
[20, 33, 34]
[20, 34, 45]
[20, 35, 4]
[20, 36, 68]
[20, 37, 17]
[20, 38, 46]
[20, 39, 7]
[20, 40, 53]
[20, 41, 71]
[20, 42, 76]
[20, 43, 69]
[20, 44, 38]
[20, 45, 27]
[20, 46, 13]
[20, 47, 36]
[20, 48, 41]
[20, 49, 40]
[20, 50, 42]
[20, 51, 80]
[20, 52, 49]
[20, 53, 52]
[20, 54, 82]
[20, 55, 96]
[20, 56, 39]
[20, 57, 84]
[20, 58, 91]
[20, 59, 90]
[20, 63, 98]
[20, 65, 43]
[20, 66, 50]
[20, 68, 47]
[20, 69, 54]
[20, 78, 51]
[20, 83, 57]
[20, 85, 62]
[20, 87, 63]
[20, 92, 64]
[20, 93, 59]
[20, 96, 55]
[21, 0, 21]
[21, 1, 23]
[21, 2, 18]
[21, 3, 16]
[21, 4, 14]
[21, 5, 20]
[21, 6, 13]
[21, 7, 10]
[21, 8, 17]
[21, 9, 28]
[21, 10, 15]
[21, 11, 29]
[21, 12, 3]
[21, 13, 5]
[21, 14, 31]
[21, 15, 12]
[21, 16, 39]
[21, 17, 19]
[21, 18, 38]
[21, 19, 43]
[21, 20, 8]
[21, 21, 7]
[21, 22, 47]
[21, 23, 35]
[21, 24, 11]
[21, 25, 51]
[21, 26, 37]
[21, 27, 25]
[21, 28, 42]
[21, 29, 22]
[21, 30, 2]
[21, 31, 58]
[21, 32, 33]
[21, 33, 1]
[21, 34, 0]
[21, 35, 6]
[21, 36, 44]
[21, 37, 41]
[21, 38, 66]
[21, 39, 4]
[21, 40, 9]
[21, 41, 36]
[21, 42, 27]
[21, 43, 78]
[21, 44, 76]
[21, 45, 24]
[21, 46, 26]
[21, 47, 30]
[21, 48, 81]
[21, 49, 55]
[21, 50, 34]
[21, 51, 45]
[21, 52, 48]
[21, 53, 53]
[21, 54, 32]
[21, 55, 54]
[21, 56, 46]
[21, 57, 96]
[21, 59, 40]
[21, 60, 49]
[21, 61, 92]
[21, 63, 100]
[21, 65, 94]
[21, 68, 98]
[21, 73, 50]
[21, 74, 56]
[21, 89, 59]
[21, 90, 52]
[21, 91, 65]
[21, 92, 67]
[21, 93, 60]
[21, 94, 70]
[21, 95, 68]
[21, 100, 57]
[22, 0, 22]
[22, 1, 20]
[22, 2, 25]
[22, 3, 27]
[22, 4, 15]
[22, 5, 26]
[22, 6, 23]
[22, 7, 32]
[22, 8, 28]
[22, 9, 35]
[22, 10, 9]
[22, 11, 12]
[22, 12, 16]
[22, 13, 2]
[22, 14, 17]
[22, 15, 29]
[22, 16, 34]
[22, 17, 7]
[22, 18, 13]
[22, 19, 46]
[22, 20, 48]
[22, 21, 14]
[22, 22, 51]
[22, 23, 33]
[22, 24, 54]
[22, 25, 56]
[22, 26, 31]
[22, 27, 10]
[22, 28, 8]
[22, 29, 21]
[22, 30, 18]
[22, 31, 38]
[22, 32, 11]
[22, 33, 41]
[22, 34, 4]
[22, 35, 47]
[22, 36, 0]
[22, 37, 3]
[22, 38, 1]
[22, 39, 6]
[22, 40, 24]
[22, 41, 37]
[22, 42, 58]
[22, 43, 5]
[22, 44, 19]
[22, 45, 39]
[22, 46, 43]
[22, 47, 45]
[22, 48, 57]
[22, 49, 62]
[22, 50, 36]
[22, 51, 66]
[22, 52, 52]
[22, 53, 44]
[22, 54, 30]
[22, 55, 87]
[22, 56, 96]
[22, 57, 42]
[22, 58, 60]
[22, 61, 67]
[22, 62, 40]
[22, 63, 50]
[22, 65, 99]
[22, 67, 100]
[22, 75, 49]
[22, 77, 59]
[22, 80, 61]
[22, 82, 53]
[22, 83, 55]
[22, 86, 63]
[22, 91, 64]
[22, 97, 65]
[23, 0, 23]
[23, 1, 21]
[23, 2, 24]
[23, 3, 18]
[23, 4, 29]
[23, 5, 31]
[23, 6, 22]
[23, 7, 15]
[23, 8, 35]
[23, 9, 26]
[23, 10, 34]
[23, 11, 11]
[23, 12, 33]
[23, 13, 4]
[23, 14, 0]
[23, 15, 10]
[23, 16, 12]
[23, 17, 16]
[23, 18, 19]
[23, 19, 47]
[23, 20, 27]
[23, 21, 39]
[23, 22, 52]
[23, 23, 8]
[23, 24, 43]
[23, 25, 13]
[23, 26, 36]
[23, 27, 9]
[23, 28, 20]
[23, 29, 40]
[23, 30, 59]
[23, 31, 44]
[23, 32, 30]
[23, 33, 42]
[23, 34, 3]
[23, 35, 7]
[23, 36, 6]
[23, 37, 5]
[23, 38, 2]
[23, 39, 14]
[23, 40, 1]
[23, 41, 17]
[23, 42, 25]
[23, 43, 45]
[23, 44, 48]
[23, 45, 32]
[23, 46, 49]
[23, 47, 28]
[23, 48, 60]
[23, 49, 63]
[23, 50, 56]
[23, 51, 90]
[23, 52, 46]
[23, 53, 37]
[23, 54, 96]
[23, 55, 99]
[23, 56, 53]
[23, 57, 50]
[23, 58, 38]
[23, 60, 91]
[23, 61, 51]
[23, 62, 41]
[23, 63, 68]
[23, 64, 97]
[23, 65, 54]
[23, 81, 55]
[23, 88, 66]
[23, 90, 67]
[23, 96, 69]
[23, 98, 61]
[23, 99, 65]
[24, 0, 24]
[24, 1, 26]
[24, 2, 23]
[24, 3, 29]
[24, 4, 31]
[24, 5, 25]
[24, 6, 28]
[24, 7, 18]
[24, 8, 36]
[24, 9, 19]
[24, 10, 33]
[24, 11, 27]
[24, 12, 41]
[24, 13, 6]
[24, 14, 1]
[24, 15, 11]
[24, 16, 16]
[24, 17, 14]
[24, 18, 35]
[24, 19, 38]
[24, 20, 32]
[24, 21, 20]
[24, 22, 10]
[24, 23, 54]
[24, 24, 13]
[24, 25, 39]
[24, 26, 12]
[24, 27, 57]
[24, 28, 46]
[24, 29, 8]
[24, 30, 45]
[24, 31, 40]
[24, 32, 9]
[24, 33, 65]
[24, 34, 7]
[24, 35, 37]
[24, 36, 17]
[24, 37, 2]
[24, 38, 4]
[24, 39, 0]
[24, 40, 22]
[24, 41, 3]
[24, 42, 5]
[24, 43, 15]
[24, 44, 42]
[24, 45, 21]
[24, 46, 50]
[24, 47, 52]
[24, 48, 49]
[24, 49, 43]
[24, 50, 53]
[24, 51, 34]
[24, 52, 47]
[24, 53, 59]
[24, 54, 44]
[24, 55, 100]
[24, 56, 48]
[24, 57, 70]
[24, 58, 66]
[24, 59, 30]
[24, 60, 51]
[24, 61, 68]
[24, 62, 96]
[24, 71, 55]
[24, 75, 60]
[24, 78, 58]
[24, 88, 56]
[24, 91, 69]
[24, 93, 63]
[24, 95, 64]
[24, 96, 71]
[24, 98, 72]
[24, 100, 67]
[25, 0, 25]
[25, 1, 27]
[25, 2, 22]
[25, 3, 20]
[25, 4, 19]
[25, 5, 24]
[25, 6, 33]
[25, 7, 30]
[25, 8, 32]
[25, 9, 31]
[25, 10, 38]
[25, 11, 40]
[25, 12, 9]
[25, 13, 18]
[25, 14, 2]
[25, 15, 5]
[25, 16, 1]
[25, 17, 3]
[25, 18, 28]
[25, 19, 26]
[25, 20, 15]
[25, 21, 42]
[25, 22, 53]
[25, 23, 36]
[25, 24, 56]
[25, 25, 34]
[25, 26, 10]
[25, 27, 21]
[25, 28, 61]
[25, 29, 16]
[25, 30, 46]
[25, 31, 13]
[25, 32, 12]
[25, 33, 8]
[25, 34, 37]
[25, 35, 35]
[25, 36, 48]
[25, 37, 43]
[25, 38, 11]
[25, 39, 41]
[25, 40, 7]
[25, 41, 0]
[25, 42, 23]
[25, 43, 79]
[25, 44, 4]
[25, 45, 6]
[25, 46, 14]
[25, 47, 17]
[25, 48, 59]
[25, 49, 45]
[25, 50, 49]
[25, 51, 44]
[25, 52, 29]
[25, 53, 51]
[25, 54, 55]
[25, 55, 63]
[25, 56, 60]
[25, 57, 71]
[25, 58, 50]
[25, 59, 89]
[25, 60, 78]
[25, 63, 54]
[25, 68, 57]
[25, 75, 39]
[25, 79, 62]
[25, 81, 47]
[25, 86, 65]
[25, 91, 67]
[25, 94, 68]
[25, 95, 52]
[25, 96, 74]
[25, 99, 64]
[26, 0, 26]
[26, 1, 24]
[26, 2, 29]
[26, 3, 31]
[26, 4, 28]
[26, 5, 22]
[26, 6, 27]
[26, 7, 36]
[26, 8, 20]
[26, 9, 23]
[26, 10, 30]
[26, 11, 10]
[26, 12, 17]
[26, 13, 38]
[26, 14, 44]
[26, 15, 4]
[26, 16, 0]
[26, 17, 35]
[26, 18, 14]
[26, 19, 25]
[26, 20, 51]
[26, 21, 18]
[26, 22, 33]
[26, 23, 42]
[26, 24, 57]
[26, 25, 47]
[26, 26, 19]
[26, 27, 15]
[26, 28, 11]
[26, 29, 37]
[26, 30, 40]
[26, 31, 16]
[26, 32, 32]
[26, 33, 46]
[26, 34, 12]
[26, 35, 50]
[26, 36, 39]
[26, 37, 13]
[26, 38, 45]
[26, 39, 3]
[26, 40, 74]
[26, 41, 1]
[26, 42, 7]
[26, 43, 2]
[26, 44, 6]
[26, 45, 8]
[26, 46, 21]
[26, 47, 49]
[26, 48, 5]
[26, 49, 65]
[26, 50, 48]
[26, 51, 9]
[26, 52, 89]
[26, 53, 91]
[26, 54, 58]
[26, 55, 97]
[26, 56, 99]
[26, 57, 43]
[26, 59, 60]
[26, 60, 34]
[26, 61, 52]
[26, 62, 54]
[26, 63, 53]
[26, 64, 59]
[26, 67, 61]
[26, 68, 55]
[26, 70, 79]
[26, 72, 41]
[26, 82, 63]
[26, 84, 64]
[26, 85, 56]
[26, 86, 68]
[26, 88, 67]
[26, 89, 62]
[26, 92, 69]
[26, 100, 66]
[27, 0, 27]
[27, 1, 25]
[27, 2, 28]
[27, 3, 22]
[27, 4, 33]
[27, 5, 30]
[27, 6, 26]
[27, 7, 35]
[27, 8, 16]
[27, 9, 39]
[27, 10, 41]
[27, 11, 24]
[27, 12, 12]
[27, 13, 34]
[27, 14, 8]
[27, 15, 3]
[27, 16, 13]
[27, 17, 2]
[27, 18, 50]
[27, 19, 18]
[27, 20, 23]
[27, 21, 32]
[27, 22, 29]
[27, 23, 10]
[27, 24, 47]
[27, 25, 59]
[27, 26, 17]
[27, 27, 60]
[27, 28, 63]
[27, 29, 38]
[27, 30, 42]
[27, 31, 15]
[27, 32, 14]
[27, 33, 11]
[27, 34, 44]
[27, 35, 31]
[27, 36, 53]
[27, 37, 51]
[27, 38, 5]
[27, 39, 19]
[27, 40, 46]
[27, 41, 77]
[27, 42, 21]
[27, 43, 9]
[27, 44, 0]
[27, 45, 20]
[27, 46, 1]
[27, 47, 4]
[27, 48, 6]
[27, 49, 54]
[27, 50, 72]
[27, 51, 55]
[27, 52, 67]
[27, 53, 7]
[27, 54, 97]
[27, 56, 49]
[27, 57, 58]
[27, 58, 56]
[27, 59, 61]
[27, 60, 36]
[27, 62, 45]
[27, 63, 79]
[27, 64, 37]
[27, 65, 57]
[27, 66, 40]
[27, 67, 62]
[27, 69, 87]
[27, 71, 48]
[27, 74, 64]
[27, 76, 65]
[27, 78, 43]
[27, 80, 52]
[27, 82, 68]
[27, 88, 69]
[27, 97, 66]
[28, 0, 28]
[28, 1, 30]
[28, 2, 27]
[28, 3, 33]
[28, 4, 26]
[28, 5, 29]
[28, 6, 24]
[28, 7, 34]
[28, 8, 22]
[28, 9, 21]
[28, 10, 14]
[28, 11, 19]
[28, 12, 11]
[28, 13, 36]
[28, 14, 45]
[28, 15, 47]
[28, 16, 7]
[28, 17, 0]
[28, 18, 25]
[28, 19, 52]
[28, 20, 4]
[28, 21, 8]
[28, 22, 20]
[28, 23, 12]
[28, 24, 6]
[28, 25, 35]
[28, 26, 18]
[28, 27, 40]
[28, 28, 54]
[28, 29, 65]
[28, 30, 15]
[28, 31, 10]
[28, 32, 43]
[28, 33, 50]
[28, 34, 68]
[28, 35, 16]
[28, 36, 56]
[28, 37, 31]
[28, 38, 44]
[28, 39, 58]
[28, 40, 49]
[28, 41, 41]
[28, 42, 1]
[28, 43, 13]
[28, 44, 2]
[28, 45, 5]
[28, 46, 3]
[28, 47, 23]
[28, 48, 17]
[28, 49, 89]
[28, 50, 51]
[28, 51, 92]
[28, 52, 57]
[28, 53, 46]
[28, 54, 9]
[28, 55, 70]
[28, 56, 100]
[28, 57, 60]
[28, 58, 32]
[28, 59, 75]
[28, 61, 63]
[28, 62, 59]
[28, 64, 42]
[28, 66, 87]
[28, 67, 38]
[28, 68, 48]
[28, 69, 37]
[28, 70, 66]
[28, 71, 61]
[28, 72, 39]
[28, 74, 62]
[28, 76, 71]
[28, 78, 64]
[28, 96, 73]
[28, 97, 72]
[28, 99, 53]
[29, 0, 29]
[29, 1, 31]
[29, 2, 26]
[29, 3, 24]
[29, 4, 23]
[29, 5, 28]
[29, 6, 32]
[29, 7, 38]
[29, 8, 33]
[29, 9, 41]
[29, 10, 43]
[29, 11, 21]
[29, 12, 13]
[29, 13, 17]
[29, 14, 11]
[29, 15, 22]
[29, 16, 3]
[29, 17, 20]
[29, 18, 16]
[29, 19, 53]
[29, 20, 40]
[29, 21, 48]
[29, 22, 27]
[29, 23, 45]
[29, 24, 52]
[29, 25, 60]
[29, 26, 15]
[29, 27, 63]
[29, 28, 10]
[29, 29, 9]
[29, 30, 67]
[29, 31, 39]
[29, 32, 46]
[29, 33, 12]
[29, 34, 34]
[29, 35, 51]
[29, 36, 54]
[29, 37, 49]
[29, 38, 14]
[29, 39, 8]
[29, 40, 30]
[29, 41, 6]
[29, 42, 4]
[29, 43, 18]
[29, 44, 36]
[29, 45, 19]
[29, 46, 61]
[29, 47, 0]
[29, 48, 2]
[29, 49, 1]
[29, 50, 7]
[29, 51, 35]
[29, 52, 25]
[29, 53, 62]
[29, 54, 5]
[29, 55, 66]
[29, 56, 37]
[29, 58, 57]
[29, 59, 50]
[29, 60, 55]
[29, 61, 44]
[29, 62, 68]
[29, 63, 76]
[29, 64, 58]
[29, 65, 82]
[29, 67, 69]
[29, 68, 56]
[29, 71, 64]
[29, 74, 70]
[29, 75, 42]
[29, 84, 47]
[29, 85, 71]
[29, 87, 59]
[29, 88, 73]
[29, 97, 75]
[29, 100, 77]
[30, 0, 30]
[30, 1, 28]
[30, 2, 33]
[30, 3, 35]
[30, 4, 32]
[30, 5, 27]
[30, 6, 31]
[30, 7, 25]
[30, 8, 34]
[30, 9, 38]
[30, 10, 26]
[30, 11, 20]
[30, 12, 36]
[30, 13, 12]
[30, 14, 47]
[30, 15, 16]
[30, 16, 50]
[30, 17, 37]
[30, 18, 2]
[30, 19, 1]
[30, 20, 41]
[30, 21, 4]
[30, 22, 9]
[30, 23, 46]
[30, 24, 18]
[30, 25, 61]
[30, 26, 63]
[30, 27, 13]
[30, 28, 40]
[30, 29, 39]
[30, 30, 43]
[30, 31, 11]
[30, 32, 23]
[30, 33, 68]
[30, 34, 19]
[30, 35, 54]
[30, 36, 15]
[30, 37, 10]
[30, 38, 42]
[30, 39, 17]
[30, 40, 29]
[30, 41, 56]
[30, 42, 59]
[30, 43, 81]
[30, 44, 7]
[30, 45, 51]
[30, 46, 6]
[30, 47, 21]
[30, 48, 48]
[30, 49, 0]
[30, 50, 3]
[30, 51, 58]
[30, 52, 8]
[30, 53, 5]
[30, 54, 22]
[30, 55, 14]
[30, 56, 64]
[30, 57, 45]
[30, 58, 69]
[30, 59, 24]
[30, 60, 53]
[30, 61, 66]
[30, 62, 57]
[30, 63, 77]
[30, 64, 67]
[30, 65, 62]
[30, 68, 44]
[30, 69, 71]
[30, 70, 60]
[30, 72, 70]
[30, 73, 65]
[30, 74, 49]
[30, 75, 52]
[30, 76, 72]
[30, 84, 55]
[30, 92, 73]
[31, 0, 31]
[31, 1, 29]
[31, 2, 32]
[31, 3, 26]
[31, 4, 24]
[31, 5, 23]
[31, 6, 30]
[31, 7, 39]
[31, 8, 41]
[31, 9, 25]
[31, 10, 44]
[31, 11, 36]
[31, 12, 34]
[31, 13, 13]
[31, 14, 21]
[31, 15, 42]
[31, 16, 20]
[31, 17, 4]
[31, 18, 53]
[31, 19, 0]
[31, 20, 5]
[31, 21, 15]
[31, 22, 43]
[31, 23, 49]
[31, 24, 17]
[31, 25, 14]
[31, 26, 22]
[31, 27, 46]
[31, 28, 57]
[31, 29, 66]
[31, 30, 38]
[31, 31, 45]
[31, 32, 70]
[31, 33, 69]
[31, 34, 18]
[31, 35, 27]
[31, 36, 11]
[31, 37, 28]
[31, 38, 50]
[31, 39, 40]
[31, 40, 51]
[31, 41, 80]
[31, 42, 52]
[31, 43, 48]
[31, 44, 12]
[31, 45, 35]
[31, 46, 19]
[31, 47, 8]
[31, 48, 54]
[31, 49, 7]
[31, 50, 6]
[31, 51, 2]
[31, 52, 1]
[31, 53, 3]
[31, 54, 63]
[31, 55, 9]
[31, 56, 33]
[31, 57, 10]
[31, 59, 62]
[31, 60, 58]
[31, 61, 16]
[31, 62, 64]
[31, 63, 78]
[31, 64, 81]
[31, 65, 47]
[31, 66, 61]
[31, 67, 37]
[31, 68, 67]
[31, 69, 82]
[31, 72, 60]
[31, 73, 59]
[31, 74, 71]
[31, 75, 55]
[31, 80, 56]
[31, 82, 65]
[31, 94, 73]
[31, 96, 68]
[32, 0, 32]
[32, 1, 34]
[32, 2, 31]
[32, 3, 37]
[32, 4, 30]
[32, 5, 33]
[32, 6, 29]
[32, 7, 22]
[32, 8, 25]
[32, 9, 36]
[32, 10, 40]
[32, 11, 35]
[32, 12, 43]
[32, 13, 14]
[32, 14, 12]
[32, 15, 15]
[32, 16, 41]
[32, 17, 9]
[32, 18, 3]
[32, 19, 5]
[32, 20, 24]
[32, 21, 27]
[32, 22, 17]
[32, 23, 7]
[32, 24, 45]
[32, 25, 62]
[32, 26, 38]
[32, 27, 20]
[32, 28, 64]
[32, 29, 67]
[32, 30, 13]
[32, 31, 66]
[32, 32, 26]
[32, 33, 72]
[32, 34, 47]
[32, 35, 44]
[32, 36, 76]
[32, 37, 39]
[32, 38, 52]
[32, 39, 80]
[32, 40, 50]
[32, 41, 46]
[32, 42, 53]
[32, 43, 11]
[32, 44, 18]
[32, 45, 23]
[32, 46, 65]
[32, 47, 6]
[32, 48, 10]
[32, 49, 4]
[32, 50, 1]
[32, 51, 16]
[32, 52, 0]
[32, 53, 19]
[32, 54, 21]
[32, 55, 2]
[32, 56, 8]
[32, 57, 100]
[32, 58, 28]
[32, 59, 77]
[32, 60, 68]
[32, 62, 61]
[32, 63, 70]
[32, 64, 54]
[32, 65, 85]
[32, 67, 56]
[32, 68, 49]
[32, 69, 57]
[32, 70, 86]
[32, 71, 58]
[32, 72, 51]
[32, 73, 42]
[32, 74, 96]
[32, 76, 73]
[32, 78, 55]
[32, 79, 75]
[32, 81, 84]
[32, 83, 59]
[32, 87, 78]
[32, 88, 48]
[32, 89, 60]
[32, 91, 71]
[32, 97, 79]
[33, 0, 33]
[33, 1, 35]
[33, 2, 30]
[33, 3, 28]
[33, 4, 27]
[33, 5, 32]
[33, 6, 25]
[33, 7, 37]
[33, 8, 29]
[33, 9, 40]
[33, 10, 24]
[33, 11, 43]
[33, 12, 23]
[33, 13, 39]
[33, 14, 49]
[33, 15, 44]
[33, 16, 36]
[33, 17, 13]
[33, 18, 4]
[33, 19, 7]
[33, 20, 1]
[33, 21, 6]
[33, 22, 26]
[33, 23, 22]
[33, 24, 46]
[33, 25, 19]
[33, 26, 42]
[33, 27, 64]
[33, 28, 41]
[33, 29, 20]
[33, 30, 14]
[33, 31, 69]
[33, 32, 21]
[33, 33, 73]
[33, 34, 17]
[33, 35, 52]
[33, 36, 72]
[33, 37, 78]
[33, 38, 53]
[33, 39, 57]
[33, 40, 79]
[33, 41, 83]
[33, 42, 16]
[33, 43, 55]
[33, 44, 15]
[33, 45, 12]
[33, 46, 38]
[33, 47, 9]
[33, 48, 11]
[33, 49, 5]
[33, 50, 8]
[33, 51, 10]
[33, 52, 18]
[33, 53, 50]
[33, 54, 0]
[33, 55, 61]
[33, 56, 31]
[33, 57, 2]
[33, 58, 59]
[33, 59, 3]
[33, 60, 60]
[33, 61, 71]
[33, 62, 67]
[33, 63, 65]
[33, 64, 88]
[33, 65, 45]
[33, 66, 74]
[33, 68, 66]
[33, 69, 34]
[33, 70, 48]
[33, 71, 80]
[33, 72, 62]
[33, 73, 76]
[33, 74, 51]
[33, 75, 82]
[33, 76, 63]
[33, 77, 70]
[33, 78, 54]
[33, 82, 77]
[33, 83, 56]
[33, 86, 47]
[33, 88, 58]
[33, 89, 68]
[33, 99, 81]
[34, 0, 34]
[34, 1, 32]
[34, 2, 37]
[34, 3, 39]
[34, 4, 36]
[34, 5, 38]
[34, 6, 35]
[34, 7, 28]
[34, 8, 30]
[34, 9, 46]
[34, 10, 23]
[34, 11, 49]
[34, 12, 31]
[34, 13, 27]
[34, 14, 15]
[34, 15, 13]
[34, 16, 22]
[34, 17, 40]
[34, 18, 9]
[34, 19, 3]
[34, 20, 2]
[34, 21, 0]
[34, 22, 5]
[34, 23, 43]
[34, 24, 48]
[34, 25, 25]
[34, 26, 41]
[34, 27, 52]
[34, 28, 55]
[34, 29, 10]
[34, 30, 56]
[34, 31, 59]
[34, 32, 62]
[34, 33, 20]
[34, 34, 29]
[34, 35, 12]
[34, 36, 14]
[34, 37, 53]
[34, 38, 77]
[34, 39, 51]
[34, 40, 80]
[34, 41, 45]
[34, 42, 85]
[34, 43, 42]
[34, 44, 86]
[34, 45, 89]
[34, 46, 87]
[34, 47, 16]
[34, 48, 66]
[34, 49, 17]
[34, 50, 21]
[34, 51, 24]
[34, 52, 19]
[34, 53, 47]
[34, 54, 8]
[34, 55, 11]
[34, 56, 1]
[34, 57, 6]
[34, 58, 4]
[34, 59, 7]
[34, 60, 26]
[34, 61, 18]
[34, 63, 71]
[34, 64, 69]
[34, 65, 74]
[34, 66, 73]
[34, 67, 57]
[34, 68, 70]
[34, 69, 33]
[34, 70, 50]
[34, 71, 63]
[34, 72, 65]
[34, 73, 83]
[34, 74, 44]
[34, 75, 64]
[34, 76, 61]
[34, 77, 88]
[34, 79, 67]
[34, 80, 97]
[34, 81, 78]
[34, 82, 54]
[34, 83, 79]
[34, 84, 58]
[34, 86, 72]
[34, 87, 90]
[34, 98, 60]
[35, 0, 35]
[35, 1, 33]
[35, 2, 36]
[35, 3, 30]
[35, 4, 41]
[35, 5, 43]
[35, 6, 34]
[35, 7, 27]
[35, 8, 23]
[35, 9, 22]
[35, 10, 39]
[35, 11, 32]
[35, 12, 42]
[35, 13, 46]
[35, 14, 16]
[35, 15, 14]
[35, 16, 47]
[35, 17, 26]
[35, 18, 24]
[35, 19, 4]
[35, 20, 56]
[35, 21, 1]
[35, 22, 6]
[35, 23, 21]
[35, 24, 3]
[35, 25, 28]
[35, 26, 20]
[35, 27, 51]
[35, 28, 67]
[35, 29, 11]
[35, 30, 55]
[35, 31, 12]
[35, 32, 19]
[35, 33, 49]
[35, 34, 48]
[35, 35, 25]
[35, 36, 58]
[35, 37, 77]
[35, 38, 13]
[35, 39, 81]
[35, 40, 83]
[35, 41, 53]
[35, 42, 38]
[35, 43, 54]
[35, 44, 62]
[35, 45, 31]
[35, 46, 69]
[35, 47, 57]
[35, 48, 15]
[35, 49, 44]
[35, 50, 5]
[35, 51, 29]
[35, 52, 9]
[35, 53, 2]
[35, 54, 80]
[35, 55, 18]
[35, 56, 10]
[35, 57, 0]
[35, 58, 8]
[35, 59, 17]
[35, 60, 65]
[35, 61, 61]
[35, 62, 7]
[35, 64, 68]
[35, 65, 72]
[35, 66, 85]
[35, 67, 75]
[35, 68, 37]
[35, 69, 52]
[35, 70, 40]
[35, 71, 59]
[35, 72, 89]
[35, 73, 70]
[35, 74, 50]
[35, 75, 66]
[35, 77, 78]
[35, 80, 45]
[35, 81, 73]
[35, 82, 71]
[35, 83, 76]
[35, 89, 63]
[35, 100, 64]
[36, 0, 36]
[36, 1, 38]
[36, 2, 35]
[36, 3, 41]
[36, 4, 34]
[36, 5, 37]
[36, 6, 40]
[36, 7, 26]
[36, 8, 24]
[36, 9, 32]
[36, 10, 45]
[36, 11, 31]
[36, 12, 30]
[36, 13, 28]
[36, 14, 19]
[36, 15, 18]
[36, 16, 33]
[36, 17, 56]
[36, 18, 43]
[36, 19, 8]
[36, 20, 6]
[36, 21, 17]
[36, 22, 0]
[36, 23, 25]
[36, 24, 1]
[36, 25, 49]
[36, 26, 23]
[36, 27, 54]
[36, 28, 59]
[36, 29, 55]
[36, 30, 39]
[36, 31, 60]
[36, 32, 15]
[36, 33, 44]
[36, 34, 16]
[36, 35, 63]
[36, 36, 12]
[36, 37, 50]
[36, 38, 79]
[36, 39, 82]
[36, 40, 14]
[36, 41, 21]
[36, 42, 84]
[36, 43, 64]
[36, 44, 29]
[36, 45, 13]
[36, 46, 68]
[36, 47, 20]
[36, 48, 42]
[36, 49, 93]
[36, 50, 22]
[36, 51, 52]
[36, 52, 58]
[36, 53, 98]
[36, 54, 53]
[36, 55, 3]
[36, 56, 5]
[36, 57, 4]
[36, 58, 2]
[36, 59, 10]
[36, 60, 27]
[36, 61, 11]
[36, 62, 69]
[36, 63, 9]
[36, 64, 7]
[36, 65, 77]
[36, 66, 76]
[36, 67, 46]
[36, 69, 62]
[36, 71, 71]
[36, 72, 80]
[36, 73, 87]
[36, 74, 72]
[36, 77, 67]
[36, 78, 73]
[36, 79, 83]
[36, 81, 65]
[36, 82, 57]
[36, 83, 70]
[36, 84, 75]
[36, 85, 47]
[36, 86, 74]
[36, 87, 51]
[36, 89, 48]
[36, 93, 85]
[36, 95, 61]
[36, 100, 81]
[37, 0, 37]
[37, 1, 39]
[37, 2, 34]
[37, 3, 32]
[37, 4, 40]
[37, 5, 36]
[37, 6, 45]
[37, 7, 33]
[37, 8, 43]
[37, 9, 42]
[37, 10, 50]
[37, 11, 38]
[37, 12, 53]
[37, 13, 41]
[37, 14, 20]
[37, 15, 17]
[37, 16, 46]
[37, 17, 30]
[37, 18, 52]
[37, 19, 11]
[37, 20, 10]
[37, 21, 63]
[37, 22, 2]
[37, 23, 9]
[37, 24, 7]
[37, 25, 4]
[37, 26, 21]
[37, 27, 3]
[37, 28, 15]
[37, 29, 26]
[37, 30, 73]
[37, 31, 47]
[37, 32, 49]
[37, 33, 77]
[37, 34, 25]
[37, 35, 24]
[37, 36, 57]
[37, 37, 14]
[37, 38, 56]
[37, 39, 84]
[37, 40, 62]
[37, 41, 22]
[37, 42, 88]
[37, 43, 66]
[37, 44, 13]
[37, 45, 59]
[37, 46, 12]
[37, 47, 18]
[37, 48, 44]
[37, 49, 64]
[37, 50, 61]
[37, 51, 75]
[37, 52, 55]
[37, 53, 23]
[37, 54, 74]
[37, 55, 16]
[37, 56, 29]
[37, 57, 19]
[37, 58, 68]
[37, 59, 6]
[37, 60, 0]
[37, 61, 5]
[37, 62, 1]
[37, 63, 8]
[37, 64, 27]
[37, 65, 65]
[37, 66, 48]
[37, 67, 31]
[37, 68, 35]
[37, 69, 28]
[37, 70, 82]
[37, 71, 69]
[37, 72, 76]
[37, 73, 78]
[37, 75, 83]
[37, 76, 54]
[37, 77, 96]
[37, 78, 79]
[37, 79, 51]
[37, 80, 87]
[37, 81, 80]
[37, 82, 91]
[37, 84, 72]
[37, 85, 60]
[37, 86, 70]
[37, 88, 81]
[37, 91, 85]
[38, 0, 38]
[38, 1, 36]
[38, 2, 41]
[38, 3, 43]
[38, 4, 45]
[38, 5, 34]
[38, 6, 39]
[38, 7, 29]
[38, 8, 44]
[38, 9, 30]
[38, 10, 25]
[38, 11, 37]
[38, 12, 46]
[38, 13, 26]
[38, 14, 51]
[38, 15, 19]
[38, 16, 58]
[38, 17, 48]
[38, 18, 21]
[38, 19, 24]
[38, 20, 47]
[38, 21, 49]
[38, 22, 3]
[38, 23, 1]
[38, 24, 8]
[38, 25, 2]
[38, 26, 32]
[38, 27, 59]
[38, 28, 71]
[38, 29, 27]
[38, 30, 31]
[38, 31, 22]
[38, 32, 40]
[38, 33, 16]
[38, 34, 79]
[38, 35, 17]
[38, 36, 80]
[38, 37, 55]
[38, 38, 57]
[38, 39, 18]
[38, 40, 56]
[38, 41, 15]
[38, 42, 35]
[38, 43, 63]
[38, 44, 20]
[38, 45, 62]
[38, 46, 33]
[38, 47, 61]
[38, 48, 12]
[38, 49, 73]
[38, 50, 50]
[38, 51, 14]
[38, 52, 64]
[38, 53, 42]
[38, 54, 65]
[38, 55, 7]
[38, 56, 66]
[38, 57, 54]
[38, 58, 23]
[38, 59, 9]
[38, 60, 11]
[38, 61, 4]
[38, 62, 0]
[38, 63, 10]
[38, 64, 5]
[38, 65, 13]
[38, 66, 6]
[38, 67, 28]
[38, 68, 77]
[38, 69, 99]
[38, 72, 68]
[38, 73, 72]
[38, 74, 69]
[38, 77, 84]
[38, 78, 53]
[38, 79, 52]
[38, 80, 60]
[38, 82, 74]
[38, 83, 85]
[38, 84, 70]
[38, 87, 75]
[38, 88, 78]
[38, 91, 76]
[38, 93, 87]
[39, 0, 39]
[39, 1, 37]
[39, 2, 40]
[39, 3, 34]
[39, 4, 46]
[39, 5, 42]
[39, 6, 38]
[39, 7, 31]
[39, 8, 48]
[39, 9, 27]
[39, 10, 35]
[39, 11, 45]
[39, 12, 47]
[39, 13, 33]
[39, 14, 41]
[39, 15, 56]
[39, 16, 21]
[39, 17, 60]
[39, 18, 51]
[39, 19, 16]
[39, 20, 11]
[39, 21, 23]
[39, 22, 66]
[39, 23, 5]
[39, 24, 0]
[39, 25, 24]
[39, 26, 4]
[39, 27, 49]
[39, 28, 58]
[39, 29, 30]
[39, 30, 36]
[39, 31, 29]
[39, 32, 61]
[39, 33, 13]
[39, 34, 80]
[39, 35, 82]
[39, 36, 26]
[39, 37, 32]
[39, 38, 83]
[39, 39, 87]
[39, 40, 89]
[39, 41, 55]
[39, 42, 63]
[39, 43, 62]
[39, 44, 57]
[39, 45, 22]
[39, 46, 96]
[39, 47, 19]
[39, 48, 76]
[39, 49, 100]
[39, 50, 54]
[39, 51, 67]
[39, 52, 69]
[39, 53, 14]
[39, 55, 12]
[39, 56, 20]
[39, 57, 9]
[39, 58, 17]
[39, 59, 43]
[39, 60, 2]
[39, 61, 7]
[39, 62, 3]
[39, 63, 6]
[39, 64, 8]
[39, 65, 1]
[39, 66, 15]
[39, 67, 18]
[39, 68, 78]
[39, 69, 81]
[39, 70, 10]
[39, 71, 74]
[39, 72, 28]
[39, 73, 44]
[39, 74, 53]
[39, 75, 25]
[39, 76, 50]
[39, 77, 77]
[39, 78, 59]
[39, 79, 72]
[39, 80, 95]
[39, 81, 75]
[39, 82, 90]
[39, 83, 68]
[39, 84, 71]
[39, 85, 92]
[39, 86, 97]
[39, 87, 73]
[39, 89, 52]
[39, 90, 79]
[39, 92, 65]
[39, 94, 86]
[39, 96, 64]
[39, 97, 85]
[39, 98, 94]
[39, 100, 70]
[40, 0, 40]
[40, 1, 42]
[40, 2, 39]
[40, 3, 45]
[40, 4, 37]
[40, 5, 41]
[40, 6, 36]
[40, 7, 46]
[40, 8, 51]
[40, 9, 33]
[40, 10, 32]
[40, 11, 25]
[40, 12, 44]
[40, 13, 57]
[40, 14, 43]
[40, 15, 49]
[40, 16, 19]
[40, 17, 34]
[40, 18, 18]
[40, 19, 17]
[40, 20, 29]
[40, 21, 59]
[40, 22, 50]
[40, 23, 4]
[40, 24, 2]
[40, 25, 7]
[40, 26, 5]
[40, 27, 28]
[40, 28, 30]
[40, 29, 23]
[40, 30, 26]
[40, 31, 24]
[40, 32, 38]
[40, 33, 9]
[40, 34, 69]
[40, 35, 53]
[40, 36, 16]
[40, 37, 52]
[40, 38, 15]
[40, 39, 31]
[40, 40, 47]
[40, 41, 14]
[40, 42, 89]
[40, 43, 88]
[40, 44, 56]
[40, 45, 66]
[40, 46, 92]
[40, 47, 63]
[40, 48, 73]
[40, 49, 20]
[40, 50, 70]
[40, 51, 64]
[40, 52, 71]
[40, 53, 79]
[40, 54, 81]
[40, 55, 78]
[40, 56, 61]
[40, 57, 11]
[40, 58, 13]
[40, 59, 21]
[40, 60, 10]
[40, 61, 12]
[40, 62, 22]
[40, 63, 1]
[40, 64, 3]
[40, 65, 0]
[40, 66, 27]
[40, 67, 8]
[40, 68, 99]
[40, 69, 6]
[40, 70, 35]
[40, 71, 54]
[40, 72, 82]
[40, 73, 48]
[40, 75, 86]
[40, 76, 75]
[40, 77, 72]
[40, 80, 77]
[40, 83, 74]
[40, 85, 93]
[40, 86, 58]
[40, 89, 76]
[40, 90, 60]
[40, 92, 80]
[40, 93, 62]
[40, 94, 83]
[40, 95, 85]
[40, 96, 100]
[40, 98, 84]
[40, 99, 55]
[41, 0, 41]
[41, 1, 43]
[41, 2, 38]
[41, 3, 36]
[41, 4, 35]
[41, 5, 40]
[41, 6, 44]
[41, 7, 47]
[41, 8, 31]
[41, 9, 29]
[41, 10, 27]
[41, 11, 48]
[41, 12, 24]
[41, 13, 37]
[41, 14, 39]
[41, 15, 54]
[41, 16, 32]
[41, 17, 46]
[41, 18, 61]
[41, 19, 63]
[41, 20, 30]
[41, 21, 19]
[41, 22, 12]
[41, 23, 55]
[41, 24, 9]
[41, 25, 0]
[41, 26, 34]
[41, 27, 72]
[41, 28, 33]
[41, 29, 56]
[41, 30, 64]
[41, 31, 14]
[41, 32, 78]
[41, 33, 22]
[41, 34, 81]
[41, 35, 65]
[41, 36, 51]
[41, 37, 21]
[41, 38, 16]
[41, 39, 25]
[41, 40, 88]
[41, 41, 28]
[41, 42, 49]
[41, 43, 92]
[41, 44, 17]
[41, 45, 58]
[41, 46, 60]
[41, 47, 69]
[41, 48, 20]
[41, 49, 52]
[41, 50, 71]
[41, 52, 70]
[41, 54, 45]
[41, 55, 15]
[41, 56, 18]
[41, 57, 59]
[41, 58, 77]
[41, 59, 68]
[41, 60, 5]
[41, 61, 57]
[41, 62, 23]
[41, 63, 4]
[41, 65, 7]
[41, 66, 2]
[41, 67, 6]
[41, 68, 1]
[41, 69, 3]
[41, 70, 8]
[41, 71, 11]
[41, 72, 26]
[41, 73, 10]
[41, 76, 82]
[41, 77, 53]
[41, 78, 13]
[41, 79, 42]
[41, 80, 73]
[41, 81, 85]
[41, 82, 62]
[41, 83, 83]
[41, 84, 79]
[41, 85, 86]
[41, 86, 80]
[41, 87, 84]
[41, 90, 89]
[41, 91, 50]
[41, 92, 66]
[41, 94, 75]
[41, 95, 87]
[41, 98, 67]
[42, 0, 42]
[42, 1, 40]
[42, 2, 45]
[42, 3, 47]
[42, 4, 44]
[42, 5, 39]
[42, 6, 43]
[42, 7, 48]
[42, 8, 46]
[42, 9, 37]
[42, 10, 55]
[42, 11, 57]
[42, 12, 35]
[42, 13, 49]
[42, 14, 61]
[42, 15, 31]
[42, 16, 64]
[42, 17, 50]
[42, 18, 67]
[42, 19, 51]
[42, 20, 16]
[42, 21, 25]
[42, 22, 72]
[42, 23, 26]
[42, 24, 5]
[42, 25, 1]
[42, 26, 33]
[42, 27, 6]
[42, 28, 21]
[42, 29, 58]
[42, 30, 27]
[42, 31, 56]
[42, 32, 63]
[42, 33, 23]
[42, 34, 52]
[42, 35, 18]
[42, 36, 87]
[42, 37, 89]
[42, 38, 30]
[42, 39, 69]
[42, 40, 54]
[42, 41, 94]
[42, 42, 77]
[42, 43, 34]
[42, 44, 24]
[42, 45, 71]
[42, 46, 17]
[42, 48, 36]
[42, 49, 68]
[42, 50, 20]
[42, 51, 73]
[42, 52, 60]
[42, 53, 38]
[42, 54, 14]
[42, 55, 75]
[42, 56, 62]
[42, 57, 22]
[42, 58, 53]
[42, 59, 59]
[42, 60, 8]
[42, 61, 10]
[42, 62, 9]
[42, 63, 3]
[42, 64, 28]
[42, 65, 11]
[42, 66, 19]
[42, 67, 4]
[42, 68, 0]
[42, 69, 12]
[42, 70, 15]
[42, 71, 2]
[42, 72, 7]
[42, 73, 32]
[42, 74, 13]
[42, 75, 29]
[42, 76, 86]
[42, 77, 92]
[42, 78, 76]
[42, 79, 41]
[42, 80, 74]
[42, 81, 82]
[42, 82, 81]
[42, 83, 96]
[42, 85, 97]
[42, 86, 91]
[42, 88, 90]
[42, 89, 66]
[42, 90, 99]
[42, 92, 79]
[42, 94, 78]
[42, 95, 84]
[42, 96, 65]
[42, 98, 70]
[43, 0, 43]
[43, 1, 41]
[43, 2, 44]
[43, 3, 38]
[43, 4, 49]
[43, 5, 35]
[43, 6, 42]
[43, 7, 51]
[43, 8, 37]
[43, 9, 48]
[43, 10, 29]
[43, 11, 33]
[43, 12, 32]
[43, 13, 54]
[43, 14, 40]
[43, 15, 52]
[43, 16, 62]
[43, 17, 55]
[43, 18, 36]
[43, 19, 21]
[43, 20, 67]
[43, 21, 69]
[43, 22, 31]
[43, 23, 34]
[43, 24, 23]
[43, 25, 46]
[43, 26, 3]
[43, 27, 1]
[43, 28, 60]
[43, 29, 18]
[43, 30, 30]
[43, 31, 64]
[43, 32, 28]
[43, 33, 19]
[43, 34, 65]
[43, 35, 84]
[43, 36, 70]
[43, 37, 25]
[43, 38, 17]
[43, 39, 53]
[43, 40, 90]
[43, 41, 58]
[43, 42, 93]
[43, 43, 59]
[43, 44, 68]
[43, 45, 97]
[43, 46, 22]
[43, 47, 72]
[43, 49, 24]
[43, 50, 73]
[43, 52, 45]
[43, 53, 66]
[43, 54, 16]
[43, 55, 82]
[43, 56, 71]
[43, 57, 26]
[43, 58, 63]
[43, 59, 39]
[43, 60, 57]
[43, 61, 15]
[43, 62, 14]
[43, 63, 7]
[43, 64, 47]
[43, 65, 20]
[43, 66, 56]
[43, 67, 79]
[43, 68, 6]
[43, 69, 2]
[43, 70, 0]
[43, 71, 8]
[43, 72, 4]
[43, 73, 9]
[43, 74, 5]
[43, 75, 76]
[43, 76, 10]
[43, 77, 12]
[43, 78, 27]
[43, 79, 85]
[43, 80, 88]
[43, 82, 11]
[43, 84, 87]
[43, 85, 13]
[43, 86, 96]
[43, 87, 50]
[43, 88, 61]
[43, 89, 80]
[43, 90, 94]
[43, 91, 89]
[43, 92, 86]
[43, 93, 75]
[43, 96, 83]
[43, 97, 78]
[44, 0, 44]
[44, 1, 46]
[44, 2, 43]
[44, 3, 49]
[44, 4, 42]
[44, 5, 45]
[44, 6, 41]
[44, 7, 50]
[44, 8, 38]
[44, 9, 56]
[44, 10, 31]
[44, 11, 53]
[44, 12, 40]
[44, 13, 47]
[44, 14, 26]
[44, 15, 33]
[44, 16, 55]
[44, 17, 54]
[44, 18, 68]
[44, 19, 67]
[44, 20, 20]
[44, 21, 16]
[44, 22, 71]
[44, 23, 59]
[44, 24, 12]
[44, 25, 5]
[44, 26, 1]
[44, 27, 0]
[44, 28, 7]
[44, 29, 62]
[44, 30, 6]
[44, 31, 23]
[44, 32, 48]
[44, 33, 36]
[44, 34, 27]
[44, 35, 32]
[44, 36, 21]
[44, 37, 19]
[44, 38, 28]
[44, 39, 66]
[44, 40, 17]
[44, 41, 73]
[44, 42, 51]
[44, 43, 95]
[44, 44, 64]
[44, 45, 96]
[44, 46, 99]
[44, 48, 37]
[44, 49, 35]
[44, 50, 74]
[44, 51, 25]
[44, 52, 81]
[44, 53, 22]
[44, 54, 24]
[44, 55, 77]
[44, 56, 69]
[44, 57, 76]
[44, 58, 83]
[44, 59, 58]
[44, 60, 86]
[44, 61, 29]
[44, 62, 18]
[44, 63, 13]
[44, 64, 65]
[44, 65, 8]
[44, 66, 14]
[44, 67, 9]
[44, 68, 30]
[44, 69, 15]
[44, 70, 4]
[44, 71, 3]
[44, 72, 2]
[44, 73, 39]
[44, 74, 34]
[44, 75, 11]
[44, 76, 87]
[44, 77, 75]
[44, 78, 72]
[44, 79, 10]
[44, 80, 84]
[44, 82, 60]
[44, 83, 88]
[44, 84, 90]
[44, 86, 94]
[44, 87, 89]
[44, 88, 98]
[44, 90, 61]
[44, 91, 52]
[44, 92, 57]
[44, 94, 85]
[44, 95, 82]
[44, 96, 79]
[45, 0, 45]
[45, 1, 47]
[45, 2, 42]
[45, 3, 40]
[45, 4, 38]
[45, 5, 44]
[45, 6, 37]
[45, 7, 49]
[45, 8, 52]
[45, 9, 50]
[45, 10, 36]
[45, 11, 39]
[45, 12, 55]
[45, 13, 60]
[45, 14, 28]
[45, 15, 63]
[45, 16, 48]
[45, 17, 53]
[45, 18, 56]
[45, 19, 70]
[45, 20, 69]
[45, 21, 54]
[45, 22, 18]
[45, 23, 29]
[45, 24, 32]
[45, 25, 77]
[45, 26, 7]
[45, 27, 4]
[45, 28, 2]
[45, 29, 59]
[45, 30, 24]
[45, 31, 31]
[45, 32, 82]
[45, 33, 86]
[45, 34, 20]
[45, 35, 13]
[45, 36, 71]
[45, 37, 91]
[45, 38, 26]
[45, 39, 68]
[45, 40, 95]
[45, 41, 34]
[45, 42, 98]
[45, 43, 23]
[45, 44, 16]
[45, 47, 22]
[45, 48, 19]
[45, 49, 25]
[45, 51, 21]
[45, 52, 43]
[45, 53, 72]
[45, 54, 41]
[45, 55, 73]
[45, 56, 76]
[45, 57, 30]
[45, 58, 74]
[45, 59, 80]
[45, 60, 62]
[45, 61, 46]
[45, 62, 27]
[45, 63, 61]
[45, 64, 75]
[45, 65, 33]
[45, 66, 83]
[45, 67, 64]
[45, 68, 93]
[45, 69, 1]
[45, 70, 3]
[45, 71, 14]
[45, 72, 6]
[45, 73, 0]
[45, 74, 9]
[45, 75, 5]
[45, 76, 15]
[45, 77, 8]
[45, 79, 17]
[45, 80, 35]
[45, 81, 10]
[45, 82, 92]
[45, 83, 11]
[45, 84, 96]
[45, 85, 94]
[45, 86, 12]
[45, 89, 51]
[45, 92, 84]
[45, 93, 97]
[45, 94, 99]
[45, 96, 57]
[45, 98, 81]
[45, 99, 89]
[46, 0, 46]
[46, 1, 44]
[46, 2, 49]
[46, 3, 51]
[46, 4, 39]
[46, 5, 50]
[46, 6, 47]
[46, 7, 40]
[46, 8, 42]
[46, 9, 34]
[46, 10, 52]
[46, 11, 55]
[46, 12, 38]
[46, 13, 35]
[46, 14, 53]
[46, 15, 64]
[46, 16, 37]
[46, 17, 41]
[46, 18, 58]
[46, 19, 22]
[46, 20, 57]
[46, 21, 71]
[46, 22, 60]
[46, 23, 30]
[46, 24, 33]
[46, 25, 43]
[46, 26, 6]
[46, 27, 31]
[46, 28, 24]
[46, 29, 7]
[46, 30, 25]
[46, 31, 8]
[46, 32, 29]
[46, 33, 26]
[46, 34, 62]
[46, 35, 66]
[46, 36, 88]
[46, 37, 18]
[46, 38, 20]
[46, 39, 59]
[46, 40, 27]
[46, 41, 32]
[46, 42, 74]
[46, 43, 94]
[46, 44, 67]
[46, 45, 61]
[46, 46, 100]
[46, 48, 63]
[46, 49, 76]
[46, 52, 23]
[46, 53, 28]
[46, 54, 48]
[46, 55, 68]
[46, 56, 21]
[46, 57, 87]
[46, 59, 19]
[46, 60, 16]
[46, 61, 45]
[46, 62, 79]
[46, 63, 92]
[46, 65, 73]
[46, 66, 78]
[46, 67, 36]
[46, 68, 10]
[46, 69, 13]
[46, 70, 11]
[46, 71, 56]
[46, 72, 12]
[46, 73, 2]
[46, 75, 0]
[46, 76, 3]
[46, 77, 1]
[46, 78, 4]
[46, 79, 9]
[46, 80, 14]
[46, 81, 17]
[46, 82, 5]
[46, 83, 15]
[46, 84, 89]
[46, 85, 99]
[46, 86, 84]
[46, 87, 93]
[46, 89, 77]
[46, 91, 81]
[46, 92, 91]
[46, 93, 65]
[46, 94, 96]
[46, 95, 69]
[46, 96, 54]
[46, 98, 90]
[46, 99, 85]
[47, 0, 47]
[47, 1, 45]
[47, 2, 48]
[47, 3, 42]
[47, 4, 53]
[47, 5, 55]
[47, 6, 46]
[47, 7, 41]
[47, 8, 50]
[47, 9, 52]
[47, 10, 51]
[47, 11, 56]
[47, 12, 39]
[47, 13, 44]
[47, 14, 30]
[47, 15, 28]
[47, 16, 35]
[47, 17, 68]
[47, 18, 66]
[47, 19, 23]
[47, 20, 38]
[47, 21, 73]
[47, 22, 21]
[47, 23, 58]
[47, 24, 27]
[47, 25, 26]
[47, 26, 8]
[47, 27, 5]
[47, 28, 1]
[47, 29, 0]
[47, 30, 60]
[47, 31, 37]
[47, 32, 69]
[47, 33, 71]
[47, 34, 32]
[47, 35, 22]
[47, 36, 89]
[47, 37, 70]
[47, 38, 63]
[47, 39, 75]
[47, 40, 40]
[47, 41, 61]
[47, 42, 96]
[47, 43, 98]
[47, 48, 77]
[47, 49, 19]
[47, 50, 67]
[47, 51, 65]
[47, 52, 24]
[47, 53, 34]
[47, 55, 64]
[47, 56, 79]
[47, 57, 72]
[47, 58, 49]
[47, 59, 81]
[47, 60, 84]
[47, 61, 87]
[47, 62, 16]
[47, 64, 43]
[47, 65, 31]
[47, 67, 74]
[47, 68, 20]
[47, 69, 9]
[47, 70, 7]
[47, 71, 82]
[47, 72, 13]
[47, 73, 11]
[47, 74, 10]
[47, 75, 4]
[47, 76, 18]
[47, 77, 2]
[47, 78, 6]
[47, 79, 3]
[47, 80, 12]
[47, 81, 25]
[47, 82, 15]
[47, 83, 14]
[47, 84, 29]
[47, 85, 36]
[47, 86, 33]
[47, 87, 17]
[47, 88, 80]
[47, 89, 86]
[47, 90, 59]
[47, 91, 93]
[47, 92, 78]
[47, 93, 83]
[47, 94, 54]
[47, 95, 91]
[47, 98, 92]
[47, 99, 88]
[48, 0, 48]
[48, 1, 50]
[48, 2, 47]
[48, 3, 53]
[48, 4, 55]
[48, 5, 49]
[48, 6, 52]
[48, 7, 42]
[48, 8, 39]
[48, 9, 43]
[48, 10, 57]
[48, 11, 41]
[48, 12, 64]
[48, 13, 66]
[48, 14, 56]
[48, 15, 69]
[48, 16, 45]
[48, 17, 38]
[48, 18, 73]
[48, 19, 58]
[48, 20, 22]
[48, 21, 29]
[48, 22, 62]
[48, 23, 20]
[48, 24, 34]
[48, 25, 81]
[48, 26, 11]
[48, 27, 65]
[48, 28, 3]
[48, 29, 6]
[48, 30, 8]
[48, 31, 63]
[48, 32, 44]
[48, 33, 5]
[48, 34, 35]
[48, 35, 68]
[48, 36, 25]
[48, 37, 74]
[48, 38, 54]
[48, 39, 96]
[48, 40, 98]
[48, 41, 60]
[48, 42, 78]
[48, 43, 31]
[48, 44, 23]
[48, 45, 18]
[48, 46, 89]
[48, 47, 51]
[48, 48, 30]
[48, 49, 90]
[48, 50, 26]
[48, 52, 21]
[48, 53, 71]
[48, 54, 46]
[48, 55, 83]
[48, 56, 24]
[48, 57, 77]
[48, 58, 82]
[48, 59, 84]
[48, 61, 88]
[48, 62, 19]
[48, 64, 16]
[48, 65, 87]
[48, 66, 37]
[48, 67, 67]
[48, 68, 28]
[48, 69, 17]
[48, 70, 33]
[48, 71, 27]
[48, 72, 59]
[48, 73, 40]
[48, 74, 79]
[48, 75, 14]
[48, 76, 1]
[48, 77, 7]
[48, 78, 0]
[48, 79, 2]
[48, 80, 9]
[48, 81, 92]
[48, 82, 10]
[48, 83, 4]
[48, 84, 93]
[48, 85, 12]
[48, 86, 100]
[48, 87, 13]
[48, 88, 32]
[48, 89, 36]
[48, 91, 15]
[48, 92, 99]
[48, 93, 86]
[48, 96, 70]
[48, 97, 80]
[48, 100, 91]
[49, 0, 49]
[49, 1, 51]
[49, 2, 46]
[49, 3, 44]
[49, 4, 43]
[49, 5, 48]
[49, 6, 57]
[49, 7, 45]
[49, 8, 55]
[49, 9, 54]
[49, 10, 56]
[49, 11, 34]
[49, 12, 60]
[49, 13, 42]
[49, 14, 33]
[49, 15, 40]
[49, 16, 68]
[49, 17, 59]
[49, 18, 71]
[49, 19, 50]
[49, 20, 74]
[49, 21, 38]
[49, 22, 58]
[49, 23, 31]
[49, 24, 19]
[49, 25, 36]
[49, 26, 66]
[49, 27, 39]
[49, 28, 6]
[49, 29, 2]
[49, 30, 0]
[49, 31, 3]
[49, 32, 37]
[49, 33, 35]
[49, 34, 64]
[49, 35, 61]
[49, 36, 73]
[49, 37, 29]
[49, 38, 18]
[49, 39, 94]
[49, 40, 28]
[49, 41, 76]
[49, 42, 41]
[49, 43, 53]
[49, 44, 65]
[49, 45, 69]
[49, 46, 23]
[49, 47, 26]
[49, 48, 24]
[49, 50, 25]
[49, 52, 20]
[49, 56, 27]
[49, 57, 79]
[49, 58, 47]
[49, 59, 52]
[49, 60, 21]
[49, 61, 89]
[49, 62, 80]
[49, 63, 67]
[49, 64, 77]
[49, 65, 63]
[49, 66, 82]
[49, 67, 87]
[49, 68, 32]
[49, 69, 72]
[49, 70, 70]
[49, 71, 98]
[49, 72, 17]
[49, 73, 13]
[49, 74, 30]
[49, 75, 22]
[49, 76, 4]
[49, 77, 9]
[49, 78, 1]
[49, 79, 8]
[49, 80, 7]
[49, 81, 11]
[49, 82, 97]
[49, 83, 5]
[49, 84, 85]
[49, 85, 81]
[49, 86, 10]
[49, 87, 12]
[49, 89, 15]
[49, 93, 14]
[49, 96, 16]
[49, 97, 84]
[49, 98, 88]
[49, 99, 83]
[49, 100, 86]
[50, 0, 50]
[50, 1, 48]
[50, 2, 53]
[50, 3, 55]
[50, 4, 52]
[50, 5, 46]
[50, 6, 51]
[50, 7, 44]
[50, 8, 47]
[50, 9, 45]
[50, 10, 37]
[50, 11, 54]
[50, 12, 56]
[50, 13, 59]
[50, 14, 63]
[50, 15, 70]
[50, 16, 30]
[50, 17, 42]
[50, 18, 27]
[50, 19, 49]
[50, 20, 60]
[50, 21, 77]
[50, 22, 40]
[50, 23, 65]
[50, 24, 78]
[50, 25, 57]
[50, 26, 79]
[50, 27, 17]
[50, 28, 12]
[50, 29, 3]
[50, 30, 7]
[50, 31, 2]
[50, 32, 66]
[50, 33, 28]
[50, 34, 10]
[50, 35, 26]
[50, 36, 19]
[50, 37, 36]
[50, 38, 31]
[50, 39, 72]
[50, 40, 32]
[50, 41, 64]
[50, 42, 80]
[50, 43, 16]
[50, 46, 24]
[50, 48, 68]
[50, 49, 18]
[50, 50, 38]
[50, 52, 74]
[50, 53, 33]
[50, 54, 71]
[50, 55, 81]
[50, 56, 75]
[50, 57, 23]
[50, 58, 25]
[50, 59, 29]
[50, 60, 76]
[50, 61, 82]
[50, 62, 86]
[50, 63, 22]
[50, 64, 61]
[50, 65, 69]
[50, 66, 20]
[50, 68, 73]
[50, 69, 58]
[50, 70, 34]
[50, 71, 99]
[50, 72, 83]
[50, 73, 21]
[50, 74, 35]
[50, 75, 85]
[50, 76, 39]
[50, 77, 89]
[50, 78, 11]
[50, 79, 5]
[50, 80, 1]
[50, 81, 0]
[50, 82, 14]
[50, 83, 6]
[50, 84, 4]
[50, 85, 9]
[50, 86, 8]
[50, 87, 43]
[50, 88, 15]
[50, 89, 92]
[50, 90, 91]
[50, 91, 41]
[50, 92, 98]
[50, 94, 62]
[50, 95, 13]
[50, 96, 96]
[50, 99, 97]
[50, 100, 94]
[51, 0, 51]
[51, 1, 49]
[51, 2, 52]
[51, 3, 46]
[51, 4, 57]
[51, 5, 54]
[51, 6, 50]
[51, 7, 43]
[51, 8, 40]
[51, 9, 61]
[51, 10, 47]
[51, 11, 58]
[51, 12, 66]
[51, 13, 68]
[51, 14, 38]
[51, 15, 55]
[51, 16, 72]
[51, 17, 62]
[51, 18, 39]
[51, 19, 42]
[51, 20, 26]
[51, 21, 56]
[51, 22, 22]
[51, 23, 64]
[51, 24, 63]
[51, 25, 21]
[51, 26, 83]
[51, 27, 35]
[51, 28, 70]
[51, 29, 4]
[51, 30, 9]
[51, 31, 17]
[51, 32, 8]
[51, 33, 2]
[51, 34, 5]
[51, 35, 29]
[51, 36, 41]
[51, 37, 27]
[51, 38, 60]
[51, 39, 34]
[51, 40, 31]
[51, 41, 79]
[51, 42, 44]
[51, 43, 89]
[51, 45, 30]
[51, 47, 48]
[51, 48, 65]
[51, 49, 78]
[51, 50, 28]
[51, 51, 76]
[51, 52, 80]
[51, 53, 25]
[51, 54, 73]
[51, 55, 85]
[51, 57, 88]
[51, 58, 84]
[51, 59, 86]
[51, 60, 24]
[51, 61, 23]
[51, 62, 95]
[51, 63, 97]
[51, 64, 53]
[51, 66, 81]
[51, 68, 18]
[51, 70, 69]
[51, 71, 16]
[51, 72, 32]
[51, 73, 12]
[51, 74, 33]
[51, 75, 10]
[51, 76, 19]
[51, 77, 87]
[51, 78, 20]
[51, 79, 37]
[51, 80, 13]
[51, 81, 15]
[51, 82, 3]
[51, 83, 0]
[51, 84, 11]
[51, 85, 1]
[51, 86, 6]
[51, 87, 36]
[51, 88, 7]
[51, 89, 45]
[51, 90, 14]
[51, 91, 98]
[51, 92, 90]
[51, 93, 67]
[51, 100, 92]
[52, 0, 52]
[52, 1, 54]
[52, 2, 51]
[52, 3, 57]
[52, 4, 50]
[52, 5, 53]
[52, 6, 48]
[52, 7, 58]
[52, 8, 45]
[52, 9, 47]
[52, 10, 46]
[52, 11, 61]
[52, 12, 67]
[52, 13, 69]
[52, 14, 55]
[52, 15, 43]
[52, 16, 59]
[52, 17, 74]
[52, 18, 37]
[52, 19, 28]
[52, 20, 64]
[52, 21, 66]
[52, 22, 23]
[52, 23, 63]
[52, 24, 29]
[52, 25, 72]
[52, 26, 84]
[52, 27, 34]
[52, 28, 62]
[52, 29, 5]
[52, 30, 10]
[52, 31, 4]
[52, 32, 0]
[52, 33, 15]
[52, 34, 42]
[52, 35, 33]
[52, 36, 8]
[52, 37, 40]
[52, 38, 32]
[52, 39, 78]
[52, 40, 75]
[52, 41, 100]
[52, 42, 31]
[52, 43, 60]
[52, 45, 56]
[52, 46, 79]
[52, 47, 24]
[52, 48, 70]
[52, 49, 41]
[52, 50, 65]
[52, 51, 36]
[52, 52, 22]
[52, 53, 20]
[52, 54, 83]
[52, 56, 80]
[52, 57, 89]
[52, 58, 85]
[52, 59, 49]
[52, 60, 90]
[52, 61, 26]
[52, 62, 88]
[52, 63, 19]
[52, 64, 95]
[52, 65, 86]
[52, 67, 92]
[52, 68, 91]
[52, 69, 35]
[52, 71, 77]
[52, 73, 18]
[52, 75, 30]
[52, 76, 12]
[52, 77, 17]
[52, 78, 82]
[52, 79, 38]
[52, 80, 27]
[52, 81, 3]
[52, 82, 6]
[52, 83, 9]
[52, 84, 2]
[52, 85, 14]
[52, 86, 7]
[52, 87, 1]
[52, 88, 13]
[52, 89, 39]
[52, 90, 21]
[52, 91, 44]
[52, 92, 11]
[52, 93, 16]
[52, 95, 25]
[52, 97, 68]
[52, 98, 76]
[52, 99, 99]
[53, 0, 53]
[53, 1, 55]
[53, 2, 50]
[53, 3, 48]
[53, 4, 47]
[53, 5, 52]
[53, 6, 56]
[53, 7, 59]
[53, 8, 57]
[53, 9, 64]
[53, 10, 66]
[53, 11, 44]
[53, 12, 37]
[53, 13, 70]
[53, 14, 46]
[53, 15, 61]
[53, 16, 67]
[53, 17, 45]
[53, 18, 31]
[53, 19, 29]
[53, 20, 78]
[53, 21, 58]
[53, 22, 25]
[53, 23, 62]
[53, 24, 65]
[53, 25, 63]
[53, 26, 60]
[53, 27, 19]
[53, 28, 68]
[53, 29, 14]
[53, 30, 11]
[53, 31, 7]
[53, 32, 1]
[53, 33, 4]
[53, 34, 9]
[53, 35, 40]
[53, 36, 27]
[53, 37, 34]
[53, 38, 33]
[53, 39, 43]
[53, 40, 20]
[53, 41, 35]
[53, 42, 32]
[53, 43, 49]
[53, 44, 80]
[53, 45, 87]
[53, 46, 90]
[53, 47, 71]
[53, 48, 83]
[53, 50, 24]
[53, 52, 79]
[53, 53, 21]
[53, 54, 36]
[53, 56, 23]
[53, 58, 42]
[53, 59, 76]
[53, 60, 30]
[53, 61, 77]
[53, 62, 91]
[53, 63, 26]
[53, 64, 51]
[53, 65, 88]
[53, 66, 54]
[53, 67, 89]
[53, 68, 75]
[53, 69, 69]
[53, 70, 96]
[53, 72, 74]
[53, 73, 81]
[53, 74, 39]
[53, 75, 13]
[53, 76, 97]
[53, 77, 41]
[53, 78, 38]
[53, 79, 94]
[53, 80, 5]
[53, 81, 12]
[53, 82, 22]
[53, 84, 16]
[53, 85, 6]
[53, 86, 0]
[53, 87, 2]
[53, 88, 18]
[53, 89, 17]
[53, 90, 3]
[53, 91, 8]
[53, 92, 10]
[53, 94, 72]
[53, 95, 15]
[53, 96, 95]
[53, 99, 28]
[53, 100, 73]
[54, 0, 54]
[54, 1, 52]
[54, 2, 57]
[54, 3, 59]
[54, 4, 56]
[54, 5, 51]
[54, 6, 55]
[54, 7, 64]
[54, 8, 58]
[54, 9, 49]
[54, 10, 63]
[54, 11, 50]
[54, 12, 70]
[54, 13, 43]
[54, 14, 62]
[54, 15, 41]
[54, 16, 75]
[54, 17, 44]
[54, 18, 65]
[54, 19, 79]
[54, 20, 81]
[54, 21, 45]
[54, 22, 84]
[54, 23, 24]
[54, 24, 22]
[54, 25, 67]
[54, 26, 69]
[54, 27, 36]
[54, 28, 28]
[54, 29, 60]
[54, 30, 12]
[54, 31, 6]
[54, 32, 5]
[54, 33, 0]
[54, 34, 8]
[54, 35, 30]
[54, 36, 29]
[54, 37, 71]
[54, 38, 48]
[54, 39, 74]
[54, 40, 42]
[54, 41, 11]
[54, 42, 14]
[54, 43, 35]
[54, 44, 66]
[54, 45, 82]
[54, 47, 68]
[54, 48, 31]
[54, 49, 27]
[54, 50, 39]
[54, 51, 95]
[54, 52, 77]
[54, 54, 99]
[54, 55, 21]
[54, 57, 38]
[54, 59, 87]
[54, 60, 89]
[54, 61, 76]
[54, 62, 26]
[54, 63, 25]
[54, 64, 32]
[54, 65, 23]
[54, 66, 53]
[54, 67, 90]
[54, 68, 85]
[54, 69, 20]
[54, 70, 88]
[54, 71, 40]
[54, 73, 93]
[54, 75, 16]
[54, 76, 37]
[54, 77, 61]
[54, 78, 33]
[54, 79, 86]
[54, 80, 15]
[54, 81, 19]
[54, 82, 34]
[54, 83, 10]
[54, 84, 17]
[54, 85, 91]
[54, 86, 1]
[54, 87, 3]
[54, 88, 92]
[54, 89, 2]
[54, 90, 4]
[54, 91, 9]
[54, 92, 13]
[54, 93, 18]
[54, 94, 47]
[54, 95, 7]
[54, 96, 46]
[54, 97, 100]
[54, 99, 96]
[55, 0, 55]
[55, 1, 53]
[55, 2, 56]
[55, 3, 50]
[55, 4, 48]
[55, 5, 47]
[55, 6, 54]
[55, 7, 60]
[55, 8, 49]
[55, 9, 65]
[55, 10, 42]
[55, 11, 46]
[55, 12, 45]
[55, 13, 58]
[55, 14, 52]
[55, 15, 51]
[55, 16, 44]
[55, 17, 43]
[55, 18, 57]
[55, 19, 69]
[55, 20, 63]
[55, 21, 67]
[55, 22, 59]
[55, 23, 41]
[55, 24, 75]
[55, 25, 74]
[55, 26, 85]
[55, 27, 84]
[55, 28, 34]
[55, 29, 36]
[55, 30, 35]
[55, 31, 9]
[55, 32, 90]
[55, 33, 3]
[55, 34, 2]
[55, 35, 1]
[55, 36, 10]
[55, 37, 38]
[55, 38, 78]
[55, 39, 12]
[55, 40, 100]
[55, 41, 39]
[55, 42, 61]
[55, 43, 33]
[55, 45, 68]
[55, 46, 62]
[55, 49, 21]
[55, 51, 27]
[55, 52, 37]
[55, 54, 25]
[55, 57, 81]
[55, 58, 92]
[55, 59, 79]
[55, 60, 29]
[55, 61, 86]
[55, 62, 89]
[55, 63, 80]
[55, 64, 66]
[55, 65, 96]
[55, 67, 70]
[55, 68, 26]
[55, 69, 98]
[55, 70, 91]
[55, 71, 24]
[55, 73, 95]
[55, 74, 88]
[55, 75, 31]
[55, 78, 32]
[55, 79, 16]
[55, 80, 71]
[55, 81, 23]
[55, 82, 17]
[55, 83, 22]
[55, 84, 30]
[55, 85, 4]
[55, 87, 7]
[55, 88, 5]
[55, 89, 0]
[55, 90, 8]
[55, 91, 6]
[55, 92, 14]
[55, 93, 19]
[55, 94, 15]
[55, 95, 18]
[55, 96, 20]
[55, 97, 11]
[55, 99, 40]
[56, 0, 56]
[56, 1, 58]
[56, 2, 55]
[56, 3, 61]
[56, 4, 54]
[56, 5, 57]
[56, 6, 53]
[56, 7, 62]
[56, 8, 67]
[56, 9, 44]
[56, 10, 49]
[56, 11, 47]
[56, 12, 50]
[56, 13, 73]
[56, 14, 48]
[56, 15, 39]
[56, 16, 60]
[56, 17, 36]
[56, 18, 45]
[56, 19, 64]
[56, 20, 35]
[56, 21, 51]
[56, 22, 65]
[56, 23, 71]
[56, 24, 25]
[56, 25, 22]
[56, 26, 59]
[56, 27, 76]
[56, 28, 74]
[56, 29, 41]
[56, 30, 34]
[56, 31, 42]
[56, 32, 6]
[56, 33, 84]
[56, 34, 1]
[56, 35, 5]
[56, 36, 28]
[56, 37, 69]
[56, 38, 37]
[56, 39, 11]
[56, 40, 38]
[56, 41, 30]
[56, 42, 79]
[56, 43, 19]
[56, 44, 40]
[56, 45, 52]
[56, 46, 86]
[56, 47, 88]
[56, 49, 77]
[56, 50, 23]
[56, 51, 93]
[56, 52, 72]
[56, 53, 75]
[56, 54, 85]
[56, 55, 80]
[56, 57, 83]
[56, 58, 27]
[56, 61, 90]
[56, 64, 87]
[56, 66, 43]
[56, 67, 32]
[56, 68, 29]
[56, 71, 46]
[56, 73, 63]
[56, 74, 21]
[56, 75, 78]
[56, 76, 94]
[56, 78, 15]
[56, 79, 89]
[56, 80, 31]
[56, 81, 68]
[56, 82, 95]
[56, 83, 33]
[56, 84, 10]
[56, 85, 26]
[56, 86, 14]
[56, 87, 4]
[56, 88, 24]
[56, 89, 7]
[56, 90, 9]
[56, 91, 0]
[56, 92, 2]
[56, 93, 8]
[56, 94, 16]
[56, 95, 3]
[56, 96, 12]
[56, 97, 17]
[56, 99, 13]
[56, 100, 100]
[57, 0, 57]
[57, 1, 59]
[57, 2, 54]
[57, 3, 52]
[57, 4, 51]
[57, 5, 56]
[57, 6, 49]
[57, 7, 61]
[57, 8, 53]
[57, 9, 69]
[57, 10, 48]
[57, 11, 42]
[57, 12, 65]
[57, 13, 40]
[57, 14, 60]
[57, 15, 71]
[57, 16, 77]
[57, 17, 76]
[57, 18, 55]
[57, 19, 81]
[57, 20, 46]
[57, 21, 84]
[57, 22, 86]
[57, 23, 73]
[57, 24, 26]
[57, 25, 50]
[57, 26, 67]
[57, 27, 24]
[57, 28, 31]
[57, 29, 94]
[57, 30, 78]
[57, 31, 75]
[57, 32, 7]
[57, 33, 17]
[57, 34, 13]
[57, 35, 0]
[57, 36, 37]
[57, 37, 9]
[57, 38, 38]
[57, 39, 33]
[57, 40, 6]
[57, 41, 96]
[57, 42, 82]
[57, 43, 58]
[57, 44, 39]
[57, 46, 85]
[57, 47, 35]
[57, 48, 22]
[57, 49, 72]
[57, 50, 92]
[57, 51, 70]
[57, 52, 28]
[57, 58, 29]
[57, 60, 43]
[57, 61, 41]
[57, 62, 30]
[57, 63, 62]
[57, 65, 27]
[57, 66, 90]
[57, 67, 34]
[57, 68, 25]
[57, 69, 32]
[57, 70, 63]
[57, 73, 80]
[57, 74, 91]
[57, 75, 88]
[57, 76, 68]
[57, 77, 66]
[57, 78, 87]
[57, 80, 19]
[57, 81, 89]
[57, 82, 36]
[57, 83, 20]
[57, 84, 95]
[57, 85, 5]
[57, 86, 15]
[57, 87, 10]
[57, 89, 16]
[57, 90, 1]
[57, 91, 3]
[57, 92, 44]
[57, 93, 11]
[57, 94, 2]
[57, 95, 4]
[57, 96, 45]
[57, 97, 14]
[57, 98, 8]
[57, 99, 12]
[57, 100, 21]
[58, 0, 58]
[58, 1, 56]
[58, 2, 61]
[58, 3, 63]
[58, 4, 60]
[58, 5, 62]
[58, 6, 59]
[58, 7, 52]
[58, 8, 54]
[58, 9, 70]
[58, 10, 64]
[58, 11, 51]
[58, 12, 74]
[58, 13, 55]
[58, 14, 66]
[58, 15, 65]
[58, 16, 38]
[58, 17, 80]
[58, 18, 46]
[58, 19, 48]
[58, 20, 71]
[58, 21, 53]
[58, 22, 49]
[58, 23, 47]
[58, 24, 68]
[58, 25, 89]
[58, 26, 75]
[58, 27, 92]
[58, 28, 39]
[58, 29, 42]
[58, 30, 96]
[58, 31, 21]
[58, 32, 10]
[58, 33, 6]
[58, 34, 11]
[58, 35, 2]
[58, 36, 35]
[58, 37, 12]
[58, 38, 73]
[58, 39, 28]
[58, 40, 76]
[58, 41, 43]
[58, 42, 22]
[58, 43, 57]
[58, 44, 69]
[58, 45, 41]
[58, 46, 67]
[58, 47, 90]
[58, 48, 87]
[58, 49, 97]
[58, 51, 30]
[58, 52, 36]
[58, 53, 94]
[58, 54, 26]
[58, 56, 82]
[58, 57, 27]
[58, 58, 81]
[58, 59, 44]
[58, 60, 31]
[58, 61, 79]
[58, 63, 93]
[58, 64, 29]
[58, 65, 98]
[58, 66, 100]
[58, 69, 50]
[58, 71, 32]
[58, 78, 24]
[58, 79, 77]
[58, 80, 16]
[58, 81, 88]
[58, 82, 85]
[58, 83, 91]
[58, 84, 34]
[58, 86, 40]
[58, 88, 33]
[58, 89, 14]
[58, 90, 18]
[58, 91, 4]
[58, 92, 15]
[58, 93, 3]
[58, 94, 0]
[58, 95, 95]
[58, 96, 1]
[58, 97, 8]
[58, 98, 5]
[58, 100, 9]
[59, 0, 59]
[59, 1, 57]
[59, 2, 60]
[59, 3, 54]
[59, 4, 65]
[59, 5, 67]
[59, 6, 58]
[59, 7, 53]
[59, 8, 62]
[59, 9, 66]
[59, 10, 73]
[59, 11, 75]
[59, 12, 72]
[59, 13, 50]
[59, 14, 69]
[59, 15, 80]
[59, 16, 52]
[59, 17, 49]
[59, 18, 84]
[59, 19, 68]
[59, 20, 70]
[59, 21, 40]
[59, 22, 55]
[59, 23, 44]
[59, 24, 91]
[59, 25, 27]
[59, 26, 56]
[59, 27, 38]
[59, 28, 36]
[59, 29, 45]
[59, 30, 23]
[59, 31, 34]
[59, 32, 13]
[59, 33, 7]
[59, 34, 14]
[59, 35, 8]
[59, 36, 1]
[59, 37, 6]
[59, 38, 10]
[59, 39, 46]
[59, 40, 3]
[59, 41, 9]
[59, 42, 30]
[59, 43, 43]
[59, 44, 83]
[59, 45, 37]
[59, 46, 63]
[59, 47, 78]
[59, 48, 25]
[59, 49, 61]
[59, 50, 93]
[59, 51, 96]
[59, 52, 100]
[59, 53, 24]
[59, 54, 98]
[59, 56, 74]
[59, 57, 41]
[59, 58, 33]
[59, 59, 42]
[59, 60, 64]
[59, 62, 28]
[59, 63, 90]
[59, 64, 26]
[59, 66, 86]
[59, 68, 94]
[59, 69, 97]
[59, 70, 99]
[59, 71, 35]
[59, 72, 48]
[59, 73, 31]
[59, 77, 22]
[59, 78, 39]
[59, 79, 88]
[59, 80, 81]
[59, 81, 71]
[59, 82, 79]
[59, 83, 32]
[59, 84, 18]
[59, 86, 82]
[59, 87, 29]
[59, 88, 12]
[59, 89, 21]
[59, 90, 47]
[59, 91, 5]
[59, 92, 17]
[59, 93, 20]
[59, 94, 11]
[59, 95, 16]
[59, 96, 0]
[59, 98, 4]
[59, 99, 2]
[59, 100, 15]
[60, 0, 60]
[60, 1, 62]
[60, 2, 59]
[60, 3, 65]
[60, 4, 58]
[60, 5, 61]
[60, 6, 64]
[60, 7, 55]
[60, 8, 71]
[60, 9, 68]
[60, 10, 74]
[60, 11, 63]
[60, 12, 49]
[60, 13, 45]
[60, 14, 57]
[60, 15, 81]
[60, 16, 56]
[60, 17, 39]
[60, 18, 69]
[60, 19, 72]
[60, 20, 50]
[60, 21, 76]
[60, 22, 46]
[60, 23, 70]
[60, 24, 89]
[60, 25, 29]
[60, 26, 53]
[60, 27, 27]
[60, 28, 43]
[60, 29, 54]
[60, 30, 47]
[60, 31, 36]
[60, 32, 17]
[60, 33, 66]
[60, 34, 6]
[60, 35, 9]
[60, 36, 2]
[60, 37, 0]
[60, 38, 51]
[60, 39, 15]
[60, 40, 10]
[60, 41, 48]
[60, 42, 83]
[60, 43, 52]
[60, 44, 79]
[60, 45, 90]
[60, 46, 41]
[60, 47, 85]
[60, 48, 23]
[60, 49, 91]
[60, 50, 96]
[60, 51, 19]
[60, 52, 42]
[60, 54, 75]
[60, 56, 25]
[60, 57, 28]
[60, 58, 22]
[60, 59, 26]
[60, 60, 33]
[60, 61, 84]
[60, 64, 92]
[60, 69, 100]
[60, 70, 30]
[60, 71, 97]
[60, 72, 31]
[60, 74, 73]
[60, 75, 24]
[60, 76, 77]
[60, 77, 80]
[60, 80, 38]
[60, 82, 44]
[60, 84, 67]
[60, 85, 37]
[60, 86, 78]
[60, 87, 11]
[60, 88, 82]
[60, 89, 32]
[60, 90, 40]
[60, 91, 13]
[60, 92, 88]
[60, 93, 21]
[60, 94, 8]
[60, 95, 14]
[60, 96, 3]
[60, 97, 18]
[60, 98, 34]
[60, 99, 1]
[60, 100, 4]
[61, 0, 61]
[61, 1, 63]
[61, 2, 58]
[61, 3, 56]
[61, 4, 64]
[61, 5, 60]
[61, 6, 69]
[61, 7, 57]
[61, 8, 72]
[61, 9, 51]
[61, 10, 67]
[61, 11, 52]
[61, 12, 71]
[61, 13, 65]
[61, 14, 42]
[61, 15, 53]
[61, 16, 70]
[61, 17, 75]
[61, 18, 41]
[61, 19, 62]
[61, 20, 68]
[61, 21, 86]
[61, 22, 73]
[61, 23, 89]
[61, 24, 92]
[61, 25, 30]
[61, 26, 95]
[61, 27, 74]
[61, 28, 25]
[61, 29, 96]
[61, 30, 100]
[61, 31, 76]
[61, 32, 39]
[61, 33, 14]
[61, 34, 83]
[61, 35, 49]
[61, 36, 3]
[61, 37, 1]
[61, 38, 7]
[61, 39, 2]
[61, 40, 11]
[61, 41, 47]
[61, 42, 55]
[61, 43, 80]
[61, 44, 90]
[61, 45, 46]
[61, 46, 29]
[61, 47, 38]
[61, 48, 84]
[61, 49, 59]
[61, 50, 37]
[61, 53, 93]
[61, 55, 33]
[61, 56, 40]
[61, 59, 27]
[61, 61, 35]
[61, 62, 32]
[61, 63, 45]
[61, 64, 50]
[61, 65, 97]
[61, 66, 31]
[61, 67, 26]
[61, 71, 28]
[61, 72, 88]
[61, 73, 77]
[61, 74, 99]
[61, 76, 34]
[61, 77, 54]
[61, 79, 91]
[61, 80, 22]
[61, 81, 98]
[61, 83, 82]
[61, 84, 15]
[61, 85, 78]
[61, 87, 81]
[61, 88, 43]
[61, 89, 13]
[61, 90, 44]
[61, 91, 87]
[61, 92, 8]
[61, 93, 12]
[61, 94, 66]
[61, 95, 36]
[61, 96, 19]
[61, 97, 9]
[61, 98, 23]
[61, 99, 0]
[61, 100, 5]
[62, 0, 62]
[62, 1, 60]
[62, 2, 65]
[62, 3, 67]
[62, 4, 69]
[62, 5, 58]
[62, 6, 63]
[62, 7, 56]
[62, 8, 59]
[62, 9, 75]
[62, 10, 68]
[62, 11, 66]
[62, 12, 73]
[62, 13, 80]
[62, 14, 54]
[62, 15, 83]
[62, 16, 43]
[62, 17, 51]
[62, 18, 72]
[62, 19, 61]
[62, 20, 89]
[62, 21, 64]
[62, 22, 48]
[62, 23, 53]
[62, 24, 74]
[62, 25, 32]
[62, 26, 82]
[62, 27, 97]
[62, 28, 52]
[62, 29, 44]
[62, 30, 71]
[62, 31, 78]
[62, 32, 34]
[62, 33, 70]
[62, 34, 46]
[62, 35, 10]
[62, 36, 4]
[62, 37, 8]
[62, 38, 0]
[62, 39, 9]
[62, 40, 37]
[62, 41, 7]
[62, 42, 11]
[62, 43, 39]
[62, 44, 35]
[62, 45, 38]
[62, 46, 55]
[62, 47, 91]
[62, 48, 94]
[62, 49, 22]
[62, 50, 88]
[62, 51, 99]
[62, 53, 29]
[62, 54, 79]
[62, 56, 42]
[62, 59, 31]
[62, 60, 45]
[62, 62, 90]
[62, 63, 57]
[62, 64, 96]
[62, 65, 30]
[62, 66, 95]
[62, 67, 27]
[62, 69, 36]
[62, 72, 33]
[62, 74, 28]
[62, 78, 98]
[62, 79, 25]
[62, 82, 41]
[62, 83, 86]
[62, 84, 84]
[62, 85, 20]
[62, 86, 81]
[62, 88, 17]
[62, 89, 26]
[62, 90, 77]
[62, 91, 19]
[62, 92, 12]
[62, 93, 40]
[62, 94, 50]
[62, 95, 2]
[62, 96, 6]
[62, 97, 5]
[62, 98, 1]
[62, 99, 16]
[62, 100, 14]
[63, 0, 63]
[63, 1, 61]
[63, 2, 64]
[63, 3, 58]
[63, 4, 70]
[63, 5, 66]
[63, 6, 62]
[63, 7, 71]
[63, 8, 73]
[63, 9, 76]
[63, 10, 54]
[63, 11, 60]
[63, 12, 80]
[63, 13, 72]
[63, 14, 50]
[63, 15, 45]
[63, 16, 74]
[63, 17, 86]
[63, 18, 75]
[63, 19, 41]
[63, 20, 55]
[63, 21, 37]
[63, 22, 92]
[63, 23, 52]
[63, 24, 51]
[63, 25, 53]
[63, 26, 30]
[63, 27, 29]
[63, 28, 27]
[63, 29, 77]
[63, 30, 81]
[63, 31, 48]
[63, 32, 42]
[63, 33, 79]
[63, 34, 15]
[63, 35, 36]
[63, 36, 5]
[63, 37, 16]
[63, 38, 47]
[63, 39, 10]
[63, 40, 4]
[63, 41, 13]
[63, 42, 39]
[63, 43, 38]
[63, 44, 84]
[63, 45, 7]
[63, 46, 59]
[63, 47, 40]
[63, 48, 46]
[63, 49, 23]
[63, 50, 91]
[63, 51, 94]
[63, 52, 78]
[63, 53, 95]
[63, 54, 31]
[63, 55, 25]
[63, 57, 82]
[63, 58, 43]
[63, 61, 28]
[63, 62, 85]
[63, 65, 49]
[63, 67, 88]
[63, 70, 57]
[63, 71, 34]
[63, 73, 56]
[63, 75, 65]
[63, 76, 33]
[63, 77, 68]
[63, 78, 96]
[63, 80, 69]
[63, 82, 26]
[63, 86, 22]
[63, 87, 20]
[63, 88, 99]
[63, 89, 35]
[63, 90, 98]
[63, 91, 14]
[63, 93, 24]
[63, 94, 12]
[63, 95, 17]
[63, 96, 8]
[63, 97, 97]
[63, 99, 18]
[63, 100, 1]
[64, 0, 64]
[64, 1, 66]
[64, 2, 63]
[64, 3, 69]
[64, 4, 61]
[64, 5, 65]
[64, 6, 60]
[64, 7, 54]
[64, 8, 70]
[64, 9, 53]
[64, 10, 58]
[64, 11, 67]
[64, 12, 48]
[64, 13, 71]
[64, 14, 77]
[64, 15, 46]
[64, 16, 42]
[64, 17, 84]
[64, 18, 88]
[64, 19, 56]
[64, 20, 52]
[64, 21, 62]
[64, 22, 75]
[64, 23, 51]
[64, 24, 93]
[64, 25, 96]
[64, 26, 78]
[64, 27, 33]
[64, 28, 32]
[64, 29, 68]
[64, 30, 41]
[64, 31, 43]
[64, 32, 72]
[64, 33, 76]
[64, 34, 49]
[64, 35, 14]
[64, 36, 7]
[64, 37, 4]
[64, 38, 3]
[64, 39, 1]
[64, 40, 15]
[64, 41, 50]
[64, 42, 8]
[64, 43, 36]
[64, 44, 44]
[64, 45, 17]
[64, 46, 10]
[64, 47, 89]
[64, 48, 86]
[64, 49, 37]
[64, 50, 99]
[64, 51, 40]
[64, 52, 38]
[64, 55, 47]
[64, 56, 30]
[64, 60, 59]
[64, 62, 31]
[64, 63, 87]
[64, 64, 85]
[64, 65, 92]
[64, 66, 91]
[64, 67, 45]
[64, 70, 90]
[64, 71, 29]
[64, 74, 27]
[64, 75, 34]
[64, 78, 28]
[64, 79, 98]
[64, 82, 100]
[64, 83, 81]
[64, 84, 26]
[64, 87, 74]
[64, 91, 22]
[64, 92, 20]
[64, 93, 73]
[64, 94, 97]
[64, 95, 24]
[64, 96, 39]
[64, 97, 16]
[64, 98, 11]
[64, 99, 25]
[64, 100, 35]
[65, 0, 65]
[65, 1, 67]
[65, 2, 62]
[65, 3, 60]
[65, 4, 59]
[65, 5, 64]
[65, 6, 68]
[65, 7, 70]
[65, 8, 69]
[65, 9, 55]
[65, 10, 77]
[65, 11, 79]
[65, 12, 57]
[65, 13, 61]
[65, 14, 78]
[65, 15, 58]
[65, 16, 85]
[65, 17, 73]
[65, 18, 54]
[65, 19, 66]
[65, 20, 72]
[65, 21, 91]
[65, 22, 56]
[65, 23, 50]
[65, 24, 53]
[65, 25, 75]
[65, 26, 98]
[65, 27, 48]
[65, 28, 81]
[65, 29, 28]
[65, 30, 84]
[65, 31, 80]
[65, 32, 76]
[65, 33, 24]
[65, 34, 43]
[65, 35, 41]
[65, 36, 9]
[65, 37, 11]
[65, 38, 6]
[65, 39, 5]
[65, 40, 0]
[65, 41, 4]
[65, 42, 3]
[65, 43, 14]
[65, 44, 49]
[65, 45, 83]
[65, 46, 32]
[65, 47, 86]
[65, 48, 51]
[65, 49, 26]
[65, 50, 52]
[65, 51, 47]
[65, 52, 92]
[65, 54, 38]
[65, 55, 74]
[65, 58, 88]
[65, 59, 100]
[65, 60, 35]
[65, 61, 94]
[65, 62, 97]
[65, 63, 33]
[65, 64, 44]
[65, 65, 37]
[65, 67, 93]
[65, 68, 96]
[65, 72, 34]
[65, 73, 30]
[65, 75, 63]
[65, 76, 27]
[65, 81, 36]
[65, 82, 31]
[65, 84, 99]
[65, 85, 95]
[65, 86, 25]
[65, 88, 71]
[65, 90, 90]
[65, 91, 21]
[65, 92, 39]
[65, 93, 46]
[65, 94, 89]
[65, 96, 42]
[65, 97, 22]
[65, 98, 13]
[65, 99, 23]
[65, 100, 7]
[66, 0, 66]
[66, 1, 64]
[66, 2, 69]
[66, 3, 71]
[66, 4, 68]
[66, 5, 63]
[66, 6, 67]
[66, 7, 72]
[66, 8, 77]
[66, 9, 59]
[66, 10, 53]
[66, 11, 62]
[66, 12, 51]
[66, 13, 48]
[66, 14, 58]
[66, 15, 75]
[66, 16, 78]
[66, 17, 87]
[66, 18, 47]
[66, 19, 65]
[66, 20, 73]
[66, 21, 52]
[66, 22, 39]
[66, 23, 80]
[66, 24, 79]
[66, 25, 97]
[66, 26, 49]
[66, 27, 86]
[66, 28, 76]
[66, 29, 31]
[66, 31, 32]
[66, 32, 50]
[66, 33, 60]
[66, 34, 70]
[66, 35, 46]
[66, 36, 13]
[66, 37, 7]
[66, 38, 21]
[66, 39, 44]
[66, 40, 2]
[66, 41, 5]
[66, 42, 18]
[66, 43, 37]
[66, 44, 54]
[66, 45, 40]
[66, 46, 88]
[66, 47, 92]
[66, 48, 34]
[66, 49, 82]
[66, 50, 84]
[66, 51, 22]
[66, 53, 43]
[66, 55, 29]
[66, 56, 38]
[66, 57, 85]
[66, 58, 24]
[66, 59, 83]
[66, 61, 30]
[66, 64, 55]
[66, 65, 91]
[66, 66, 96]
[66, 67, 99]
[66, 68, 33]
[66, 70, 28]
[66, 72, 93]
[66, 74, 74]
[66, 75, 35]
[66, 77, 57]
[66, 84, 81]
[66, 87, 95]
[66, 88, 23]
[66, 89, 42]
[66, 91, 94]
[66, 92, 41]
[66, 94, 61]
[66, 95, 11]
[66, 97, 27]
[66, 99, 19]
[66, 100, 26]
[67, 0, 67]
[67, 1, 65]
[67, 2, 68]
[67, 3, 62]
[67, 4, 73]
[67, 5, 59]
[67, 6, 66]
[67, 7, 75]
[67, 8, 56]
[67, 9, 71]
[67, 10, 61]
[67, 11, 64]
[67, 12, 52]
[67, 13, 74]
[67, 14, 79]
[67, 15, 72]
[67, 16, 53]
[67, 17, 88]
[67, 18, 42]
[67, 19, 44]
[67, 20, 43]
[67, 21, 55]
[67, 22, 78]
[67, 23, 86]
[67, 24, 76]
[67, 25, 54]
[67, 26, 57]
[67, 27, 85]
[67, 28, 35]
[67, 29, 32]
[67, 30, 29]
[67, 31, 77]
[67, 32, 81]
[67, 34, 84]
[67, 35, 90]
[67, 36, 18]
[67, 37, 15]
[67, 38, 12]
[67, 39, 16]
[67, 40, 19]
[67, 41, 8]
[67, 42, 10]
[67, 43, 3]
[67, 44, 46]
[67, 45, 9]
[67, 46, 58]
[67, 47, 94]
[67, 48, 4]
[67, 49, 6]
[67, 50, 47]
[67, 51, 39]
[67, 52, 27]
[67, 53, 96]
[67, 54, 69]
[67, 56, 70]
[67, 60, 82]
[67, 61, 22]
[67, 62, 33]
[67, 63, 49]
[67, 64, 30]
[67, 67, 48]
[67, 68, 31]
[67, 72, 99]
[67, 77, 36]
[67, 79, 34]
[67, 84, 60]
[67, 86, 87]
[67, 87, 92]
[67, 88, 26]
[67, 89, 97]
[67, 90, 23]
[67, 91, 25]
[67, 92, 21]
[67, 93, 51]
[67, 95, 80]
[67, 96, 14]
[67, 97, 13]
[67, 98, 41]
[67, 99, 93]
[67, 100, 24]
[68, 0, 68]
[68, 1, 70]
[68, 2, 67]
[68, 3, 73]
[68, 4, 66]
[68, 5, 69]
[68, 6, 65]
[68, 7, 74]
[68, 8, 79]
[68, 9, 60]
[68, 10, 62]
[68, 11, 77]
[68, 12, 75]
[68, 13, 51]
[68, 14, 71]
[68, 15, 76]
[68, 16, 49]
[68, 17, 47]
[68, 18, 44]
[68, 19, 59]
[68, 20, 61]
[68, 21, 93]
[68, 22, 80]
[68, 23, 83]
[68, 24, 58]
[68, 25, 78]
[68, 26, 99]
[68, 27, 81]
[68, 28, 53]
[68, 29, 64]
[68, 30, 86]
[68, 32, 87]
[68, 33, 30]
[68, 34, 28]
[68, 35, 48]
[68, 36, 20]
[68, 37, 85]
[68, 38, 8]
[68, 39, 45]
[68, 40, 5]
[68, 41, 2]
[68, 42, 0]
[68, 43, 12]
[68, 44, 43]
[68, 45, 55]
[68, 46, 36]
[68, 47, 54]
[68, 48, 50]
[68, 49, 42]
[68, 50, 94]
[68, 51, 98]
[68, 52, 97]
[68, 55, 46]
[68, 58, 37]
[68, 59, 41]
[68, 60, 32]
[68, 61, 24]
[68, 62, 29]
[68, 63, 23]
[68, 64, 35]
[68, 68, 95]
[68, 71, 100]
[68, 72, 38]
[68, 76, 57]
[68, 77, 63]
[68, 81, 56]
[68, 82, 27]
[68, 83, 39]
[68, 86, 26]
[68, 89, 33]
[68, 93, 89]
[68, 94, 25]
[68, 95, 21]
[68, 96, 31]
[68, 97, 52]
[69, 0, 69]
[69, 1, 71]
[69, 2, 66]
[69, 3, 64]
[69, 4, 62]
[69, 5, 68]
[69, 6, 61]
[69, 7, 73]
[69, 8, 65]
[69, 9, 57]
[69, 10, 78]
[69, 11, 82]
[69, 12, 79]
[69, 13, 52]
[69, 14, 59]
[69, 15, 48]
[69, 16, 88]
[69, 17, 77]
[69, 18, 60]
[69, 19, 55]
[69, 20, 45]
[69, 21, 43]
[69, 22, 76]
[69, 23, 96]
[69, 24, 86]
[69, 25, 84]
[69, 26, 54]
[69, 28, 93]
[69, 29, 80]
[69, 30, 83]
[69, 31, 33]
[69, 32, 47]
[69, 33, 31]
[69, 34, 40]
[69, 35, 70]
[69, 36, 85]
[69, 37, 56]
[69, 38, 9]
[69, 39, 42]
[69, 40, 8]
[69, 41, 10]
[69, 42, 15]
[69, 43, 20]
[69, 44, 58]
[69, 45, 49]
[69, 46, 35]
[69, 47, 41]
[69, 48, 13]
[69, 49, 92]
[69, 50, 97]
[69, 52, 39]
[69, 53, 74]
[69, 54, 67]
[69, 56, 44]
[69, 58, 30]
[69, 61, 81]
[69, 62, 36]
[69, 64, 34]
[69, 65, 50]
[69, 67, 29]
[69, 69, 53]
[69, 70, 51]
[69, 71, 37]
[69, 72, 95]
[69, 74, 38]
[69, 76, 100]
[69, 78, 75]
[69, 80, 63]
[69, 81, 99]
[69, 82, 72]
[69, 83, 90]
[69, 88, 27]
[69, 91, 24]
[69, 92, 26]
[69, 95, 46]
[69, 96, 23]
[69, 98, 98]
[69, 99, 94]
[70, 0, 70]
[70, 1, 68]
[70, 2, 73]
[70, 3, 75]
[70, 4, 63]
[70, 5, 74]
[70, 6, 71]
[70, 7, 65]
[70, 8, 64]
[70, 9, 58]
[70, 10, 76]
[70, 11, 84]
[70, 12, 54]
[70, 13, 53]
[70, 14, 82]
[70, 15, 50]
[70, 16, 61]
[70, 17, 91]
[70, 18, 79]
[70, 19, 45]
[70, 20, 59]
[70, 21, 72]
[70, 22, 77]
[70, 23, 60]
[70, 24, 81]
[70, 25, 88]
[70, 26, 90]
[70, 27, 89]
[70, 28, 51]
[70, 32, 31]
[70, 33, 62]
[70, 34, 66]
[70, 35, 69]
[70, 36, 43]
[70, 37, 47]
[70, 38, 19]
[70, 39, 13]
[70, 40, 12]
[70, 41, 18]
[70, 42, 2]
[70, 43, 0]
[70, 44, 14]
[70, 45, 4]
[70, 46, 7]
[70, 47, 15]
[70, 48, 52]
[70, 49, 95]
[70, 50, 40]
[70, 51, 57]
[70, 52, 41]
[70, 55, 28]
[70, 56, 67]
[70, 57, 24]
[70, 60, 80]
[70, 62, 92]
[70, 63, 32]
[70, 66, 97]
[70, 67, 55]
[70, 68, 34]
[70, 69, 78]
[70, 70, 49]
[70, 72, 30]
[70, 73, 35]
[70, 74, 29]
[70, 77, 33]
[70, 78, 99]
[70, 83, 36]
[70, 84, 38]
[70, 86, 37]
[70, 92, 87]
[70, 93, 94]
[70, 94, 21]
[70, 96, 48]
[70, 98, 42]
[70, 100, 39]
[71, 0, 71]
[71, 1, 69]
[71, 2, 72]
[71, 3, 66]
[71, 4, 77]
[71, 5, 79]
[71, 6, 70]
[71, 7, 63]
[71, 8, 60]
[71, 9, 67]
[71, 10, 75]
[71, 11, 78]
[71, 12, 61]
[71, 13, 64]
[71, 14, 68]
[71, 15, 57]
[71, 16, 82]
[71, 17, 89]
[71, 18, 49]
[71, 19, 88]
[71, 20, 58]
[71, 21, 46]
[71, 22, 44]
[71, 23, 56]
[71, 24, 85]
[71, 25, 100]
[71, 26, 73]
[71, 27, 87]
[71, 28, 38]
[71, 29, 86]
[71, 30, 62]
[71, 31, 84]
[71, 32, 80]
[71, 33, 47]
[71, 34, 74]
[71, 35, 94]
[71, 36, 45]
[71, 37, 54]
[71, 38, 93]
[71, 40, 16]
[71, 41, 20]
[71, 42, 6]
[71, 43, 1]
[71, 44, 3]
[71, 45, 42]
[71, 46, 2]
[71, 47, 53]
[71, 48, 8]
[71, 49, 99]
[71, 50, 41]
[71, 51, 13]
[71, 52, 40]
[71, 53, 48]
[71, 54, 50]
[71, 56, 43]
[71, 57, 25]
[71, 60, 83]
[71, 61, 33]
[71, 63, 34]
[71, 64, 91]
[71, 66, 92]
[71, 68, 81]
[71, 69, 30]
[71, 71, 36]
[71, 74, 31]
[71, 76, 28]
[71, 80, 55]
[71, 81, 59]
[71, 82, 35]
[71, 84, 39]
[71, 85, 29]
[71, 86, 76]
[71, 88, 65]
[71, 90, 97]
[71, 91, 32]
[71, 93, 95]
[71, 96, 24]
[71, 97, 96]
[72, 0, 72]
[72, 1, 74]
[72, 2, 71]
[72, 3, 77]
[72, 4, 79]
[72, 5, 73]
[72, 6, 76]
[72, 7, 66]
[72, 8, 61]
[72, 9, 80]
[72, 10, 86]
[72, 11, 88]
[72, 12, 59]
[72, 13, 63]
[72, 14, 81]
[72, 15, 67]
[72, 16, 51]
[72, 17, 95]
[72, 18, 62]
[72, 19, 60]
[72, 20, 65]
[72, 21, 70]
[72, 22, 42]
[72, 24, 82]
[72, 25, 52]
[72, 26, 87]
[72, 27, 41]
[72, 28, 85]
[72, 29, 83]
[72, 30, 90]
[72, 32, 64]
[72, 33, 32]
[72, 34, 97]
[72, 35, 91]
[72, 36, 33]
[72, 37, 99]
[72, 38, 89]
[72, 39, 50]
[72, 40, 13]
[72, 41, 19]
[72, 42, 9]
[72, 43, 4]
[72, 44, 8]
[72, 45, 1]
[72, 46, 15]
[72, 47, 43]
[72, 48, 16]
[72, 49, 57]
[72, 50, 27]
[72, 52, 56]
[72, 53, 45]
[72, 54, 100]
[72, 55, 84]
[72, 57, 47]
[72, 60, 96]
[72, 65, 35]
[72, 66, 94]
[72, 69, 49]
[72, 73, 38]
[72, 74, 36]
[72, 76, 30]
[72, 77, 40]
[72, 78, 44]
[72, 79, 39]
[72, 82, 69]
[72, 84, 37]
[72, 86, 34]
[72, 90, 75]
[72, 94, 53]
[72, 96, 98]
[72, 97, 28]
[72, 98, 24]
[72, 99, 78]
[73, 0, 73]
[73, 1, 75]
[73, 2, 70]
[73, 3, 68]
[73, 4, 67]
[73, 5, 72]
[73, 6, 81]
[73, 7, 69]
[73, 8, 63]
[73, 9, 78]
[73, 10, 59]
[73, 11, 83]
[73, 12, 62]
[73, 13, 56]
[73, 14, 85]
[73, 15, 74]
[73, 16, 80]
[73, 17, 65]
[73, 18, 48]
[73, 19, 95]
[73, 20, 66]
[73, 21, 47]
[73, 22, 61]
[73, 23, 57]
[73, 24, 77]
[73, 25, 86]
[73, 26, 71]
[73, 27, 93]
[73, 28, 98]
[73, 30, 37]
[73, 32, 88]
[73, 33, 33]
[73, 34, 91]
[73, 36, 49]
[73, 37, 97]
[73, 38, 58]
[73, 40, 18]
[73, 41, 44]
[73, 42, 17]
[73, 43, 6]
[73, 44, 1]
[73, 45, 0]
[73, 46, 8]
[73, 47, 11]
[73, 48, 40]
[73, 49, 38]
[73, 50, 43]
[73, 51, 42]
[73, 52, 96]
[73, 54, 51]
[73, 55, 45]
[73, 58, 76]
[73, 62, 84]
[73, 63, 99]
[73, 64, 79]
[73, 65, 46]
[73, 66, 34]
[73, 68, 50]
[73, 71, 90]
[73, 74, 60]
[73, 76, 32]
[73, 78, 36]
[73, 80, 41]
[73, 81, 35]
[73, 87, 39]
[73, 88, 29]
[73, 92, 30]
[73, 93, 64]
[73, 94, 31]
[73, 96, 28]
[73, 99, 100]
[73, 100, 53]
[74, 0, 74]
[74, 1, 72]
[74, 2, 77]
[74, 3, 79]
[74, 4, 76]
[74, 5, 70]
[74, 6, 75]
[74, 7, 68]
[74, 8, 81]
[74, 9, 86]
[74, 10, 60]
[74, 11, 89]
[74, 12, 58]
[74, 13, 67]
[74, 14, 84]
[74, 15, 73]
[74, 16, 63]
[74, 17, 52]
[74, 18, 78]
[74, 19, 83]
[74, 20, 49]
[74, 21, 80]
[74, 22, 90]
[74, 23, 85]
[74, 24, 62]
[74, 25, 55]
[74, 26, 92]
[74, 27, 61]
[74, 28, 56]
[74, 30, 97]
[74, 31, 94]
[74, 33, 82]
[74, 34, 71]
[74, 35, 87]
[74, 36, 93]
[74, 37, 48]
[74, 38, 91]
[74, 39, 54]
[74, 40, 26]
[74, 42, 46]
[74, 43, 7]
[74, 44, 5]
[74, 45, 3]
[74, 46, 9]
[74, 47, 12]
[74, 48, 1]
[74, 49, 15]
[74, 50, 44]
[74, 52, 50]
[74, 53, 69]
[74, 54, 37]
[74, 55, 65]
[74, 56, 59]
[74, 58, 45]
[74, 65, 34]
[74, 66, 33]
[74, 67, 47]
[74, 70, 95]
[74, 71, 39]
[74, 72, 53]
[74, 74, 66]
[74, 80, 42]
[74, 82, 38]
[74, 83, 40]
[74, 86, 36]
[74, 87, 64]
[74, 91, 99]
[74, 95, 88]
[74, 96, 25]
[75, 0, 75]
[75, 1, 73]
[75, 2, 76]
[75, 3, 70]
[75, 4, 81]
[75, 5, 78]
[75, 6, 74]
[75, 7, 67]
[75, 8, 84]
[75, 9, 62]
[75, 10, 71]
[75, 11, 59]
[75, 12, 68]
[75, 13, 82]
[75, 14, 92]
[75, 15, 66]
[75, 16, 54]
[75, 17, 61]
[75, 18, 63]
[75, 19, 85]
[75, 20, 79]
[75, 21, 100]
[75, 22, 64]
[75, 23, 87]
[75, 24, 55]
[75, 25, 65]
[75, 26, 58]
[75, 27, 90]
[75, 28, 99]
[75, 30, 95]
[75, 31, 57]
[75, 33, 80]
[75, 34, 86]
[75, 35, 89]
[75, 36, 94]
[75, 38, 88]
[75, 39, 47]
[75, 40, 52]
[75, 41, 98]
[75, 42, 13]
[75, 43, 8]
[75, 44, 10]
[75, 45, 2]
[75, 46, 0]
[75, 47, 3]
[75, 48, 18]
[75, 49, 9]
[75, 50, 11]
[75, 51, 37]
[75, 52, 14]
[75, 53, 56]
[75, 54, 60]
[75, 55, 42]
[75, 56, 50]
[75, 59, 28]
[75, 61, 83]
[75, 64, 45]
[75, 65, 93]
[75, 66, 77]
[75, 67, 35]
[75, 68, 53]
[75, 76, 40]
[75, 77, 44]
[75, 78, 69]
[75, 79, 32]
[75, 81, 39]
[75, 84, 36]
[75, 87, 38]
[75, 90, 72]
[75, 93, 43]
[75, 94, 41]
[75, 97, 29]
[75, 98, 91]
[76, 0, 76]
[76, 1, 78]
[76, 2, 75]
[76, 3, 81]
[76, 4, 74]
[76, 5, 77]
[76, 6, 72]
[76, 7, 82]
[76, 8, 87]
[76, 9, 63]
[76, 10, 70]
[76, 11, 85]
[76, 12, 83]
[76, 13, 93]
[76, 14, 95]
[76, 15, 68]
[76, 16, 98]
[76, 17, 57]
[76, 18, 86]
[76, 19, 84]
[76, 21, 60]
[76, 22, 69]
[76, 23, 90]
[76, 24, 67]
[76, 25, 94]
[76, 27, 56]
[76, 28, 66]
[76, 29, 88]
[76, 31, 61]
[76, 32, 65]
[76, 33, 64]
[76, 34, 96]
[76, 35, 79]
[76, 36, 32]
[76, 37, 100]
[76, 38, 99]
[76, 39, 97]
[76, 40, 58]
[76, 41, 49]
[76, 42, 20]
[76, 43, 10]
[76, 44, 21]
[76, 45, 14]
[76, 46, 4]
[76, 47, 2]
[76, 48, 39]
[76, 49, 46]
[76, 50, 13]
[76, 51, 51]
[76, 52, 5]
[76, 53, 12]
[76, 54, 15]
[76, 56, 45]
[76, 57, 44]
[76, 58, 73]
[76, 59, 53]
[76, 60, 50]
[76, 61, 54]
[76, 63, 29]
[76, 64, 89]
[76, 66, 36]
[76, 67, 91]
[76, 72, 37]
[76, 73, 33]
[76, 75, 43]
[76, 78, 42]
[76, 83, 35]
[76, 86, 71]
[76, 89, 40]
[76, 91, 38]
[76, 94, 80]
[76, 98, 52]
[77, 0, 77]
[77, 1, 79]
[77, 2, 74]
[77, 3, 72]
[77, 4, 71]
[77, 5, 76]
[77, 6, 80]
[77, 7, 83]
[77, 8, 66]
[77, 9, 82]
[77, 10, 65]
[77, 11, 68]
[77, 12, 87]
[77, 13, 81]
[77, 14, 64]
[77, 15, 78]
[77, 16, 57]
[77, 17, 69]
[77, 18, 97]
[77, 19, 89]
[77, 20, 100]
[77, 21, 50]
[77, 22, 70]
[77, 23, 88]
[77, 24, 73]
[77, 25, 45]
[77, 28, 84]
[77, 29, 63]
[77, 30, 92]
[77, 31, 67]
[77, 32, 91]
[77, 33, 37]
[77, 34, 95]
[77, 36, 96]
[77, 37, 35]
[77, 38, 34]
[77, 40, 94]
[77, 41, 27]
[77, 42, 42]
[77, 43, 17]
[77, 44, 9]
[77, 45, 11]
[77, 46, 5]
[77, 47, 1]
[77, 48, 47]
[77, 49, 56]
[77, 50, 14]
[77, 51, 12]
[77, 52, 54]
[77, 53, 99]
[77, 54, 10]
[77, 55, 44]
[77, 57, 48]
[77, 58, 41]
[77, 59, 32]
[77, 61, 53]
[77, 63, 30]
[77, 64, 49]
[77, 65, 36]
[77, 66, 75]
[77, 68, 38]
[77, 71, 52]
[77, 73, 61]
[77, 76, 60]
[77, 77, 39]
[77, 79, 58]
[77, 80, 40]
[77, 82, 33]
[77, 89, 46]
[77, 90, 62]
[77, 98, 85]
[77, 100, 29]
[78, 0, 78]
[78, 1, 76]
[78, 2, 81]
[78, 3, 83]
[78, 4, 80]
[78, 5, 75]
[78, 6, 79]
[78, 7, 88]
[78, 8, 82]
[78, 9, 73]
[78, 10, 69]
[78, 11, 71]
[78, 12, 84]
[78, 13, 95]
[78, 14, 65]
[78, 15, 77]
[78, 16, 66]
[78, 17, 85]
[78, 18, 74]
[78, 19, 86]
[78, 20, 53]
[78, 21, 90]
[78, 22, 67]
[78, 23, 94]
[78, 24, 50]
[78, 25, 68]
[78, 26, 64]
[78, 30, 57]
[78, 31, 62]
[78, 32, 41]
[78, 34, 100]
[78, 35, 93]
[78, 36, 97]
[78, 37, 33]
[78, 38, 55]
[78, 39, 52]
[78, 42, 48]
[78, 43, 21]
[78, 44, 11]
[78, 45, 15]
[78, 46, 18]
[78, 47, 59]
[78, 48, 0]
[78, 49, 51]
[78, 50, 4]
[78, 51, 17]
[78, 52, 63]
[78, 53, 16]
[78, 54, 13]
[78, 55, 40]
[78, 57, 14]
[78, 60, 25]
[78, 62, 98]
[78, 63, 31]
[78, 66, 46]
[78, 68, 39]
[78, 69, 70]
[78, 71, 89]
[78, 73, 37]
[78, 75, 56]
[78, 77, 35]
[78, 81, 34]
[78, 85, 61]
[78, 86, 60]
[78, 87, 32]
[78, 88, 38]
[78, 92, 47]
[78, 94, 42]
[78, 97, 43]
[78, 99, 72]
[79, 0, 79]
[79, 1, 77]
[79, 2, 80]
[79, 3, 74]
[79, 4, 72]
[79, 5, 71]
[79, 6, 78]
[79, 7, 84]
[79, 8, 68]
[79, 9, 89]
[79, 10, 83]
[79, 11, 65]
[79, 12, 69]
[79, 13, 88]
[79, 14, 67]
[79, 15, 85]
[79, 16, 90]
[79, 17, 99]
[79, 18, 70]
[79, 19, 54]
[79, 20, 75]
[79, 22, 81]
[79, 23, 92]
[79, 24, 66]
[79, 26, 50]
[79, 27, 94]
[79, 28, 91]
[79, 29, 87]
[79, 31, 93]
[79, 32, 96]
[79, 33, 63]
[79, 34, 38]
[79, 35, 76]
[79, 38, 36]
[79, 39, 95]
[79, 40, 33]
[79, 41, 51]
[79, 42, 56]
[79, 43, 25]
[79, 44, 60]
[79, 45, 10]
[79, 46, 52]
[79, 47, 5]
[79, 48, 3]
[79, 49, 11]
[79, 50, 16]
[79, 51, 18]
[79, 52, 53]
[79, 53, 40]
[79, 54, 62]
[79, 56, 47]
[79, 57, 49]
[79, 59, 55]
[79, 61, 58]
[79, 62, 46]
[79, 63, 27]
[79, 64, 73]
[79, 67, 43]
[79, 70, 26]
[79, 74, 48]
[79, 78, 37]
[79, 82, 59]
[79, 83, 34]
[79, 84, 41]
[79, 90, 39]
[79, 92, 42]
[79, 94, 82]
[79, 96, 44]
[79, 97, 32]
[80, 0, 80]
[80, 1, 82]
[80, 2, 79]
[80, 3, 85]
[80, 4, 78]
[80, 5, 81]
[80, 6, 77]
[80, 7, 86]
[80, 8, 91]
[80, 9, 72]
[80, 10, 88]
[80, 11, 95]
[80, 12, 63]
[80, 13, 62]
[80, 14, 83]
[80, 15, 59]
[80, 16, 73]
[80, 17, 58]
[80, 18, 93]
[80, 20, 92]
[80, 21, 74]
[80, 22, 68]
[80, 23, 66]
[80, 24, 94]
[80, 25, 87]
[80, 27, 100]
[80, 29, 69]
[80, 30, 98]
[80, 31, 65]
[80, 32, 71]
[80, 33, 75]
[80, 34, 39]
[80, 35, 96]
[80, 36, 38]
[80, 37, 84]
[80, 39, 32]
[80, 40, 34]
[80, 41, 31]
[80, 42, 50]
[80, 43, 61]
[80, 44, 53]
[80, 45, 16]
[80, 47, 7]
[80, 48, 9]
[80, 49, 2]
[80, 50, 18]
[80, 51, 20]
[80, 52, 51]
[80, 53, 11]
[80, 54, 35]
[80, 55, 56]
[80, 56, 52]
[80, 59, 45]
[80, 60, 70]
[80, 62, 49]
[80, 63, 55]
[80, 64, 90]
[80, 65, 89]
[80, 67, 97]
[80, 71, 33]
[80, 72, 36]
[80, 73, 57]
[80, 77, 60]
[80, 81, 37]
[80, 86, 41]
[80, 88, 47]
[80, 89, 43]
[80, 92, 40]
[80, 94, 76]
[80, 95, 67]
[80, 97, 48]
[81, 0, 81]
[81, 1, 83]
[81, 2, 78]
[81, 3, 76]
[81, 4, 75]
[81, 5, 80]
[81, 6, 73]
[81, 7, 85]
[81, 8, 74]
[81, 9, 88]
[81, 10, 90]
[81, 11, 94]
[81, 12, 89]
[81, 13, 77]
[81, 14, 72]
[81, 15, 60]
[81, 16, 84]
[81, 19, 57]
[81, 20, 54]
[81, 21, 95]
[81, 22, 79]
[81, 24, 70]
[81, 25, 48]
[81, 26, 96]
[81, 27, 68]
[81, 28, 65]
[81, 29, 91]
[81, 30, 63]
[81, 31, 82]
[81, 32, 67]
[81, 33, 98]
[81, 34, 41]
[81, 37, 93]
[81, 38, 97]
[81, 39, 35]
[81, 43, 30]
[81, 44, 99]
[81, 46, 11]
[81, 47, 13]
[81, 48, 21]
[81, 49, 3]
[81, 50, 0]
[81, 51, 7]
[81, 52, 44]
[81, 53, 6]
[81, 54, 40]
[81, 55, 50]
[81, 57, 55]
[81, 58, 58]
[81, 59, 47]
[81, 60, 92]
[81, 61, 69]
[81, 64, 31]
[81, 66, 51]
[81, 67, 86]
[81, 68, 71]
[81, 69, 39]
[81, 73, 53]
[81, 80, 59]
[81, 82, 42]
[81, 83, 64]
[81, 84, 66]
[81, 85, 49]
[81, 86, 62]
[81, 87, 61]
[81, 88, 37]
[81, 91, 46]
[81, 95, 100]
[81, 96, 87]
[81, 98, 45]
[81, 99, 33]
[81, 100, 36]
[82, 0, 82]
[82, 1, 80]
[82, 2, 85]
[82, 3, 87]
[82, 4, 84]
[82, 5, 86]
[82, 6, 83]
[82, 7, 76]
[82, 8, 78]
[82, 9, 77]
[82, 10, 95]
[82, 11, 69]
[82, 12, 98]
[82, 13, 75]
[82, 14, 70]
[82, 15, 89]
[82, 16, 71]
[82, 17, 90]
[82, 18, 94]
[82, 19, 91]
[82, 21, 96]
[82, 22, 100]
[82, 24, 72]
[82, 26, 62]
[82, 28, 92]
[82, 31, 81]
[82, 32, 45]
[82, 33, 74]
[82, 35, 39]
[82, 36, 99]
[82, 39, 36]
[82, 42, 57]
[82, 45, 54]
[82, 46, 16]
[82, 47, 10]
[82, 48, 7]
[82, 49, 66]
[82, 50, 2]
[82, 51, 8]
[82, 52, 3]
[82, 53, 13]
[82, 54, 20]
[82, 55, 43]
[82, 56, 58]
[82, 57, 63]
[82, 58, 48]
[82, 60, 67]
[82, 61, 50]
[82, 65, 29]
[82, 66, 49]
[82, 69, 31]
[82, 70, 37]
[82, 71, 47]
[82, 72, 40]
[82, 75, 33]
[82, 76, 41]
[82, 77, 97]
[82, 78, 52]
[82, 81, 42]
[82, 83, 61]
[82, 86, 59]
[82, 88, 60]
[82, 94, 79]
[82, 95, 44]
[83, 0, 83]
[83, 1, 81]
[83, 2, 84]
[83, 3, 78]
[83, 4, 89]
[83, 5, 91]
[83, 6, 82]
[83, 7, 77]
[83, 8, 86]
[83, 9, 90]
[83, 10, 79]
[83, 11, 73]
[83, 12, 76]
[83, 13, 92]
[83, 14, 80]
[83, 15, 62]
[83, 16, 87]
[83, 17, 94]
[83, 19, 74]
[83, 21, 88]
[83, 22, 95]
[83, 23, 68]
[83, 24, 96]
[83, 25, 85]
[83, 26, 51]
[83, 29, 72]
[83, 30, 69]
[83, 32, 93]
[83, 34, 61]
[83, 38, 39]
[83, 40, 35]
[83, 41, 33]
[83, 42, 60]
[83, 44, 59]
[83, 45, 65]
[83, 46, 98]
[83, 47, 14]
[83, 48, 53]
[83, 49, 12]
[83, 50, 19]
[83, 51, 0]
[83, 52, 4]
[83, 53, 17]
[83, 54, 52]
[83, 55, 48]
[83, 56, 7]
[83, 57, 56]
[83, 58, 44]
[83, 59, 66]
[83, 60, 71]
[83, 61, 75]
[83, 66, 45]
[83, 72, 50]
[83, 73, 34]
[83, 74, 100]
[83, 75, 37]
[83, 79, 36]
[83, 83, 41]
[83, 93, 47]
[83, 94, 40]
[83, 96, 43]
[83, 99, 49]
[84, 0, 84]
[84, 1, 86]
[84, 2, 83]
[84, 3, 89]
[84, 4, 82]
[84, 5, 85]
[84, 6, 88]
[84, 7, 79]
[84, 8, 75]
[84, 9, 92]
[84, 10, 87]
[84, 11, 70]
[84, 12, 78]
[84, 13, 100]
[84, 14, 74]
[84, 15, 91]
[84, 16, 81]
[84, 17, 64]
[84, 18, 59]
[84, 19, 76]
[84, 20, 93]
[84, 21, 57]
[84, 22, 54]
[84, 23, 97]
[84, 24, 99]
[84, 25, 69]
[84, 26, 52]
[84, 27, 55]
[84, 28, 77]
[84, 29, 98]
[84, 30, 65]
[84, 31, 71]
[84, 33, 56]
[84, 34, 67]
[84, 35, 43]
[84, 37, 80]
[84, 39, 37]
[84, 42, 36]
[84, 44, 63]
[84, 48, 61]
[84, 49, 8]
[84, 50, 66]
[84, 51, 1]
[84, 52, 7]
[84, 53, 15]
[84, 54, 19]
[84, 55, 72]
[84, 56, 13]
[84, 57, 20]
[84, 58, 51]
[84, 59, 48]
[84, 60, 47]
[84, 61, 60]
[84, 62, 73]
[84, 67, 94]
[84, 76, 90]
[84, 77, 38]
[84, 80, 44]
[84, 81, 32]
[84, 84, 62]
[84, 86, 46]
[84, 87, 41]
[84, 92, 45]
[84, 95, 42]
[84, 97, 49]
[84, 98, 40]
[85, 0, 85]
[85, 1, 87]
[85, 2, 82]
[85, 3, 80]
[85, 4, 88]
[85, 5, 84]
[85, 6, 93]
[85, 7, 81]
[85, 8, 96]
[85, 9, 91]
[85, 10, 99]
[85, 11, 76]
[85, 12, 95]
[85, 13, 89]
[85, 14, 73]
[85, 15, 79]
[85, 16, 65]
[85, 17, 78]
[85, 19, 75]
[85, 20, 98]
[85, 22, 97]
[85, 23, 74]
[85, 24, 71]
[85, 25, 83]
[85, 26, 55]
[85, 27, 67]
[85, 28, 72]
[85, 29, 100]
[85, 31, 86]
[85, 32, 92]
[85, 36, 69]
[85, 37, 68]
[85, 42, 34]
[85, 46, 57]
[85, 47, 60]
[85, 48, 14]
[85, 49, 10]
[85, 50, 12]
[85, 51, 3]
[85, 52, 6]
[85, 53, 1]
[85, 54, 56]
[85, 55, 51]
[85, 56, 19]
[85, 57, 66]
[85, 58, 52]
[85, 59, 18]
[85, 60, 13]
[85, 62, 63]
[85, 64, 64]
[85, 65, 32]
[85, 66, 35]
[85, 68, 54]
[85, 73, 90]
[85, 75, 50]
[85, 79, 43]
[85, 81, 41]
[85, 82, 58]
[85, 83, 38]
[85, 84, 49]
[85, 91, 37]
[85, 93, 36]
[85, 94, 44]
[85, 95, 40]
[85, 97, 39]
[85, 98, 77]
[85, 99, 46]
[86, 0, 86]
[86, 1, 84]
[86, 2, 89]
[86, 3, 91]
[86, 4, 93]
[86, 5, 82]
[86, 6, 87]
[86, 7, 80]
[86, 8, 83]
[86, 9, 74]
[86, 10, 72]
[86, 11, 90]
[86, 12, 92]
[86, 13, 97]
[86, 14, 96]
[86, 17, 63]
[86, 18, 76]
[86, 19, 78]
[86, 21, 61]
[86, 22, 57]
[86, 23, 67]
[86, 24, 69]
[86, 25, 73]
[86, 27, 66]
[86, 28, 94]
[86, 29, 71]
[86, 30, 68]
[86, 31, 85]
[86, 33, 45]
[86, 34, 75]
[86, 38, 95]
[86, 44, 34]
[86, 45, 100]
[86, 46, 56]
[86, 47, 65]
[86, 48, 64]
[86, 49, 13]
[86, 50, 9]
[86, 51, 4]
[86, 52, 2]
[86, 53, 0]
[86, 54, 17]
[86, 55, 1]
[86, 56, 16]
[86, 57, 5]
[86, 58, 19]
[86, 59, 51]
[86, 60, 44]
[86, 61, 55]
[86, 62, 50]
[86, 65, 52]
[86, 66, 59]
[86, 67, 81]
[86, 68, 88]
[86, 70, 32]
[86, 74, 98]
[86, 75, 40]
[86, 76, 42]
[86, 79, 54]
[86, 82, 99]
[86, 83, 62]
[86, 85, 41]
[86, 89, 47]
[86, 92, 43]
[86, 93, 48]
[86, 94, 39]
[86, 100, 49]
[87, 0, 87]
[87, 1, 85]
[87, 2, 88]
[87, 3, 82]
[87, 4, 94]
[87, 5, 90]
[87, 6, 86]
[87, 7, 95]
[87, 8, 76]
[87, 9, 98]
[87, 10, 84]
[87, 11, 92]
[87, 12, 77]
[87, 13, 96]
[87, 14, 89]
[87, 15, 93]
[87, 16, 83]
[87, 17, 66]
[87, 18, 100]
[87, 20, 97]
[87, 23, 75]
[87, 25, 80]
[87, 26, 72]
[87, 27, 71]
[87, 29, 79]
[87, 32, 68]
[87, 33, 99]
[87, 35, 74]
[87, 36, 42]
[87, 39, 39]
[87, 40, 91]
[87, 45, 53]
[87, 46, 34]
[87, 48, 58]
[87, 49, 14]
[87, 50, 10]
[87, 51, 5]
[87, 52, 13]
[87, 53, 4]
[87, 54, 2]
[87, 55, 22]
[87, 56, 12]
[87, 57, 46]
[87, 58, 11]
[87, 59, 54]
[87, 60, 9]
[87, 61, 47]
[87, 62, 17]
[87, 63, 64]
[87, 64, 56]
[87, 65, 48]
[87, 66, 28]
[87, 67, 49]
[87, 69, 27]
[87, 73, 36]
[87, 76, 44]
[87, 77, 51]
[87, 78, 57]
[87, 80, 37]
[87, 84, 43]
[87, 86, 67]
[87, 91, 61]
[87, 92, 70]
[87, 93, 38]
[87, 95, 41]
[87, 96, 81]
[88, 0, 88]
[88, 1, 90]
[88, 2, 87]
[88, 3, 93]
[88, 4, 85]
[88, 5, 89]
[88, 6, 84]
[88, 7, 78]
[88, 8, 94]
[88, 9, 81]
[88, 10, 80]
[88, 11, 72]
[88, 12, 99]
[88, 13, 79]
[88, 15, 92]
[88, 16, 69]
[88, 17, 67]
[88, 18, 64]
[88, 19, 71]
[88, 20, 96]
[88, 21, 83]
[88, 23, 77]
[88, 24, 98]
[88, 25, 70]
[88, 26, 91]
[88, 28, 97]
[88, 29, 76]
[88, 32, 73]
[88, 36, 46]
[88, 38, 75]
[88, 40, 41]
[88, 42, 37]
[88, 43, 40]
[88, 46, 66]
[88, 47, 56]
[88, 49, 16]
[88, 50, 62]
[88, 51, 6]
[88, 52, 12]
[88, 53, 9]
[88, 54, 1]
[88, 55, 4]
[88, 56, 15]
[88, 57, 51]
[88, 58, 65]
[88, 61, 48]
[88, 62, 52]
[88, 64, 33]
[88, 65, 53]
[88, 67, 63]
[88, 68, 86]
[88, 69, 95]
[88, 70, 54]
[88, 72, 61]
[88, 74, 55]
[88, 75, 57]
[88, 77, 34]
[88, 79, 59]
[88, 80, 43]
[88, 81, 58]
[88, 83, 44]
[88, 92, 60]
[88, 95, 74]
[88, 98, 49]
[88, 99, 47]
[89, 0, 89]
[89, 1, 91]
[89, 2, 86]
[89, 3, 84]
[89, 4, 83]
[89, 5, 88]
[89, 6, 92]
[89, 7, 94]
[89, 8, 93]
[89, 9, 79]
[89, 10, 98]
[89, 11, 74]
[89, 12, 81]
[89, 13, 85]
[89, 14, 87]
[89, 15, 82]
[89, 16, 96]
[89, 17, 71]
[89, 19, 77]
[89, 20, 62]
[89, 21, 99]
[89, 23, 61]
[89, 24, 60]
[89, 25, 58]
[89, 27, 70]
[89, 31, 95]
[89, 35, 75]
[89, 36, 47]
[89, 37, 42]
[89, 38, 72]
[89, 40, 39]
[89, 42, 40]
[89, 43, 51]
[89, 45, 34]
[89, 46, 48]
[89, 47, 64]
[89, 49, 28]
[89, 50, 15]
[89, 51, 11]
[89, 52, 26]
[89, 53, 8]
[89, 54, 3]
[89, 55, 0]
[89, 56, 14]
[89, 57, 52]
[89, 58, 6]
[89, 59, 25]
[89, 60, 54]
[89, 61, 49]
[89, 62, 55]
[89, 63, 17]
[89, 64, 76]
[89, 65, 80]
[89, 67, 53]
[89, 70, 100]
[89, 71, 78]
[89, 72, 35]
[89, 77, 50]
[89, 78, 97]
[89, 79, 56]
[89, 81, 57]
[89, 84, 46]
[89, 87, 44]
[89, 90, 41]
[89, 91, 43]
[89, 93, 68]
[89, 94, 65]
[89, 99, 45]
[90, 0, 90]
[90, 1, 88]
[90, 2, 93]
[90, 3, 95]
[90, 4, 92]
[90, 5, 87]
[90, 6, 91]
[90, 7, 96]
[90, 9, 83]
[90, 10, 81]
[90, 11, 86]
[90, 13, 99]
[90, 14, 94]
[90, 16, 79]
[90, 17, 82]
[90, 19, 97]
[90, 21, 78]
[90, 22, 74]
[90, 23, 76]
[90, 24, 100]
[90, 26, 70]
[90, 27, 75]
[90, 30, 72]
[90, 32, 55]
[90, 35, 67]
[90, 40, 43]
[90, 44, 61]
[90, 45, 60]
[90, 46, 53]
[90, 47, 58]
[90, 49, 48]
[90, 50, 17]
[90, 51, 23]
[90, 52, 10]
[90, 53, 18]
[90, 54, 4]
[90, 55, 6]
[90, 56, 9]
[90, 57, 3]
[90, 58, 14]
[90, 59, 20]
[90, 60, 52]
[90, 61, 56]
[90, 62, 62]
[90, 63, 59]
[90, 64, 80]
[90, 66, 57]
[90, 67, 54]
[90, 70, 64]
[90, 71, 73]
[90, 73, 85]
[90, 76, 84]
[90, 77, 98]
[90, 82, 39]
[90, 83, 69]
[90, 84, 44]
[90, 87, 34]
[90, 88, 42]
[90, 90, 65]
[90, 92, 51]
[90, 98, 46]
[91, 0, 91]
[91, 1, 89]
[91, 2, 92]
[91, 3, 86]
[91, 4, 97]
[91, 5, 83]
[91, 6, 90]
[91, 7, 99]
[91, 8, 80]
[91, 9, 85]
[91, 11, 96]
[91, 12, 94]
[91, 14, 93]
[91, 15, 84]
[91, 17, 70]
[91, 19, 82]
[91, 20, 95]
[91, 21, 65]
[91, 23, 100]
[91, 24, 59]
[91, 26, 88]
[91, 28, 79]
[91, 29, 81]
[91, 32, 77]
[91, 34, 73]
[91, 35, 72]
[91, 37, 45]
[91, 38, 74]
[91, 39, 98]
[91, 40, 87]
[91, 47, 62]
[91, 49, 60]
[91, 50, 63]
[91, 51, 15]
[91, 52, 11]
[91, 53, 26]
[91, 54, 7]
[91, 55, 13]
[91, 56, 0]
[91, 57, 18]
[91, 58, 20]
[91, 59, 4]
[91, 60, 23]
[91, 62, 53]
[91, 63, 12]
[91, 64, 71]
[91, 65, 66]
[91, 66, 64]
[91, 67, 76]
[91, 68, 52]
[91, 70, 55]
[91, 74, 57]
[91, 79, 61]
[91, 82, 37]
[91, 83, 58]
[91, 85, 54]
[91, 86, 42]
[91, 90, 50]
[91, 92, 46]
[91, 95, 47]
[91, 98, 75]
[91, 100, 48]
[92, 0, 92]
[92, 1, 94]
[92, 2, 91]
[92, 3, 97]
[92, 4, 90]
[92, 5, 93]
[92, 6, 89]
[92, 7, 98]
[92, 9, 84]
[92, 10, 100]
[92, 11, 87]
[92, 12, 86]
[92, 13, 83]
[92, 14, 75]
[92, 15, 88]
[92, 20, 80]
[92, 22, 63]
[92, 23, 79]
[92, 24, 61]
[92, 26, 74]
[92, 27, 58]
[92, 28, 82]
[92, 29, 95]
[92, 30, 77]
[92, 32, 85]
[92, 43, 41]
[92, 46, 40]
[92, 47, 66]
[92, 49, 69]
[92, 50, 57]
[92, 51, 28]
[92, 52, 65]
[92, 53, 10]
[92, 54, 6]
[92, 55, 5]
[92, 56, 2]
[92, 57, 15]
[92, 58, 55]
[92, 59, 12]
[92, 60, 81]
[92, 61, 21]
[92, 62, 70]
[92, 63, 46]
[92, 64, 60]
[92, 65, 64]
[92, 66, 71]
[92, 67, 52]
[92, 72, 96]
[92, 76, 99]
[92, 77, 42]
[92, 81, 48]
[92, 82, 45]
[92, 85, 39]
[92, 87, 67]
[92, 88, 54]
[92, 89, 50]
[92, 98, 47]
[92, 100, 51]
[93, 0, 93]
[93, 1, 95]
[93, 2, 90]
[93, 3, 88]
[93, 4, 86]
[93, 5, 92]
[93, 6, 85]
[93, 7, 97]
[93, 8, 89]
[93, 9, 100]
[93, 13, 76]
[93, 14, 91]
[93, 15, 87]
[93, 18, 80]
[93, 19, 94]
[93, 20, 84]
[93, 21, 68]
[93, 24, 64]
[93, 27, 73]
[93, 28, 69]
[93, 31, 79]
[93, 32, 83]
[93, 35, 78]
[93, 36, 74]
[93, 37, 81]
[93, 38, 71]
[93, 42, 43]
[93, 43, 96]
[93, 49, 36]
[93, 50, 59]
[93, 51, 56]
[93, 52, 15]
[93, 53, 61]
[93, 54, 12]
[93, 55, 8]
[93, 56, 3]
[93, 57, 1]
[93, 58, 18]
[93, 59, 5]
[93, 60, 17]
[93, 62, 11]
[93, 63, 58]
[93, 65, 75]
[93, 66, 16]
[93, 67, 65]
[93, 68, 45]
[93, 72, 66]
[93, 73, 54]
[93, 84, 48]
[93, 85, 40]
[93, 87, 46]
[93, 91, 47]
[93, 99, 67]
[94, 0, 94]
[94, 1, 92]
[94, 2, 97]
[94, 3, 99]
[94, 4, 87]
[94, 5, 98]
[94, 6, 95]
[94, 7, 89]
[94, 8, 88]
[94, 9, 96]
[94, 11, 81]
[94, 12, 91]
[94, 14, 90]
[94, 16, 100]
[94, 17, 83]
[94, 18, 82]
[94, 19, 93]
[94, 23, 78]
[94, 24, 80]
[94, 25, 76]
[94, 27, 79]
[94, 28, 86]
[94, 29, 57]
[94, 31, 74]
[94, 35, 71]
[94, 36, 75]
[94, 39, 49]
[94, 40, 77]
[94, 41, 42]
[94, 43, 46]
[94, 47, 67]
[94, 48, 62]
[94, 50, 68]
[94, 51, 63]
[94, 52, 16]
[94, 53, 58]
[94, 54, 11]
[94, 55, 17]
[94, 56, 4]
[94, 57, 8]
[94, 58, 0]
[94, 59, 2]
[94, 60, 14]
[94, 61, 65]
[94, 62, 6]
[94, 64, 10]
[94, 65, 21]
[94, 66, 72]
[94, 67, 84]
[94, 68, 59]
[94, 69, 18]
[94, 76, 56]
[94, 79, 53]
[94, 85, 45]
[94, 86, 44]
[94, 90, 43]
[94, 91, 66]
[94, 93, 70]
[94, 98, 39]
[94, 99, 69]
[94, 100, 50]
[95, 0, 95]
[95, 1, 93]
[95, 2, 96]
[95, 3, 90]
[95, 6, 94]
[95, 7, 87]
[95, 8, 98]
[95, 10, 82]
[95, 11, 80]
[95, 12, 85]
[95, 13, 78]
[95, 14, 76]
[95, 15, 99]
[95, 17, 72]
[95, 19, 73]
[95, 20, 91]
[95, 21, 81]
[95, 22, 83]
[95, 26, 61]
[95, 29, 92]
[95, 30, 75]
[95, 31, 89]
[95, 34, 77]
[95, 38, 86]
[95, 39, 79]
[95, 40, 45]
[95, 43, 44]
[95, 49, 70]
[95, 51, 54]
[95, 52, 17]
[95, 53, 63]
[95, 54, 18]
[95, 55, 10]
[95, 56, 6]
[95, 57, 13]
[95, 58, 1]
[95, 59, 11]
[95, 60, 7]
[95, 61, 19]
[95, 62, 51]
[95, 63, 16]
[95, 64, 52]
[95, 65, 14]
[95, 66, 62]
[95, 67, 15]
[95, 68, 68]
[95, 69, 88]
[95, 70, 74]
[95, 72, 69]
[95, 73, 55]
[95, 74, 97]
[95, 80, 39]
[95, 82, 56]
[95, 84, 57]
[95, 85, 65]
[95, 87, 66]
[95, 93, 71]
[95, 95, 58]
[95, 96, 53]
[96, 0, 96]
[96, 1, 98]
[96, 2, 95]
[96, 5, 97]
[96, 6, 100]
[96, 7, 90]
[96, 8, 85]
[96, 9, 94]
[96, 11, 91]
[96, 13, 87]
[96, 14, 86]
[96, 16, 89]
[96, 18, 99]
[96, 20, 88]
[96, 21, 82]
[96, 23, 69]
[96, 24, 83]
[96, 25, 64]
[96, 26, 81]
[96, 29, 61]
[96, 30, 58]
[96, 32, 79]
[96, 34, 76]
[96, 35, 80]
[96, 36, 77]
[96, 39, 48]
[96, 41, 57]
[96, 42, 47]
[96, 43, 93]
[96, 45, 44]
[96, 46, 39]
[96, 50, 60]
[96, 51, 59]
[96, 52, 73]
[96, 53, 67]
[96, 54, 23]
[96, 55, 20]
[96, 56, 22]
[96, 57, 21]
[96, 58, 3]
[96, 59, 0]
[96, 60, 72]
[96, 61, 1]
[96, 62, 24]
[96, 63, 5]
[96, 64, 62]
[96, 65, 55]
[96, 66, 66]
[96, 67, 10]
[96, 68, 65]
[96, 70, 53]
[96, 72, 92]
[96, 74, 32]
[96, 77, 37]
[96, 78, 63]
[96, 83, 42]
[96, 84, 45]
[96, 86, 43]
[96, 94, 46]
[96, 96, 50]
[96, 97, 71]
[96, 99, 54]
[97, 0, 97]
[97, 1, 99]
[97, 2, 94]
[97, 3, 92]
[97, 4, 91]
[97, 5, 96]
[97, 7, 93]
[97, 12, 100]
[97, 13, 86]
[97, 15, 98]
[97, 18, 77]
[97, 19, 90]
[97, 20, 87]
[97, 22, 85]
[97, 23, 84]
[97, 25, 66]
[97, 27, 62]
[97, 28, 88]
[97, 30, 74]
[97, 34, 72]
[97, 36, 78]
[97, 37, 73]
[97, 38, 81]
[97, 39, 76]
[97, 45, 43]
[97, 49, 58]
[97, 50, 69]
[97, 52, 68]
[97, 54, 27]
[97, 55, 26]
[97, 56, 11]
[97, 57, 7]
[97, 58, 5]
[97, 59, 1]
[97, 60, 4]
[97, 61, 6]
[97, 62, 65]
[97, 63, 51]
[97, 64, 23]
[97, 65, 61]
[97, 66, 70]
[97, 67, 80]
[97, 68, 17]
[97, 69, 59]
[97, 71, 60]
[97, 74, 95]
[97, 76, 53]
[97, 77, 82]
[97, 78, 89]
[97, 80, 34]
[97, 82, 49]
[97, 85, 42]
[97, 86, 39]
[97, 89, 67]
[97, 90, 71]
[97, 93, 45]
[97, 94, 64]
[97, 97, 63]
[97, 99, 50]
[98, 0, 98]
[98, 1, 96]
[98, 4, 100]
[98, 5, 94]
[98, 6, 99]
[98, 7, 92]
[98, 8, 95]
[98, 9, 87]
[98, 10, 89]
[98, 12, 82]
[98, 15, 97]
[98, 16, 76]
[98, 20, 85]
[98, 24, 88]
[98, 26, 65]
[98, 28, 73]
[98, 29, 84]
[98, 30, 80]
[98, 33, 81]
[98, 39, 91]
[98, 40, 48]
[98, 41, 75]
[98, 42, 45]
[98, 43, 47]
[98, 46, 83]
[98, 51, 68]
[98, 53, 36]
[98, 54, 59]
[98, 55, 19]
[98, 56, 17]
[98, 57, 16]
[98, 58, 9]
[98, 59, 8]
[98, 60, 15]
[98, 62, 78]
[98, 63, 20]
[98, 64, 6]
[98, 65, 58]
[98, 66, 12]
[98, 68, 21]
[98, 69, 55]
[98, 71, 49]
[98, 74, 86]
[98, 77, 90]
[98, 78, 62]
[98, 79, 64]
[98, 81, 61]
[98, 88, 44]
[98, 90, 63]
[98, 91, 51]
[98, 92, 50]
[98, 96, 72]
[98, 98, 69]
[99, 0, 99]
[99, 1, 97]
[99, 2, 100]
[99, 3, 94]
[99, 6, 98]
[99, 7, 91]
[99, 10, 85]
[99, 12, 88]
[99, 13, 90]
[99, 15, 95]
[99, 17, 79]
[99, 18, 96]
[99, 21, 89]
[99, 24, 84]
[99, 26, 68]
[99, 28, 75]
[99, 33, 87]
[99, 36, 82]
[99, 37, 72]
[99, 38, 76]
[99, 44, 81]
[99, 46, 44]
[99, 49, 71]
[99, 50, 64]
[99, 51, 62]
[99, 53, 77]
[99, 54, 54]
[99, 55, 23]
[99, 56, 26]
[99, 57, 12]
[99, 58, 7]
[99, 59, 13]
[99, 60, 1]
[99, 61, 0]
[99, 62, 2]
[99, 63, 73]
[99, 64, 14]
[99, 65, 22]
[99, 66, 11]
[99, 67, 66]
[99, 68, 40]
[99, 69, 38]
[99, 70, 59]
[99, 71, 50]
[99, 72, 67]
[99, 74, 61]
[99, 76, 92]
[99, 78, 70]
[99, 81, 69]
[99, 82, 86]
[99, 84, 65]
[99, 85, 46]
[99, 88, 63]
[99, 90, 42]
[99, 91, 74]
[99, 92, 48]
[99, 94, 45]
[99, 99, 52]
[100, 0, 100]
[100, 2, 99]
[100, 4, 98]
[100, 6, 96]
[100, 9, 93]
[100, 10, 92]
[100, 12, 97]
[100, 13, 84]
[100, 16, 94]
[100, 18, 87]
[100, 20, 77]
[100, 21, 75]
[100, 22, 82]
[100, 23, 91]
[100, 24, 90]
[100, 25, 71]
[100, 27, 80]
[100, 29, 85]
[100, 30, 61]
[100, 34, 78]
[100, 37, 76]
[100, 40, 55]
[100, 41, 52]
[100, 45, 86]
[100, 46, 46]
[100, 49, 39]
[100, 52, 59]
[100, 54, 72]
[100, 55, 24]
[100, 56, 28]
[100, 57, 32]
[100, 58, 10]
[100, 59, 65]
[100, 60, 3]
[100, 61, 9]
[100, 62, 12]
[100, 63, 21]
[100, 64, 15]
[100, 65, 19]
[100, 66, 58]
[100, 67, 22]
[100, 69, 60]
[100, 70, 89]
[100, 71, 68]
[100, 74, 83]
[100, 76, 69]
[100, 82, 64]
[100, 86, 48]
[100, 95, 81]
[100, 96, 40]
[100, 97, 54]
[100, 99, 73]
[100, 100, 56]
