[0, 0, 0]
[0, 1, 2]
[0, 2, 1]
[0, 3, 5]
[0, 4, 7]
[0, 5, 3]
[0, 6, 10]
[0, 7, 4]
[0, 8, 13]
[0, 9, 15]
[0, 10, 6]
[0, 11, 18]
[0, 12, 20]
[0, 13, 8]
[0, 14, 23]
[0, 15, 9]
[0, 16, 26]
[0, 17, 28]
[0, 18, 11]
[0, 19, 31]
[0, 20, 12]
[0, 21, 34]
[0, 22, 36]
[0, 23, 14]
[0, 24, 39]
[0, 25, 41]
[0, 26, 16]
[0, 27, 44]
[0, 28, 17]
[0, 29, 47]
[0, 30, 49]
[0, 31, 19]
[0, 32, 52]
[0, 33, 54]
[0, 34, 21]
[0, 35, 57]
[0, 36, 22]
[0, 37, 60]
[0, 39, 24]
[0, 41, 25]
[0, 44, 27]
[0, 47, 29]
[0, 49, 30]
[0, 52, 32]
[0, 54, 33]
[0, 57, 35]
[0, 60, 37]
[1, 0, 1]
[1, 1, 3]
[1, 2, 0]
[1, 3, 6]
[1, 4, 4]
[1, 5, 2]
[1, 6, 5]
[1, 7, 12]
[1, 8, 14]
[1, 9, 16]
[1, 10, 18]
[1, 11, 15]
[1, 12, 7]
[1, 13, 9]
[1, 14, 24]
[1, 15, 8]
[1, 16, 25]
[1, 17, 11]
[1, 18, 10]
[1, 19, 30]
[1, 20, 33]
[1, 21, 35]
[1, 22, 13]
[1, 23, 38]
[1, 24, 36]
[1, 25, 42]
[1, 26, 44]
[1, 27, 43]
[1, 28, 47]
[1, 29, 19]
[1, 30, 17]
[1, 31, 20]
[1, 32, 53]
[1, 33, 21]
[1, 34, 56]
[1, 35, 55]
[1, 36, 59]
[1, 38, 22]
[1, 40, 23]
[1, 41, 26]
[1, 42, 28]
[1, 46, 27]
[1, 49, 29]
[1, 50, 32]
[1, 52, 31]
[1, 56, 34]
[2, 0, 2]
[2, 1, 0]
[2, 2, 5]
[2, 3, 3]
[2, 4, 8]
[2, 5, 1]
[2, 6, 4]
[2, 7, 13]
[2, 8, 9]
[2, 9, 17]
[2, 10, 7]
[2, 11, 6]
[2, 12, 19]
[2, 13, 22]
[2, 14, 25]
[2, 15, 20]
[2, 16, 10]
[2, 17, 27]
[2, 18, 30]
[2, 19, 12]
[2, 20, 34]
[2, 21, 11]
[2, 22, 37]
[2, 23, 15]
[2, 24, 40]
[2, 25, 38]
[2, 26, 14]
[2, 27, 16]
[2, 28, 45]
[2, 29, 49]
[2, 30, 21]
[2, 31, 50]
[2, 32, 18]
[2, 33, 51]
[2, 34, 55]
[2, 35, 58]
[2, 36, 60]
[2, 37, 24]
[2, 38, 23]
[2, 43, 26]
[2, 44, 28]
[2, 48, 29]
[2, 51, 31]
[2, 53, 35]
[2, 55, 32]
[2, 57, 33]
[2, 58, 36]
[2, 60, 39]
[3, 0, 3]
[3, 1, 1]
[3, 2, 4]
[3, 3, 2]
[3, 4, 9]
[3, 5, 0]
[3, 6, 7]
[3, 7, 11]
[3, 8, 15]
[3, 9, 5]
[3, 10, 8]
[3, 11, 17]
[3, 12, 21]
[3, 13, 10]
[3, 14, 6]
[3, 15, 27]
[3, 16, 29]
[3, 17, 25]
[3, 18, 32]
[3, 19, 34]
[3, 20, 14]
[3, 21, 12]
[3, 22, 38]
[3, 23, 13]
[3, 24, 35]
[3, 25, 18]
[3, 26, 43]
[3, 27, 37]
[3, 28, 48]
[3, 29, 50]
[3, 30, 16]
[3, 31, 49]
[3, 32, 20]
[3, 33, 55]
[3, 34, 23]
[3, 35, 19]
[3, 37, 22]
[3, 39, 26]
[3, 40, 59]
[3, 41, 24]
[3, 46, 28]
[3, 50, 30]
[3, 53, 31]
[3, 55, 36]
[3, 59, 33]
[4, 0, 4]
[4, 1, 6]
[4, 2, 3]
[4, 3, 9]
[4, 4, 1]
[4, 5, 7]
[4, 6, 2]
[4, 7, 0]
[4, 8, 8]
[4, 9, 12]
[4, 10, 17]
[4, 11, 5]
[4, 12, 10]
[4, 13, 23]
[4, 14, 13]
[4, 15, 26]
[4, 16, 11]
[4, 17, 31]
[4, 18, 33]
[4, 19, 35]
[4, 20, 28]
[4, 21, 30]
[4, 22, 14]
[4, 23, 40]
[4, 24, 15]
[4, 25, 37]
[4, 26, 39]
[4, 27, 45]
[4, 28, 18]
[4, 29, 51]
[4, 30, 19]
[4, 31, 52]
[4, 32, 16]
[4, 33, 53]
[4, 34, 22]
[4, 35, 20]
[4, 38, 24]
[4, 39, 21]
[4, 42, 29]
[4, 44, 25]
[4, 47, 27]
[4, 49, 32]
[4, 57, 36]
[4, 58, 34]
[5, 0, 5]
[5, 1, 7]
[5, 2, 2]
[5, 3, 0]
[5, 4, 11]
[5, 5, 6]
[5, 6, 1]
[5, 7, 9]
[5, 8, 12]
[5, 9, 3]
[5, 10, 19]
[5, 11, 4]
[5, 12, 15]
[5, 13, 21]
[5, 14, 10]
[5, 15, 25]
[5, 16, 14]
[5, 17, 8]
[5, 18, 17]
[5, 19, 32]
[5, 20, 31]
[5, 21, 13]
[5, 22, 34]
[5, 23, 39]
[5, 24, 42]
[5, 25, 44]
[5, 26, 40]
[5, 27, 47]
[5, 28, 16]
[5, 29, 52]
[5, 30, 20]
[5, 31, 18]
[5, 32, 54]
[5, 33, 48]
[5, 34, 51]
[5, 35, 56]
[5, 37, 23]
[5, 38, 27]
[5, 42, 24]
[5, 43, 22]
[5, 45, 28]
[5, 48, 26]
[5, 49, 33]
[5, 50, 35]
[5, 53, 30]
[5, 54, 29]
[5, 56, 36]
[5, 60, 41]
[6, 0, 6]
[6, 1, 4]
[6, 2, 9]
[6, 3, 1]
[6, 4, 12]
[6, 5, 5]
[6, 6, 11]
[6, 7, 16]
[6, 8, 18]
[6, 9, 8]
[6, 10, 0]
[6, 11, 2]
[6, 12, 14]
[6, 13, 24]
[6, 14, 3]
[6, 15, 7]
[6, 16, 17]
[6, 17, 10]
[6, 18, 15]
[6, 19, 13]
[6, 20, 36]
[6, 21, 33]
[6, 22, 35]
[6, 23, 19]
[6, 24, 28]
[6, 25, 20]
[6, 26, 46]
[6, 27, 42]
[6, 28, 49]
[6, 29, 48]
[6, 30, 44]
[6, 31, 54]
[6, 32, 56]
[6, 33, 58]
[6, 34, 60]
[6, 35, 21]
[6, 36, 23]
[6, 37, 59]
[6, 39, 22]
[6, 40, 57]
[6, 41, 29]
[6, 44, 26]
[6, 45, 25]
[6, 46, 30]
[6, 47, 32]
[6, 48, 27]
[6, 50, 31]
[6, 57, 34]
[6, 59, 37]
[7, 0, 7]
[7, 1, 5]
[7, 2, 8]
[7, 3, 11]
[7, 4, 0]
[7, 5, 4]
[7, 6, 3]
[7, 7, 17]
[7, 8, 19]
[7, 9, 10]
[7, 10, 2]
[7, 11, 13]
[7, 12, 1]
[7, 13, 16]
[7, 14, 9]
[7, 15, 6]
[7, 16, 28]
[7, 17, 22]
[7, 18, 12]
[7, 19, 33]
[7, 20, 18]
[7, 21, 21]
[7, 22, 15]
[7, 23, 32]
[7, 24, 37]
[7, 25, 40]
[7, 26, 45]
[7, 27, 14]
[7, 28, 44]
[7, 29, 46]
[7, 30, 50]
[7, 31, 53]
[7, 32, 57]
[7, 33, 59]
[7, 34, 24]
[7, 35, 23]
[7, 39, 20]
[7, 40, 25]
[7, 42, 26]
[7, 44, 30]
[7, 49, 31]
[7, 50, 29]
[7, 53, 27]
[7, 55, 38]
[7, 59, 34]
[8, 0, 8]
[8, 1, 10]
[8, 2, 7]
[8, 3, 13]
[8, 4, 2]
[8, 5, 9]
[8, 6, 17]
[8, 7, 19]
[8, 8, 4]
[8, 9, 6]
[8, 10, 3]
[8, 11, 14]
[8, 12, 18]
[8, 13, 0]
[8, 14, 27]
[8, 15, 1]
[8, 16, 15]
[8, 17, 5]
[8, 18, 20]
[8, 19, 36]
[8, 20, 21]
[8, 21, 28]
[8, 22, 11]
[8, 23, 23]
[8, 24, 38]
[8, 25, 16]
[8, 26, 47]
[8, 27, 12]
[8, 28, 22]
[8, 29, 24]
[8, 30, 48]
[8, 31, 46]
[8, 32, 51]
[8, 33, 25]
[8, 34, 54]
[8, 35, 59]
[8, 36, 52]
[8, 39, 29]
[8, 45, 26]
[8, 47, 31]
[8, 50, 33]
[8, 52, 30]
[8, 54, 34]
[8, 56, 32]
[8, 58, 35]
[8, 60, 42]
[9, 0, 9]
[9, 1, 11]
[9, 2, 6]
[9, 3, 4]
[9, 4, 3]
[9, 5, 8]
[9, 6, 12]
[9, 7, 5]
[9, 8, 2]
[9, 9, 20]
[9, 10, 22]
[9, 11, 16]
[9, 12, 25]
[9, 13, 1]
[9, 14, 7]
[9, 15, 0]
[9, 16, 18]
[9, 17, 32]
[9, 18, 34]
[9, 19, 14]
[9, 20, 17]
[9, 21, 10]
[9, 22, 30]
[9, 23, 37]
[9, 24, 41]
[9, 25, 15]
[9, 26, 13]
[9, 27, 23]
[9, 28, 19]
[9, 29, 29]
[9, 30, 51]
[9, 31, 55]
[9, 32, 24]
[9, 33, 40]
[9, 34, 53]
[9, 35, 60]
[9, 37, 57]
[9, 40, 21]
[9, 41, 59]
[9, 43, 27]
[9, 47, 33]
[9, 51, 26]
[9, 52, 35]
[9, 54, 28]
[9, 55, 31]
[9, 57, 39]
[9, 59, 38]
[10, 0, 10]
[10, 1, 8]
[10, 2, 13]
[10, 3, 15]
[10, 4, 17]
[10, 5, 14]
[10, 6, 0]
[10, 7, 21]
[10, 8, 11]
[10, 9, 7]
[10, 10, 16]
[10, 11, 26]
[10, 12, 4]
[10, 13, 3]
[10, 14, 5]
[10, 15, 23]
[10, 16, 2]
[10, 17, 6]
[10, 18, 1]
[10, 19, 19]
[10, 20, 37]
[10, 21, 9]
[10, 22, 24]
[10, 23, 27]
[10, 24, 20]
[10, 25, 12]
[10, 26, 25]
[10, 27, 22]
[10, 28, 29]
[10, 29, 34]
[10, 30, 52]
[10, 31, 28]
[10, 32, 58]
[10, 33, 18]
[10, 34, 50]
[10, 36, 55]
[10, 37, 30]
[10, 38, 59]
[10, 40, 60]
[10, 48, 32]
[10, 51, 33]
[10, 56, 35]
[10, 57, 31]
[10, 59, 36]
[10, 60, 40]
[11, 0, 11]
[11, 1, 9]
[11, 2, 12]
[11, 3, 7]
[11, 4, 5]
[11, 5, 19]
[11, 6, 6]
[11, 7, 3]
[11, 8, 10]
[11, 9, 14]
[11, 10, 13]
[11, 11, 23]
[11, 12, 28]
[11, 13, 20]
[11, 14, 29]
[11, 15, 24]
[11, 16, 4]
[11, 17, 1]
[11, 18, 0]
[11, 19, 37]
[11, 20, 39]
[11, 21, 2]
[11, 22, 8]
[11, 23, 16]
[11, 24, 21]
[11, 25, 17]
[11, 26, 48]
[11, 27, 18]
[11, 28, 26]
[11, 29, 35]
[11, 30, 53]
[11, 31, 30]
[11, 32, 22]
[11, 33, 27]
[11, 34, 58]
[11, 35, 15]
[11, 36, 31]
[11, 38, 25]
[11, 39, 56]
[11, 41, 54]
[11, 43, 32]
[11, 48, 33]
[11, 55, 34]
[11, 57, 40]
[11, 60, 38]
[12, 0, 12]
[12, 1, 14]
[12, 2, 11]
[12, 3, 17]
[12, 4, 6]
[12, 5, 13]
[12, 6, 9]
[12, 7, 1]
[12, 8, 5]
[12, 9, 4]
[12, 10, 20]
[12, 11, 22]
[12, 12, 27]
[12, 13, 30]
[12, 14, 32]
[12, 15, 21]
[12, 16, 23]
[12, 17, 18]
[12, 18, 7]
[12, 19, 2]
[12, 20, 0]
[12, 21, 3]
[12, 22, 41]
[12, 23, 28]
[12, 24, 44]
[12, 25, 10]
[12, 26, 24]
[12, 27, 8]
[12, 28, 50]
[12, 29, 15]
[12, 30, 54]
[12, 31, 35]
[12, 32, 25]
[12, 33, 29]
[12, 34, 26]
[12, 35, 34]
[12, 36, 36]
[12, 37, 58]
[12, 39, 55]
[12, 41, 16]
[12, 42, 19]
[12, 44, 31]
[12, 45, 33]
[12, 46, 37]
[12, 48, 38]
[12, 55, 39]
[13, 0, 13]
[13, 1, 15]
[13, 2, 10]
[13, 3, 8]
[13, 4, 16]
[13, 5, 12]
[13, 6, 21]
[13, 7, 2]
[13, 8, 0]
[13, 9, 18]
[13, 10, 11]
[13, 11, 7]
[13, 12, 29]
[13, 13, 31]
[13, 14, 4]
[13, 15, 34]
[13, 16, 27]
[13, 17, 33]
[13, 18, 22]
[13, 19, 6]
[13, 20, 19]
[13, 21, 5]
[13, 22, 1]
[13, 23, 3]
[13, 24, 24]
[13, 25, 23]
[13, 26, 9]
[13, 27, 30]
[13, 28, 14]
[13, 29, 17]
[13, 30, 32]
[13, 31, 25]
[13, 32, 59]
[13, 33, 39]
[13, 34, 57]
[13, 35, 45]
[13, 37, 26]
[13, 38, 35]
[13, 43, 28]
[13, 44, 37]
[13, 45, 36]
[13, 46, 20]
[13, 58, 40]
[14, 0, 14]
[14, 1, 12]
[14, 2, 17]
[14, 3, 19]
[14, 4, 21]
[14, 5, 10]
[14, 6, 15]
[14, 7, 20]
[14, 8, 1]
[14, 9, 11]
[14, 10, 28]
[14, 11, 8]
[14, 12, 6]
[14, 13, 32]
[14, 14, 18]
[14, 15, 35]
[14, 16, 5]
[14, 17, 24]
[14, 18, 26]
[14, 19, 9]
[14, 20, 3]
[14, 21, 22]
[14, 22, 4]
[14, 23, 0]
[14, 24, 16]
[14, 25, 31]
[14, 26, 2]
[14, 27, 7]
[14, 28, 13]
[14, 29, 53]
[14, 30, 33]
[14, 31, 41]
[14, 32, 27]
[14, 34, 59]
[14, 36, 34]
[14, 37, 37]
[14, 38, 29]
[14, 39, 23]
[14, 40, 36]
[14, 41, 40]
[14, 42, 54]
[14, 46, 25]
[14, 51, 38]
[14, 53, 39]
[14, 54, 42]
[14, 55, 30]
[15, 0, 15]
[15, 1, 13]
[15, 2, 16]
[15, 3, 10]
[15, 4, 22]
[15, 5, 18]
[15, 6, 14]
[15, 7, 23]
[15, 8, 3]
[15, 9, 0]
[15, 10, 21]
[15, 11, 1]
[15, 12, 5]
[15, 13, 19]
[15, 14, 34]
[15, 15, 32]
[15, 16, 8]
[15, 17, 17]
[15, 18, 6]
[15, 19, 20]
[15, 20, 25]
[15, 21, 31]
[15, 22, 7]
[15, 23, 2]
[15, 24, 4]
[15, 25, 9]
[15, 26, 29]
[15, 27, 26]
[15, 28, 37]
[15, 29, 12]
[15, 30, 28]
[15, 31, 27]
[15, 32, 36]
[15, 33, 52]
[15, 35, 11]
[15, 36, 30]
[15, 38, 40]
[15, 39, 60]
[15, 41, 38]
[15, 43, 24]
[15, 44, 33]
[15, 48, 35]
[15, 55, 41]
[16, 0, 16]
[16, 1, 18]
[16, 2, 15]
[16, 3, 21]
[16, 4, 13]
[16, 5, 17]
[16, 6, 20]
[16, 7, 6]
[16, 8, 27]
[16, 9, 1]
[16, 10, 10]
[16, 11, 9]
[16, 12, 22]
[16, 13, 7]
[16, 14, 35]
[16, 15, 30]
[16, 16, 24]
[16, 17, 23]
[16, 18, 29]
[16, 19, 39]
[16, 20, 42]
[16, 21, 44]
[16, 22, 19]
[16, 23, 11]
[16, 24, 14]
[16, 25, 8]
[16, 26, 0]
[16, 27, 2]
[16, 28, 5]
[16, 29, 25]
[16, 30, 3]
[16, 31, 26]
[16, 32, 4]
[16, 33, 38]
[16, 34, 36]
[16, 35, 28]
[16, 36, 40]
[16, 38, 41]
[16, 41, 12]
[16, 42, 33]
[16, 43, 50]
[16, 44, 45]
[16, 47, 34]
[16, 51, 32]
[16, 54, 43]
[16, 55, 37]
[16, 60, 46]
[17, 0, 17]
[17, 1, 19]
[17, 2, 14]
[17, 3, 12]
[17, 4, 10]
[17, 5, 16]
[17, 6, 8]
[17, 7, 7]
[17, 8, 21]
[17, 9, 2]
[17, 10, 4]
[17, 11, 3]
[17, 12, 26]
[17, 13, 29]
[17, 14, 22]
[17, 15, 37]
[17, 16, 6]
[17, 17, 15]
[17, 18, 5]
[17, 19, 40]
[17, 20, 9]
[17, 21, 36]
[17, 22, 32]
[17, 23, 18]
[17, 24, 31]
[17, 25, 11]
[17, 26, 27]
[17, 27, 50]
[17, 28, 0]
[17, 29, 13]
[17, 30, 1]
[17, 31, 51]
[17, 32, 60]
[17, 33, 57]
[17, 34, 33]
[17, 35, 38]
[17, 36, 24]
[17, 37, 20]
[17, 38, 43]
[17, 39, 30]
[17, 40, 44]
[17, 41, 23]
[17, 44, 41]
[17, 46, 42]
[17, 47, 25]
[17, 48, 28]
[17, 49, 34]
[17, 58, 39]
[17, 59, 35]
[18, 0, 18]
[18, 1, 16]
[18, 2, 21]
[18, 3, 23]
[18, 4, 20]
[18, 5, 15]
[18, 6, 19]
[18, 7, 24]
[18, 8, 6]
[18, 9, 13]
[18, 10, 1]
[18, 11, 0]
[18, 12, 8]
[18, 13, 25]
[18, 14, 14]
[18, 15, 36]
[18, 16, 9]
[18, 17, 12]
[18, 18, 40]
[18, 19, 27]
[18, 20, 7]
[18, 21, 26]
[18, 22, 45]
[18, 23, 17]
[18, 24, 30]
[18, 25, 3]
[18, 26, 28]
[18, 27, 11]
[18, 28, 4]
[18, 29, 43]
[18, 30, 22]
[18, 31, 5]
[18, 32, 2]
[18, 33, 10]
[18, 34, 31]
[18, 35, 42]
[18, 37, 46]
[18, 38, 49]
[18, 39, 38]
[18, 43, 29]
[18, 44, 32]
[18, 45, 48]
[18, 47, 37]
[18, 49, 50]
[18, 52, 33]
[18, 55, 35]
[18, 56, 41]
[19, 0, 19]
[19, 1, 17]
[19, 2, 20]
[19, 3, 14]
[19, 4, 25]
[19, 5, 11]
[19, 6, 18]
[19, 7, 8]
[19, 8, 7]
[19, 9, 24]
[19, 10, 5]
[19, 11, 28]
[19, 12, 2]
[19, 13, 15]
[19, 14, 36]
[19, 15, 38]
[19, 16, 40]
[19, 17, 21]
[19, 18, 23]
[19, 19, 10]
[19, 20, 13]
[19, 21, 41]
[19, 22, 16]
[19, 23, 6]
[19, 24, 49]
[19, 25, 33]
[19, 26, 26]
[19, 27, 53]
[19, 28, 9]
[19, 29, 1]
[19, 30, 4]
[19, 31, 0]
[19, 32, 35]
[19, 33, 43]
[19, 34, 30]
[19, 35, 3]
[19, 36, 50]
[19, 37, 44]
[19, 39, 27]
[19, 42, 12]
[19, 43, 56]
[19, 44, 22]
[19, 45, 29]
[19, 46, 31]
[19, 47, 39]
[19, 48, 45]
[19, 49, 47]
[19, 51, 60]
[19, 52, 34]
[19, 53, 32]
[19, 57, 37]
[19, 59, 46]
[20, 0, 20]
[20, 1, 22]
[20, 2, 19]
[20, 3, 25]
[20, 4, 18]
[20, 5, 21]
[20, 6, 16]
[20, 7, 14]
[20, 8, 26]
[20, 9, 9]
[20, 10, 12]
[20, 11, 30]
[20, 12, 0]
[20, 13, 11]
[20, 14, 37]
[20, 15, 2]
[20, 16, 31]
[20, 17, 29]
[20, 18, 8]
[20, 19, 15]
[20, 20, 44]
[20, 21, 24]
[20, 22, 28]
[20, 23, 48]
[20, 24, 10]
[20, 25, 6]
[20, 26, 35]
[20, 27, 32]
[20, 28, 23]
[20, 29, 33]
[20, 30, 5]
[20, 31, 1]
[20, 32, 3]
[20, 33, 34]
[20, 34, 45]
[20, 35, 4]
[20, 37, 17]
[20, 38, 46]
[20, 39, 7]
[20, 40, 53]
[20, 44, 38]
[20, 45, 27]
[20, 46, 13]
[20, 47, 36]
[20, 48, 41]
[20, 49, 40]
[20, 50, 42]
[20, 52, 49]
[20, 53, 52]
[20, 56, 39]
[21, 0, 21]
[21, 1, 23]
[21, 2, 18]
[21, 3, 16]
[21, 4, 14]
[21, 5, 20]
[21, 6, 13]
[21, 7, 10]
[21, 8, 17]
[21, 9, 28]
[21, 10, 15]
[21, 11, 29]
[21, 12, 3]
[21, 13, 5]
[21, 14, 31]
[21, 15, 12]
[21, 16, 39]
[21, 17, 19]
[21, 18, 38]
[21, 19, 43]
[21, 20, 8]
[21, 21, 7]
[21, 22, 47]
[21, 23, 35]
[21, 24, 11]
[21, 25, 51]
[21, 26, 37]
[21, 27, 25]
[21, 28, 42]
[21, 29, 22]
[21, 30, 2]
[21, 31, 58]
[21, 32, 33]
[21, 33, 1]
[21, 34, 0]
[21, 35, 6]
[21, 36, 44]
[21, 37, 41]
[21, 39, 4]
[21, 40, 9]
[21, 41, 36]
[21, 42, 27]
[21, 45, 24]
[21, 46, 26]
[21, 47, 30]
[21, 49, 55]
[21, 50, 34]
[21, 51, 45]
[21, 52, 48]
[21, 53, 53]
[21, 54, 32]
[21, 55, 54]
[21, 56, 46]
[21, 59, 40]
[21, 60, 49]
[22, 0, 22]
[22, 1, 20]
[22, 2, 25]
[22, 3, 27]
[22, 4, 15]
[22, 5, 26]
[22, 6, 23]
[22, 7, 32]
[22, 8, 28]
[22, 9, 35]
[22, 10, 9]
[22, 11, 12]
[22, 12, 16]
[22, 13, 2]
[22, 14, 17]
[22, 15, 29]
[22, 16, 34]
[22, 17, 7]
[22, 18, 13]
[22, 19, 46]
[22, 20, 48]
[22, 21, 14]
[22, 22, 51]
[22, 23, 33]
[22, 24, 54]
[22, 25, 56]
[22, 26, 31]
[22, 27, 10]
[22, 28, 8]
[22, 29, 21]
[22, 30, 18]
[22, 31, 38]
[22, 32, 11]
[22, 33, 41]
[22, 34, 4]
[22, 35, 47]
[22, 36, 0]
[22, 37, 3]
[22, 38, 1]
[22, 39, 6]
[22, 40, 24]
[22, 41, 37]
[22, 42, 58]
[22, 43, 5]
[22, 44, 19]
[22, 45, 39]
[22, 46, 43]
[22, 47, 45]
[22, 48, 57]
[22, 50, 36]
[22, 52, 52]
[22, 53, 44]
[22, 54, 30]
[22, 57, 42]
[22, 58, 60]
[23, 0, 23]
[23, 1, 21]
[23, 2, 24]
[23, 3, 18]
[23, 4, 29]
[23, 5, 31]
[23, 6, 22]
[23, 7, 15]
[23, 8, 35]
[23, 9, 26]
[23, 10, 34]
[23, 11, 11]
[23, 12, 33]
[23, 13, 4]
[23, 14, 0]
[23, 15, 10]
[23, 16, 12]
[23, 17, 16]
[23, 18, 19]
[23, 19, 47]
[23, 20, 27]
[23, 21, 39]
[23, 22, 52]
[23, 23, 8]
[23, 24, 43]
[23, 25, 13]
[23, 26, 36]
[23, 27, 9]
[23, 28, 20]
[23, 29, 40]
[23, 30, 59]
[23, 31, 44]
[23, 32, 30]
[23, 33, 42]
[23, 34, 3]
[23, 35, 7]
[23, 36, 6]
[23, 37, 5]
[23, 38, 2]
[23, 39, 14]
[23, 40, 1]
[23, 41, 17]
[23, 42, 25]
[23, 43, 45]
[23, 44, 48]
[23, 45, 32]
[23, 46, 49]
[23, 47, 28]
[23, 48, 60]
[23, 50, 56]
[23, 52, 46]
[23, 53, 37]
[23, 56, 53]
[23, 57, 50]
[23, 58, 38]
[24, 0, 24]
[24, 1, 26]
[24, 2, 23]
[24, 3, 29]
[24, 4, 31]
[24, 5, 25]
[24, 6, 28]
[24, 7, 18]
[24, 8, 36]
[24, 9, 19]
[24, 10, 33]
[24, 11, 27]
[24, 12, 41]
[24, 13, 6]
[24, 14, 1]
[24, 15, 11]
[24, 16, 16]
[24, 17, 14]
[24, 18, 35]
[24, 19, 38]
[24, 20, 32]
[24, 21, 20]
[24, 22, 10]
[24, 23, 54]
[24, 24, 13]
[24, 25, 39]
[24, 26, 12]
[24, 27, 57]
[24, 28, 46]
[24, 29, 8]
[24, 30, 45]
[24, 31, 40]
[24, 32, 9]
[24, 34, 7]
[24, 35, 37]
[24, 36, 17]
[24, 37, 2]
[24, 38, 4]
[24, 39, 0]
[24, 40, 22]
[24, 41, 3]
[24, 42, 5]
[24, 43, 15]
[24, 44, 42]
[24, 45, 21]
[24, 46, 50]
[24, 47, 52]
[24, 48, 49]
[24, 49, 43]
[24, 50, 53]
[24, 51, 34]
[24, 52, 47]
[24, 53, 59]
[24, 54, 44]
[24, 56, 48]
[24, 59, 30]
[24, 60, 51]
[25, 0, 25]
[25, 1, 27]
[25, 2, 22]
[25, 3, 20]
[25, 4, 19]
[25, 5, 24]
[25, 6, 33]
[25, 7, 30]
[25, 8, 32]
[25, 9, 31]
[25, 10, 38]
[25, 11, 40]
[25, 12, 9]
[25, 13, 18]
[25, 14, 2]
[25, 15, 5]
[25, 16, 1]
[25, 17, 3]
[25, 18, 28]
[25, 19, 26]
[25, 20, 15]
[25, 21, 42]
[25, 22, 53]
[25, 23, 36]
[25, 24, 56]
[25, 25, 34]
[25, 26, 10]
[25, 27, 21]
[25, 29, 16]
[25, 30, 46]
[25, 31, 13]
[25, 32, 12]
[25, 33, 8]
[25, 34, 37]
[25, 35, 35]
[25, 36, 48]
[25, 37, 43]
[25, 38, 11]
[25, 39, 41]
[25, 40, 7]
[25, 41, 0]
[25, 42, 23]
[25, 44, 4]
[25, 45, 6]
[25, 46, 14]
[25, 47, 17]
[25, 48, 59]
[25, 49, 45]
[25, 50, 49]
[25, 51, 44]
[25, 52, 29]
[25, 53, 51]
[25, 54, 55]
[25, 56, 60]
[25, 58, 50]
[26, 0, 26]
[26, 1, 24]
[26, 2, 29]
[26, 3, 31]
[26, 4, 28]
[26, 5, 22]
[26, 6, 27]
[26, 7, 36]
[26, 8, 20]
[26, 9, 23]
[26, 10, 30]
[26, 11, 10]
[26, 12, 17]
[26, 13, 38]
[26, 14, 44]
[26, 15, 4]
[26, 16, 0]
[26, 17, 35]
[26, 18, 14]
[26, 19, 25]
[26, 20, 51]
[26, 21, 18]
[26, 22, 33]
[26, 23, 42]
[26, 24, 57]
[26, 25, 47]
[26, 26, 19]
[26, 27, 15]
[26, 28, 11]
[26, 29, 37]
[26, 30, 40]
[26, 31, 16]
[26, 32, 32]
[26, 33, 46]
[26, 34, 12]
[26, 35, 50]
[26, 36, 39]
[26, 37, 13]
[26, 38, 45]
[26, 39, 3]
[26, 41, 1]
[26, 42, 7]
[26, 43, 2]
[26, 44, 6]
[26, 45, 8]
[26, 46, 21]
[26, 47, 49]
[26, 48, 5]
[26, 50, 48]
[26, 51, 9]
[26, 54, 58]
[26, 57, 43]
[26, 59, 60]
[26, 60, 34]
[27, 0, 27]
[27, 1, 25]
[27, 2, 28]
[27, 3, 22]
[27, 4, 33]
[27, 5, 30]
[27, 6, 26]
[27, 7, 35]
[27, 8, 16]
[27, 9, 39]
[27, 10, 41]
[27, 11, 24]
[27, 12, 12]
[27, 13, 34]
[27, 14, 8]
[27, 15, 3]
[27, 16, 13]
[27, 17, 2]
[27, 18, 50]
[27, 19, 18]
[27, 20, 23]
[27, 21, 32]
[27, 22, 29]
[27, 23, 10]
[27, 24, 47]
[27, 25, 59]
[27, 26, 17]
[27, 27, 60]
[27, 29, 38]
[27, 30, 42]
[27, 31, 15]
[27, 32, 14]
[27, 33, 11]
[27, 34, 44]
[27, 35, 31]
[27, 36, 53]
[27, 37, 51]
[27, 38, 5]
[27, 39, 19]
[27, 40, 46]
[27, 42, 21]
[27, 43, 9]
[27, 44, 0]
[27, 45, 20]
[27, 46, 1]
[27, 47, 4]
[27, 48, 6]
[27, 49, 54]
[27, 51, 55]
[27, 53, 7]
[27, 56, 49]
[27, 57, 58]
[27, 58, 56]
[27, 60, 36]
[28, 0, 28]
[28, 1, 30]
[28, 2, 27]
[28, 3, 33]
[28, 4, 26]
[28, 5, 29]
[28, 6, 24]
[28, 7, 34]
[28, 8, 22]
[28, 9, 21]
[28, 10, 14]
[28, 11, 19]
[28, 12, 11]
[28, 13, 36]
[28, 14, 45]
[28, 15, 47]
[28, 16, 7]
[28, 17, 0]
[28, 18, 25]
[28, 19, 52]
[28, 20, 4]
[28, 21, 8]
[28, 22, 20]
[28, 23, 12]
[28, 24, 6]
[28, 25, 35]
[28, 26, 18]
[28, 27, 40]
[28, 28, 54]
[28, 30, 15]
[28, 31, 10]
[28, 32, 43]
[28, 33, 50]
[28, 35, 16]
[28, 36, 56]
[28, 37, 31]
[28, 38, 44]
[28, 39, 58]
[28, 40, 49]
[28, 41, 41]
[28, 42, 1]
[28, 43, 13]
[28, 44, 2]
[28, 45, 5]
[28, 46, 3]
[28, 47, 23]
[28, 48, 17]
[28, 50, 51]
[28, 52, 57]
[28, 53, 46]
[28, 54, 9]
[28, 57, 60]
[28, 58, 32]
[29, 0, 29]
[29, 1, 31]
[29, 2, 26]
[29, 3, 24]
[29, 4, 23]
[29, 5, 28]
[29, 6, 32]
[29, 7, 38]
[29, 8, 33]
[29, 9, 41]
[29, 10, 43]
[29, 11, 21]
[29, 12, 13]
[29, 13, 17]
[29, 14, 11]
[29, 15, 22]
[29, 16, 3]
[29, 17, 20]
[29, 18, 16]
[29, 19, 53]
[29, 20, 40]
[29, 21, 48]
[29, 22, 27]
[29, 23, 45]
[29, 24, 52]
[29, 25, 60]
[29, 26, 15]
[29, 28, 10]
[29, 29, 9]
[29, 31, 39]
[29, 32, 46]
[29, 33, 12]
[29, 34, 34]
[29, 35, 51]
[29, 36, 54]
[29, 37, 49]
[29, 38, 14]
[29, 39, 8]
[29, 40, 30]
[29, 41, 6]
[29, 42, 4]
[29, 43, 18]
[29, 44, 36]
[29, 45, 19]
[29, 47, 0]
[29, 48, 2]
[29, 49, 1]
[29, 50, 7]
[29, 51, 35]
[29, 52, 25]
[29, 54, 5]
[29, 56, 37]
[29, 58, 57]
[29, 59, 50]
[29, 60, 55]
[30, 0, 30]
[30, 1, 28]
[30, 2, 33]
[30, 3, 35]
[30, 4, 32]
[30, 5, 27]
[30, 6, 31]
[30, 7, 25]
[30, 8, 34]
[30, 9, 38]
[30, 10, 26]
[30, 11, 20]
[30, 12, 36]
[30, 13, 12]
[30, 14, 47]
[30, 15, 16]
[30, 16, 50]
[30, 17, 37]
[30, 18, 2]
[30, 19, 1]
[30, 20, 41]
[30, 21, 4]
[30, 22, 9]
[30, 23, 46]
[30, 24, 18]
[30, 27, 13]
[30, 28, 40]
[30, 29, 39]
[30, 30, 43]
[30, 31, 11]
[30, 32, 23]
[30, 34, 19]
[30, 35, 54]
[30, 36, 15]
[30, 37, 10]
[30, 38, 42]
[30, 39, 17]
[30, 40, 29]
[30, 41, 56]
[30, 42, 59]
[30, 44, 7]
[30, 45, 51]
[30, 46, 6]
[30, 47, 21]
[30, 48, 48]
[30, 49, 0]
[30, 50, 3]
[30, 51, 58]
[30, 52, 8]
[30, 53, 5]
[30, 54, 22]
[30, 55, 14]
[30, 57, 45]
[30, 59, 24]
[30, 60, 53]
[31, 0, 31]
[31, 1, 29]
[31, 2, 32]
[31, 3, 26]
[31, 4, 24]
[31, 5, 23]
[31, 6, 30]
[31, 7, 39]
[31, 8, 41]
[31, 9, 25]
[31, 10, 44]
[31, 11, 36]
[31, 12, 34]
[31, 13, 13]
[31, 14, 21]
[31, 15, 42]
[31, 16, 20]
[31, 17, 4]
[31, 18, 53]
[31, 19, 0]
[31, 20, 5]
[31, 21, 15]
[31, 22, 43]
[31, 23, 49]
[31, 24, 17]
[31, 25, 14]
[31, 26, 22]
[31, 27, 46]
[31, 28, 57]
[31, 30, 38]
[31, 31, 45]
[31, 34, 18]
[31, 35, 27]
[31, 36, 11]
[31, 37, 28]
[31, 38, 50]
[31, 39, 40]
[31, 40, 51]
[31, 42, 52]
[31, 43, 48]
[31, 44, 12]
[31, 45, 35]
[31, 46, 19]
[31, 47, 8]
[31, 48, 54]
[31, 49, 7]
[31, 50, 6]
[31, 51, 2]
[31, 52, 1]
[31, 53, 3]
[31, 55, 9]
[31, 56, 33]
[31, 57, 10]
[31, 60, 58]
[32, 0, 32]
[32, 1, 34]
[32, 2, 31]
[32, 3, 37]
[32, 4, 30]
[32, 5, 33]
[32, 6, 29]
[32, 7, 22]
[32, 8, 25]
[32, 9, 36]
[32, 10, 40]
[32, 11, 35]
[32, 12, 43]
[32, 13, 14]
[32, 14, 12]
[32, 15, 15]
[32, 16, 41]
[32, 17, 9]
[32, 18, 3]
[32, 19, 5]
[32, 20, 24]
[32, 21, 27]
[32, 22, 17]
[32, 23, 7]
[32, 24, 45]
[32, 26, 38]
[32, 27, 20]
[32, 30, 13]
[32, 32, 26]
[32, 34, 47]
[32, 35, 44]
[32, 37, 39]
[32, 38, 52]
[32, 40, 50]
[32, 41, 46]
[32, 42, 53]
[32, 43, 11]
[32, 44, 18]
[32, 45, 23]
[32, 47, 6]
[32, 48, 10]
[32, 49, 4]
[32, 50, 1]
[32, 51, 16]
[32, 52, 0]
[32, 53, 19]
[32, 54, 21]
[32, 55, 2]
[32, 56, 8]
[32, 58, 28]
[33, 0, 33]
[33, 1, 35]
[33, 2, 30]
[33, 3, 28]
[33, 4, 27]
[33, 5, 32]
[33, 6, 25]
[33, 7, 37]
[33, 8, 29]
[33, 9, 40]
[33, 10, 24]
[33, 11, 43]
[33, 12, 23]
[33, 13, 39]
[33, 14, 49]
[33, 15, 44]
[33, 16, 36]
[33, 17, 13]
[33, 18, 4]
[33, 19, 7]
[33, 20, 1]
[33, 21, 6]
[33, 22, 26]
[33, 23, 22]
[33, 24, 46]
[33, 25, 19]
[33, 26, 42]
[33, 28, 41]
[33, 29, 20]
[33, 30, 14]
[33, 32, 21]
[33, 34, 17]
[33, 35, 52]
[33, 38, 53]
[33, 39, 57]
[33, 42, 16]
[33, 43, 55]
[33, 44, 15]
[33, 45, 12]
[33, 46, 38]
[33, 47, 9]
[33, 48, 11]
[33, 49, 5]
[33, 50, 8]
[33, 51, 10]
[33, 52, 18]
[33, 53, 50]
[33, 54, 0]
[33, 56, 31]
[33, 57, 2]
[33, 58, 59]
[33, 59, 3]
[33, 60, 60]
[34, 0, 34]
[34, 1, 32]
[34, 2, 37]
[34, 3, 39]
[34, 4, 36]
[34, 5, 38]
[34, 6, 35]
[34, 7, 28]
[34, 8, 30]
[34, 9, 46]
[34, 10, 23]
[34, 11, 49]
[34, 12, 31]
[34, 13, 27]
[34, 14, 15]
[34, 15, 13]
[34, 16, 22]
[34, 17, 40]
[34, 18, 9]
[34, 19, 3]
[34, 20, 2]
[34, 21, 0]
[34, 22, 5]
[34, 23, 43]
[34, 24, 48]
[34, 25, 25]
[34, 26, 41]
[34, 27, 52]
[34, 28, 55]
[34, 29, 10]
[34, 30, 56]
[34, 31, 59]
[34, 33, 20]
[34, 34, 29]
[34, 35, 12]
[34, 36, 14]
[34, 37, 53]
[34, 39, 51]
[34, 41, 45]
[34, 43, 42]
[34, 47, 16]
[34, 49, 17]
[34, 50, 21]
[34, 51, 24]
[34, 52, 19]
[34, 53, 47]
[34, 54, 8]
[34, 55, 11]
[34, 56, 1]
[34, 57, 6]
[34, 58, 4]
[34, 59, 7]
[34, 60, 26]
[35, 0, 35]
[35, 1, 33]
[35, 2, 36]
[35, 3, 30]
[35, 4, 41]
[35, 5, 43]
[35, 6, 34]
[35, 7, 27]
[35, 8, 23]
[35, 9, 22]
[35, 10, 39]
[35, 11, 32]
[35, 12, 42]
[35, 13, 46]
[35, 14, 16]
[35, 15, 14]
[35, 16, 47]
[35, 17, 26]
[35, 18, 24]
[35, 19, 4]
[35, 20, 56]
[35, 21, 1]
[35, 22, 6]
[35, 23, 21]
[35, 24, 3]
[35, 25, 28]
[35, 26, 20]
[35, 27, 51]
[35, 29, 11]
[35, 30, 55]
[35, 31, 12]
[35, 32, 19]
[35, 33, 49]
[35, 34, 48]
[35, 35, 25]
[35, 36, 58]
[35, 38, 13]
[35, 41, 53]
[35, 42, 38]
[35, 43, 54]
[35, 45, 31]
[35, 47, 57]
[35, 48, 15]
[35, 49, 44]
[35, 50, 5]
[35, 51, 29]
[35, 52, 9]
[35, 53, 2]
[35, 55, 18]
[35, 56, 10]
[35, 57, 0]
[35, 58, 8]
[35, 59, 17]
[36, 0, 36]
[36, 1, 38]
[36, 2, 35]
[36, 3, 41]
[36, 4, 34]
[36, 5, 37]
[36, 6, 40]
[36, 7, 26]
[36, 8, 24]
[36, 9, 32]
[36, 10, 45]
[36, 11, 31]
[36, 12, 30]
[36, 13, 28]
[36, 14, 19]
[36, 15, 18]
[36, 16, 33]
[36, 17, 56]
[36, 18, 43]
[36, 19, 8]
[36, 20, 6]
[36, 21, 17]
[36, 22, 0]
[36, 23, 25]
[36, 24, 1]
[36, 25, 49]
[36, 26, 23]
[36, 27, 54]
[36, 28, 59]
[36, 29, 55]
[36, 30, 39]
[36, 31, 60]
[36, 32, 15]
[36, 33, 44]
[36, 34, 16]
[36, 36, 12]
[36, 37, 50]
[36, 40, 14]
[36, 41, 21]
[36, 44, 29]
[36, 45, 13]
[36, 47, 20]
[36, 48, 42]
[36, 50, 22]
[36, 51, 52]
[36, 52, 58]
[36, 54, 53]
[36, 55, 3]
[36, 56, 5]
[36, 57, 4]
[36, 58, 2]
[36, 59, 10]
[36, 60, 27]
[37, 0, 37]
[37, 1, 39]
[37, 2, 34]
[37, 3, 32]
[37, 4, 40]
[37, 5, 36]
[37, 6, 45]
[37, 7, 33]
[37, 8, 43]
[37, 9, 42]
[37, 10, 50]
[37, 11, 38]
[37, 12, 53]
[37, 13, 41]
[37, 14, 20]
[37, 15, 17]
[37, 16, 46]
[37, 17, 30]
[37, 18, 52]
[37, 19, 11]
[37, 20, 10]
[37, 22, 2]
[37, 23, 9]
[37, 24, 7]
[37, 25, 4]
[37, 26, 21]
[37, 27, 3]
[37, 28, 15]
[37, 29, 26]
[37, 31, 47]
[37, 32, 49]
[37, 34, 25]
[37, 35, 24]
[37, 36, 57]
[37, 37, 14]
[37, 38, 56]
[37, 41, 22]
[37, 44, 13]
[37, 45, 59]
[37, 46, 12]
[37, 47, 18]
[37, 48, 44]
[37, 52, 55]
[37, 53, 23]
[37, 55, 16]
[37, 56, 29]
[37, 57, 19]
[37, 59, 6]
[37, 60, 0]
[38, 0, 38]
[38, 1, 36]
[38, 2, 41]
[38, 3, 43]
[38, 4, 45]
[38, 5, 34]
[38, 6, 39]
[38, 7, 29]
[38, 8, 44]
[38, 9, 30]
[38, 10, 25]
[38, 11, 37]
[38, 12, 46]
[38, 13, 26]
[38, 14, 51]
[38, 15, 19]
[38, 16, 58]
[38, 17, 48]
[38, 18, 21]
[38, 19, 24]
[38, 20, 47]
[38, 21, 49]
[38, 22, 3]
[38, 23, 1]
[38, 24, 8]
[38, 25, 2]
[38, 26, 32]
[38, 27, 59]
[38, 29, 27]
[38, 30, 31]
[38, 31, 22]
[38, 32, 40]
[38, 33, 16]
[38, 35, 17]
[38, 37, 55]
[38, 38, 57]
[38, 39, 18]
[38, 40, 56]
[38, 41, 15]
[38, 42, 35]
[38, 44, 20]
[38, 46, 33]
[38, 48, 12]
[38, 50, 50]
[38, 51, 14]
[38, 53, 42]
[38, 55, 7]
[38, 57, 54]
[38, 58, 23]
[38, 59, 9]
[38, 60, 11]
[39, 0, 39]
[39, 1, 37]
[39, 2, 40]
[39, 3, 34]
[39, 4, 46]
[39, 5, 42]
[39, 6, 38]
[39, 7, 31]
[39, 8, 48]
[39, 9, 27]
[39, 10, 35]
[39, 11, 45]
[39, 12, 47]
[39, 13, 33]
[39, 14, 41]
[39, 15, 56]
[39, 16, 21]
[39, 17, 60]
[39, 18, 51]
[39, 19, 16]
[39, 20, 11]
[39, 21, 23]
[39, 23, 5]
[39, 24, 0]
[39, 25, 24]
[39, 26, 4]
[39, 27, 49]
[39, 28, 58]
[39, 29, 30]
[39, 30, 36]
[39, 31, 29]
[39, 33, 13]
[39, 36, 26]
[39, 37, 32]
[39, 41, 55]
[39, 44, 57]
[39, 45, 22]
[39, 47, 19]
[39, 50, 54]
[39, 53, 14]
[39, 55, 12]
[39, 56, 20]
[39, 57, 9]
[39, 58, 17]
[39, 59, 43]
[39, 60, 2]
[40, 0, 40]
[40, 1, 42]
[40, 2, 39]
[40, 3, 45]
[40, 4, 37]
[40, 5, 41]
[40, 6, 36]
[40, 7, 46]
[40, 8, 51]
[40, 9, 33]
[40, 10, 32]
[40, 11, 25]
[40, 12, 44]
[40, 13, 57]
[40, 14, 43]
[40, 15, 49]
[40, 16, 19]
[40, 17, 34]
[40, 18, 18]
[40, 19, 17]
[40, 20, 29]
[40, 21, 59]
[40, 22, 50]
[40, 23, 4]
[40, 24, 2]
[40, 25, 7]
[40, 26, 5]
[40, 27, 28]
[40, 28, 30]
[40, 29, 23]
[40, 30, 26]
[40, 31, 24]
[40, 32, 38]
[40, 33, 9]
[40, 35, 53]
[40, 36, 16]
[40, 37, 52]
[40, 38, 15]
[40, 39, 31]
[40, 40, 47]
[40, 41, 14]
[40, 44, 56]
[40, 49, 20]
[40, 57, 11]
[40, 58, 13]
[40, 59, 21]
[40, 60, 10]
[41, 0, 41]
[41, 1, 43]
[41, 2, 38]
[41, 3, 36]
[41, 4, 35]
[41, 5, 40]
[41, 6, 44]
[41, 7, 47]
[41, 8, 31]
[41, 9, 29]
[41, 10, 27]
[41, 11, 48]
[41, 12, 24]
[41, 13, 37]
[41, 14, 39]
[41, 15, 54]
[41, 16, 32]
[41, 17, 46]
[41, 20, 30]
[41, 21, 19]
[41, 22, 12]
[41, 23, 55]
[41, 24, 9]
[41, 25, 0]
[41, 26, 34]
[41, 28, 33]
[41, 29, 56]
[41, 31, 14]
[41, 33, 22]
[41, 36, 51]
[41, 37, 21]
[41, 38, 16]
[41, 39, 25]
[41, 41, 28]
[41, 42, 49]
[41, 44, 17]
[41, 45, 58]
[41, 46, 60]
[41, 48, 20]
[41, 49, 52]
[41, 54, 45]
[41, 55, 15]
[41, 56, 18]
[41, 57, 59]
[41, 60, 5]
[42, 0, 42]
[42, 1, 40]
[42, 2, 45]
[42, 3, 47]
[42, 4, 44]
[42, 5, 39]
[42, 6, 43]
[42, 7, 48]
[42, 8, 46]
[42, 9, 37]
[42, 10, 55]
[42, 11, 57]
[42, 12, 35]
[42, 13, 49]
[42, 15, 31]
[42, 17, 50]
[42, 19, 51]
[42, 20, 16]
[42, 21, 25]
[42, 23, 26]
[42, 24, 5]
[42, 25, 1]
[42, 26, 33]
[42, 27, 6]
[42, 28, 21]
[42, 29, 58]
[42, 30, 27]
[42, 31, 56]
[42, 33, 23]
[42, 34, 52]
[42, 35, 18]
[42, 38, 30]
[42, 40, 54]
[42, 43, 34]
[42, 44, 24]
[42, 46, 17]
[42, 48, 36]
[42, 50, 20]
[42, 52, 60]
[42, 53, 38]
[42, 54, 14]
[42, 57, 22]
[42, 58, 53]
[42, 59, 59]
[42, 60, 8]
[43, 0, 43]
[43, 1, 41]
[43, 2, 44]
[43, 3, 38]
[43, 4, 49]
[43, 5, 35]
[43, 6, 42]
[43, 7, 51]
[43, 8, 37]
[43, 9, 48]
[43, 10, 29]
[43, 11, 33]
[43, 12, 32]
[43, 13, 54]
[43, 14, 40]
[43, 15, 52]
[43, 17, 55]
[43, 18, 36]
[43, 19, 21]
[43, 22, 31]
[43, 23, 34]
[43, 24, 23]
[43, 25, 46]
[43, 26, 3]
[43, 27, 1]
[43, 28, 60]
[43, 29, 18]
[43, 30, 30]
[43, 32, 28]
[43, 33, 19]
[43, 37, 25]
[43, 38, 17]
[43, 39, 53]
[43, 41, 58]
[43, 43, 59]
[43, 46, 22]
[43, 49, 24]
[43, 52, 45]
[43, 54, 16]
[43, 57, 26]
[43, 59, 39]
[43, 60, 57]
[44, 0, 44]
[44, 1, 46]
[44, 2, 43]
[44, 3, 49]
[44, 4, 42]
[44, 5, 45]
[44, 6, 41]
[44, 7, 50]
[44, 8, 38]
[44, 9, 56]
[44, 10, 31]
[44, 11, 53]
[44, 12, 40]
[44, 13, 47]
[44, 14, 26]
[44, 15, 33]
[44, 16, 55]
[44, 17, 54]
[44, 20, 20]
[44, 21, 16]
[44, 23, 59]
[44, 24, 12]
[44, 25, 5]
[44, 26, 1]
[44, 27, 0]
[44, 28, 7]
[44, 30, 6]
[44, 31, 23]
[44, 32, 48]
[44, 33, 36]
[44, 34, 27]
[44, 35, 32]
[44, 36, 21]
[44, 37, 19]
[44, 38, 28]
[44, 40, 17]
[44, 42, 51]
[44, 48, 37]
[44, 49, 35]
[44, 51, 25]
[44, 53, 22]
[44, 54, 24]
[44, 59, 58]
[45, 0, 45]
[45, 1, 47]
[45, 2, 42]
[45, 3, 40]
[45, 4, 38]
[45, 5, 44]
[45, 6, 37]
[45, 7, 49]
[45, 8, 52]
[45, 9, 50]
[45, 10, 36]
[45, 11, 39]
[45, 12, 55]
[45, 13, 60]
[45, 14, 28]
[45, 16, 48]
[45, 17, 53]
[45, 18, 56]
[45, 21, 54]
[45, 22, 18]
[45, 23, 29]
[45, 24, 32]
[45, 26, 7]
[45, 27, 4]
[45, 28, 2]
[45, 29, 59]
[45, 30, 24]
[45, 31, 31]
[45, 34, 20]
[45, 35, 13]
[45, 38, 26]
[45, 41, 34]
[45, 43, 23]
[45, 44, 16]
[45, 47, 22]
[45, 48, 19]
[45, 49, 25]
[45, 51, 21]
[45, 52, 43]
[45, 54, 41]
[45, 57, 30]
[46, 0, 46]
[46, 1, 44]
[46, 2, 49]
[46, 3, 51]
[46, 4, 39]
[46, 5, 50]
[46, 6, 47]
[46, 7, 40]
[46, 8, 42]
[46, 9, 34]
[46, 10, 52]
[46, 11, 55]
[46, 12, 38]
[46, 13, 35]
[46, 14, 53]
[46, 16, 37]
[46, 17, 41]
[46, 18, 58]
[46, 19, 22]
[46, 20, 57]
[46, 22, 60]
[46, 23, 30]
[46, 24, 33]
[46, 25, 43]
[46, 26, 6]
[46, 27, 31]
[46, 28, 24]
[46, 29, 7]
[46, 30, 25]
[46, 31, 8]
[46, 32, 29]
[46, 33, 26]
[46, 37, 18]
[46, 38, 20]
[46, 39, 59]
[46, 40, 27]
[46, 41, 32]
[46, 52, 23]
[46, 53, 28]
[46, 54, 48]
[46, 56, 21]
[46, 59, 19]
[46, 60, 16]
[47, 0, 47]
[47, 1, 45]
[47, 2, 48]
[47, 3, 42]
[47, 4, 53]
[47, 5, 55]
[47, 6, 46]
[47, 7, 41]
[47, 8, 50]
[47, 9, 52]
[47, 10, 51]
[47, 11, 56]
[47, 12, 39]
[47, 13, 44]
[47, 14, 30]
[47, 15, 28]
[47, 16, 35]
[47, 19, 23]
[47, 20, 38]
[47, 22, 21]
[47, 23, 58]
[47, 24, 27]
[47, 25, 26]
[47, 26, 8]
[47, 27, 5]
[47, 28, 1]
[47, 29, 0]
[47, 30, 60]
[47, 31, 37]
[47, 34, 32]
[47, 35, 22]
[47, 40, 40]
[47, 49, 19]
[47, 52, 24]
[47, 53, 34]
[47, 58, 49]
[48, 0, 48]
[48, 1, 50]
[48, 2, 47]
[48, 3, 53]
[48, 4, 55]
[48, 5, 49]
[48, 6, 52]
[48, 7, 42]
[48, 8, 39]
[48, 9, 43]
[48, 10, 57]
[48, 11, 41]
[48, 14, 56]
[48, 16, 45]
[48, 17, 38]
[48, 19, 58]
[48, 20, 22]
[48, 21, 29]
[48, 23, 20]
[48, 24, 34]
[48, 26, 11]
[48, 28, 3]
[48, 29, 6]
[48, 30, 8]
[48, 32, 44]
[48, 33, 5]
[48, 34, 35]
[48, 36, 25]
[48, 38, 54]
[48, 41, 60]
[48, 43, 31]
[48, 44, 23]
[48, 45, 18]
[48, 47, 51]
[48, 48, 30]
[48, 50, 26]
[48, 52, 21]
[48, 54, 46]
[48, 56, 24]
[49, 0, 49]
[49, 1, 51]
[49, 2, 46]
[49, 3, 44]
[49, 4, 43]
[49, 5, 48]
[49, 6, 57]
[49, 7, 45]
[49, 8, 55]
[49, 9, 54]
[49, 10, 56]
[49, 11, 34]
[49, 12, 60]
[49, 13, 42]
[49, 14, 33]
[49, 15, 40]
[49, 17, 59]
[49, 19, 50]
[49, 21, 38]
[49, 22, 58]
[49, 23, 31]
[49, 24, 19]
[49, 25, 36]
[49, 27, 39]
[49, 28, 6]
[49, 29, 2]
[49, 30, 0]
[49, 31, 3]
[49, 32, 37]
[49, 33, 35]
[49, 37, 29]
[49, 38, 18]
[49, 40, 28]
[49, 42, 41]
[49, 43, 53]
[49, 46, 23]
[49, 47, 26]
[49, 48, 24]
[49, 50, 25]
[49, 52, 20]
[49, 56, 27]
[49, 58, 47]
[49, 59, 52]
[49, 60, 21]
[50, 0, 50]
[50, 1, 48]
[50, 2, 53]
[50, 3, 55]
[50, 4, 52]
[50, 5, 46]
[50, 6, 51]
[50, 7, 44]
[50, 8, 47]
[50, 9, 45]
[50, 10, 37]
[50, 11, 54]
[50, 12, 56]
[50, 13, 59]
[50, 16, 30]
[50, 17, 42]
[50, 18, 27]
[50, 19, 49]
[50, 20, 60]
[50, 22, 40]
[50, 25, 57]
[50, 27, 17]
[50, 28, 12]
[50, 29, 3]
[50, 30, 7]
[50, 31, 2]
[50, 33, 28]
[50, 34, 10]
[50, 35, 26]
[50, 36, 19]
[50, 37, 36]
[50, 38, 31]
[50, 40, 32]
[50, 43, 16]
[50, 46, 24]
[50, 49, 18]
[50, 50, 38]
[50, 53, 33]
[50, 57, 23]
[50, 58, 25]
[50, 59, 29]
[51, 0, 51]
[51, 1, 49]
[51, 2, 52]
[51, 3, 46]
[51, 4, 57]
[51, 5, 54]
[51, 6, 50]
[51, 7, 43]
[51, 8, 40]
[51, 10, 47]
[51, 11, 58]
[51, 14, 38]
[51, 15, 55]
[51, 18, 39]
[51, 19, 42]
[51, 20, 26]
[51, 21, 56]
[51, 22, 22]
[51, 25, 21]
[51, 27, 35]
[51, 29, 4]
[51, 30, 9]
[51, 31, 17]
[51, 32, 8]
[51, 33, 2]
[51, 34, 5]
[51, 35, 29]
[51, 36, 41]
[51, 37, 27]
[51, 38, 60]
[51, 39, 34]
[51, 40, 31]
[51, 42, 44]
[51, 45, 30]
[51, 47, 48]
[51, 50, 28]
[51, 53, 25]
[51, 60, 24]
[52, 0, 52]
[52, 1, 54]
[52, 2, 51]
[52, 3, 57]
[52, 4, 50]
[52, 5, 53]
[52, 6, 48]
[52, 7, 58]
[52, 8, 45]
[52, 9, 47]
[52, 10, 46]
[52, 14, 55]
[52, 15, 43]
[52, 16, 59]
[52, 18, 37]
[52, 19, 28]
[52, 22, 23]
[52, 24, 29]
[52, 27, 34]
[52, 29, 5]
[52, 30, 10]
[52, 31, 4]
[52, 32, 0]
[52, 33, 15]
[52, 34, 42]
[52, 35, 33]
[52, 36, 8]
[52, 37, 40]
[52, 38, 32]
[52, 42, 31]
[52, 43, 60]
[52, 45, 56]
[52, 47, 24]
[52, 49, 41]
[52, 51, 36]
[52, 52, 22]
[52, 53, 20]
[52, 59, 49]
[53, 0, 53]
[53, 1, 55]
[53, 2, 50]
[53, 3, 48]
[53, 4, 47]
[53, 5, 52]
[53, 6, 56]
[53, 7, 59]
[53, 8, 57]
[53, 11, 44]
[53, 12, 37]
[53, 14, 46]
[53, 17, 45]
[53, 18, 31]
[53, 19, 29]
[53, 21, 58]
[53, 22, 25]
[53, 26, 60]
[53, 27, 19]
[53, 29, 14]
[53, 30, 11]
[53, 31, 7]
[53, 32, 1]
[53, 33, 4]
[53, 34, 9]
[53, 35, 40]
[53, 36, 27]
[53, 37, 34]
[53, 38, 33]
[53, 39, 43]
[53, 40, 20]
[53, 41, 35]
[53, 42, 32]
[53, 43, 49]
[53, 50, 24]
[53, 53, 21]
[53, 54, 36]
[53, 56, 23]
[53, 58, 42]
[53, 60, 30]
[54, 0, 54]
[54, 1, 52]
[54, 2, 57]
[54, 3, 59]
[54, 4, 56]
[54, 5, 51]
[54, 6, 55]
[54, 8, 58]
[54, 9, 49]
[54, 11, 50]
[54, 13, 43]
[54, 15, 41]
[54, 17, 44]
[54, 21, 45]
[54, 23, 24]
[54, 24, 22]
[54, 27, 36]
[54, 28, 28]
[54, 29, 60]
[54, 30, 12]
[54, 31, 6]
[54, 32, 5]
[54, 33, 0]
[54, 34, 8]
[54, 35, 30]
[54, 36, 29]
[54, 38, 48]
[54, 40, 42]
[54, 41, 11]
[54, 42, 14]
[54, 43, 35]
[54, 48, 31]
[54, 49, 27]
[54, 50, 39]
[54, 55, 21]
[54, 57, 38]
[55, 0, 55]
[55, 1, 53]
[55, 2, 56]
[55, 3, 50]
[55, 4, 48]
[55, 5, 47]
[55, 6, 54]
[55, 7, 60]
[55, 8, 49]
[55, 10, 42]
[55, 11, 46]
[55, 12, 45]
[55, 13, 58]
[55, 14, 52]
[55, 15, 51]
[55, 16, 44]
[55, 17, 43]
[55, 18, 57]
[55, 22, 59]
[55, 23, 41]
[55, 28, 34]
[55, 29, 36]
[55, 30, 35]
[55, 31, 9]
[55, 33, 3]
[55, 34, 2]
[55, 35, 1]
[55, 36, 10]
[55, 37, 38]
[55, 39, 12]
[55, 41, 39]
[55, 43, 33]
[55, 49, 21]
[55, 51, 27]
[55, 52, 37]
[55, 54, 25]
[55, 60, 29]
[56, 0, 56]
[56, 1, 58]
[56, 2, 55]
[56, 4, 54]
[56, 5, 57]
[56, 6, 53]
[56, 9, 44]
[56, 10, 49]
[56, 11, 47]
[56, 12, 50]
[56, 14, 48]
[56, 15, 39]
[56, 16, 60]
[56, 17, 36]
[56, 18, 45]
[56, 20, 35]
[56, 21, 51]
[56, 24, 25]
[56, 25, 22]
[56, 26, 59]
[56, 29, 41]
[56, 30, 34]
[56, 31, 42]
[56, 32, 6]
[56, 34, 1]
[56, 35, 5]
[56, 36, 28]
[56, 38, 37]
[56, 39, 11]
[56, 40, 38]
[56, 41, 30]
[56, 43, 19]
[56, 44, 40]
[56, 45, 52]
[56, 50, 23]
[56, 58, 27]
[57, 0, 57]
[57, 1, 59]
[57, 2, 54]
[57, 3, 52]
[57, 4, 51]
[57, 5, 56]
[57, 6, 49]
[57, 8, 53]
[57, 10, 48]
[57, 11, 42]
[57, 13, 40]
[57, 14, 60]
[57, 18, 55]
[57, 20, 46]
[57, 24, 26]
[57, 25, 50]
[57, 27, 24]
[57, 28, 31]
[57, 32, 7]
[57, 33, 17]
[57, 34, 13]
[57, 35, 0]
[57, 36, 37]
[57, 37, 9]
[57, 38, 38]
[57, 39, 33]
[57, 40, 6]
[57, 43, 58]
[57, 44, 39]
[57, 47, 35]
[57, 48, 22]
[57, 52, 28]
[57, 58, 29]
[57, 60, 43]
[58, 0, 58]
[58, 1, 56]
[58, 4, 60]
[58, 6, 59]
[58, 7, 52]
[58, 8, 54]
[58, 11, 51]
[58, 13, 55]
[58, 16, 38]
[58, 18, 46]
[58, 19, 48]
[58, 21, 53]
[58, 22, 49]
[58, 23, 47]
[58, 28, 39]
[58, 29, 42]
[58, 31, 21]
[58, 32, 10]
[58, 33, 6]
[58, 34, 11]
[58, 35, 2]
[58, 36, 35]
[58, 37, 12]
[58, 39, 28]
[58, 41, 43]
[58, 42, 22]
[58, 43, 57]
[58, 45, 41]
[58, 51, 30]
[58, 52, 36]
[58, 54, 26]
[58, 57, 27]
[58, 59, 44]
[58, 60, 31]
[59, 0, 59]
[59, 1, 57]
[59, 2, 60]
[59, 3, 54]
[59, 6, 58]
[59, 7, 53]
[59, 13, 50]
[59, 16, 52]
[59, 17, 49]
[59, 21, 40]
[59, 22, 55]
[59, 23, 44]
[59, 25, 27]
[59, 26, 56]
[59, 27, 38]
[59, 28, 36]
[59, 29, 45]
[59, 30, 23]
[59, 31, 34]
[59, 32, 13]
[59, 33, 7]
[59, 34, 14]
[59, 35, 8]
[59, 36, 1]
[59, 37, 6]
[59, 38, 10]
[59, 39, 46]
[59, 40, 3]
[59, 41, 9]
[59, 42, 30]
[59, 43, 43]
[59, 45, 37]
[59, 48, 25]
[59, 53, 24]
[59, 57, 41]
[59, 58, 33]
[59, 59, 42]
[60, 0, 60]
[60, 2, 59]
[60, 4, 58]
[60, 7, 55]
[60, 12, 49]
[60, 13, 45]
[60, 14, 57]
[60, 16, 56]
[60, 17, 39]
[60, 20, 50]
[60, 22, 46]
[60, 25, 29]
[60, 26, 53]
[60, 27, 27]
[60, 28, 43]
[60, 29, 54]
[60, 30, 47]
[60, 31, 36]
[60, 32, 17]
[60, 34, 6]
[60, 35, 9]
[60, 36, 2]
[60, 37, 0]
[60, 38, 51]
[60, 39, 15]
[60, 40, 10]
[60, 41, 48]
[60, 43, 52]
[60, 46, 41]
[60, 48, 23]
[60, 51, 19]
[60, 52, 42]
[60, 56, 25]
[60, 57, 28]
[60, 58, 22]
[60, 59, 26]
[60, 60, 33]
