[0, 0, 0],[0, 1, 2]
[0, 0, 0],[0, 2, 1]
[0, 0, 0],[1, 0, 1]
[0, 0, 0],[1, 2, 0]
[0, 0, 0],[2, 1, 0]
[0, 1, 2],[0, 3, 5]
[0, 2, 1],[0, 3, 5]
[0, 1, 2],[0, 5, 3]
[0, 2, 1],[0, 5, 3]
[0, 1, 2],[1, 1, 3]
[1, 0, 1],[1, 1, 3]
[0, 1, 2],[1, 5, 2]
[0, 2, 1],[1, 5, 2]
[1, 0, 1],[1, 5, 2]
[1, 2, 0],[1, 5, 2]
[1, 0, 1],[2, 0, 2]
[0, 2, 1],[2, 5, 1]
[1, 0, 1],[2, 5, 1]
[1, 2, 0],[2, 5, 1]
[2, 1, 0],[2, 5, 1]
[1, 0, 1],[3, 1, 1]
[2, 1, 0],[3, 1, 1]
[1, 2, 0],[3, 5, 0]
[2, 1, 0],[3, 5, 0]
[1, 2, 0],[5, 3, 0]
[2, 1, 0],[5, 3, 0]
[0, 3, 5],[0, 4, 7]
[0, 5, 3],[0, 7, 4]
[0, 3, 5],[1, 3, 6]
[1, 1, 3],[1, 3, 6]
[1, 1, 3],[1, 4, 4]
[1, 1, 3],[2, 2, 5]
[2, 0, 2],[2, 2, 5]
[1, 1, 3],[2, 3, 3]
[2, 0, 2],[2, 3, 3]
[2, 0, 2],[3, 0, 3]
[2, 0, 2],[3, 3, 2]
[3, 1, 1],[3, 3, 2]
[3, 1, 1],[4, 4, 1]
[3, 5, 0],[4, 7, 0]
[2, 0, 2],[5, 2, 2]
[3, 1, 1],[5, 2, 2]
[3, 1, 1],[6, 3, 1]
[5, 3, 0],[6, 3, 1]
[5, 3, 0],[7, 4, 0]
[0, 4, 7],[0, 6, 10]
[0, 7, 4],[0, 10, 6]
[1, 4, 4],[1, 6, 5]
[0, 4, 7],[2, 4, 8]
[1, 3, 6],[2, 4, 8]
[1, 4, 4],[2, 4, 8]
[2, 2, 5],[2, 4, 8]
[2, 3, 3],[2, 4, 8]
[1, 4, 4],[2, 6, 4]
[2, 3, 3],[2, 6, 4]
[3, 0, 3],[3, 2, 4]
[3, 0, 3],[4, 0, 4]
[3, 0, 3],[4, 2, 3]
[3, 3, 2],[4, 6, 2]
[4, 4, 1],[4, 6, 2]
[4, 4, 1],[5, 6, 1]
[4, 7, 0],[6, 10, 0]
[3, 3, 2],[8, 4, 2]
[4, 4, 1],[8, 4, 2]
[5, 2, 2],[8, 4, 2]
[6, 3, 1],[8, 4, 2]
[7, 4, 0],[8, 4, 2]
[7, 4, 0],[10, 6, 0]
[0, 6, 10],[0, 8, 13]
[0, 10, 6],[0, 13, 8]
[0, 6, 10],[1, 7, 12]
[1, 6, 5],[1, 7, 12]
[0, 10, 6],[1, 12, 7]
[1, 6, 5],[1, 12, 7]
[2, 4, 8],[2, 8, 9]
[2, 6, 4],[2, 8, 9]
[0, 10, 6],[2, 10, 7]
[2, 6, 4],[2, 10, 7]
[0, 10, 6],[2, 11, 6]
[1, 6, 5],[2, 11, 6]
[2, 6, 4],[2, 11, 6]
[2, 4, 8],[3, 4, 9]
[3, 2, 4],[3, 4, 9]
[1, 6, 5],[3, 6, 7]
[2, 6, 4],[3, 6, 7]
[3, 2, 4],[3, 6, 7]
[1, 6, 5],[3, 9, 5]
[2, 6, 4],[3, 9, 5]
[3, 2, 4],[3, 9, 5]
[4, 0, 4],[4, 1, 6]
[4, 0, 4],[5, 0, 5]
[4, 2, 3],[5, 9, 3]
[4, 6, 2],[5, 9, 3]
[5, 6, 1],[5, 9, 3]
[4, 0, 4],[6, 1, 4]
[4, 6, 2],[6, 11, 2]
[5, 6, 1],[6, 11, 2]
[6, 10, 0],[6, 11, 2]
[4, 2, 3],[7, 6, 3]
[4, 6, 2],[7, 6, 3]
[5, 6, 1],[7, 6, 3]
[4, 6, 2],[7, 10, 2]
[6, 10, 0],[7, 10, 2]
[5, 6, 1],[7, 12, 1]
[6, 10, 0],[7, 12, 1]
[6, 10, 0],[8, 13, 0]
[4, 2, 3],[9, 4, 3]
[8, 4, 2],[9, 4, 3]
[4, 6, 2],[9, 8, 2]
[8, 4, 2],[9, 8, 2]
[5, 6, 1],[12, 7, 1]
[10, 6, 0],[12, 7, 1]
[10, 6, 0],[13, 8, 0]
[0, 8, 13],[0, 9, 15]
[0, 13, 8],[0, 15, 9]
[0, 8, 13],[1, 8, 14]
[1, 7, 12],[1, 8, 14]
[0, 13, 8],[1, 13, 9]
[1, 12, 7],[1, 13, 9]
[0, 13, 8],[1, 15, 8]
[1, 12, 7],[1, 15, 8]
[1, 7, 12],[2, 7, 13]
[3, 4, 9],[3, 7, 11]
[3, 6, 7],[3, 7, 11]
[2, 10, 7],[3, 10, 8]
[3, 6, 7],[3, 10, 8]
[3, 9, 5],[3, 10, 8]
[2, 11, 6],[3, 14, 6]
[3, 9, 5],[3, 14, 6]
[4, 1, 6],[4, 3, 9]
[4, 1, 6],[4, 5, 7]
[3, 9, 5],[4, 11, 5]
[4, 1, 6],[5, 1, 7]
[5, 0, 5],[5, 1, 7]
[4, 1, 6],[5, 5, 6]
[5, 0, 5],[5, 5, 6]
[5, 9, 3],[5, 11, 4]
[5, 0, 5],[6, 0, 6]
[5, 0, 5],[6, 5, 5]
[6, 1, 4],[6, 5, 5]
[5, 9, 3],[6, 14, 3]
[6, 11, 2],[6, 14, 3]
[5, 0, 5],[7, 1, 5]
[6, 1, 4],[7, 1, 5]
[6, 1, 4],[7, 5, 4]
[5, 9, 3],[8, 10, 3]
[7, 6, 3],[8, 10, 3]
[7, 10, 2],[8, 10, 3]
[7, 12, 1],[8, 15, 1]
[8, 13, 0],[8, 15, 1]
[6, 1, 4],[9, 3, 4]
[7, 12, 1],[9, 13, 1]
[8, 13, 0],[9, 13, 1]
[8, 13, 0],[9, 15, 0]
[7, 6, 3],[11, 7, 3]
[9, 4, 3],[11, 7, 3]
[12, 7, 1],[13, 7, 2]
[12, 7, 1],[14, 8, 1]
[13, 8, 0],[14, 8, 1]
[13, 8, 0],[15, 9, 0]
[0, 9, 15],[0, 11, 18]
[0, 15, 9],[0, 18, 11]
[0, 9, 15],[1, 9, 16]
[1, 8, 14],[1, 9, 16]
[0, 9, 15],[1, 11, 15]
[1, 8, 14],[1, 11, 15]
[0, 15, 9],[1, 17, 11]
[1, 13, 9],[1, 17, 11]
[1, 15, 8],[1, 17, 11]
[0, 15, 9],[1, 18, 10]
[1, 13, 9],[1, 18, 10]
[1, 15, 8],[1, 18, 10]
[0, 15, 9],[2, 16, 10]
[1, 13, 9],[2, 16, 10]
[1, 15, 8],[2, 16, 10]
[1, 8, 14],[3, 8, 15]
[2, 7, 13],[3, 8, 15]
[3, 7, 11],[3, 8, 15]
[1, 13, 9],[3, 13, 10]
[3, 10, 8],[3, 13, 10]
[4, 5, 7],[4, 8, 8]
[4, 3, 9],[5, 4, 11]
[5, 1, 7],[5, 4, 11]
[4, 3, 9],[5, 7, 9]
[4, 5, 7],[5, 7, 9]
[5, 1, 7],[5, 7, 9]
[5, 5, 6],[5, 7, 9]
[5, 1, 7],[6, 2, 9]
[6, 0, 6],[6, 2, 9]
[3, 14, 6],[6, 15, 7]
[4, 5, 7],[6, 15, 7]
[4, 11, 5],[6, 15, 7]
[5, 1, 7],[6, 15, 7]
[5, 5, 6],[6, 15, 7]
[5, 11, 4],[6, 15, 7]
[6, 0, 6],[6, 15, 7]
[6, 5, 5],[6, 15, 7]
[6, 14, 3],[6, 15, 7]
[6, 0, 6],[7, 0, 7]
[3, 14, 6],[7, 15, 6]
[4, 11, 5],[7, 15, 6]
[5, 5, 6],[7, 15, 6]
[5, 11, 4],[7, 15, 6]
[6, 0, 6],[7, 15, 6]
[6, 5, 5],[7, 15, 6]
[6, 14, 3],[7, 15, 6]
[7, 1, 5],[7, 15, 6]
[7, 5, 4],[7, 15, 6]
[7, 5, 4],[8, 8, 4]
[6, 0, 6],[9, 2, 6]
[7, 1, 5],[9, 2, 6]
[6, 5, 5],[9, 7, 5]
[7, 1, 5],[9, 7, 5]
[7, 5, 4],[9, 7, 5]
[9, 3, 4],[9, 7, 5]
[8, 10, 3],[10, 13, 3]
[9, 13, 1],[10, 13, 3]
[8, 15, 1],[10, 16, 2]
[9, 13, 1],[10, 16, 2]
[9, 15, 0],[10, 16, 2]
[8, 15, 1],[10, 18, 1]
[9, 13, 1],[10, 18, 1]
[9, 15, 0],[10, 18, 1]
[7, 1, 5],[11, 4, 5]
[9, 3, 4],[11, 4, 5]
[8, 15, 1],[11, 17, 1]
[9, 13, 1],[11, 17, 1]
[9, 15, 0],[11, 17, 1]
[9, 15, 0],[11, 18, 0]
[11, 7, 3],[15, 8, 3]
[13, 7, 2],[15, 8, 3]
[14, 8, 1],[15, 8, 3]
[14, 8, 1],[15, 11, 1]
[15, 9, 0],[15, 11, 1]
[14, 8, 1],[16, 9, 1]
[15, 9, 0],[16, 9, 1]
[15, 9, 0],[18, 11, 0]
[0, 11, 18],[0, 12, 20]
[0, 18, 11],[0, 20, 12]
[1, 9, 16],[1, 10, 18]
[1, 9, 16],[2, 9, 17]
[0, 18, 11],[2, 19, 12]
[1, 17, 11],[2, 19, 12]
[1, 18, 10],[2, 19, 12]
[2, 16, 10],[2, 19, 12]
[0, 18, 11],[2, 21, 11]
[1, 17, 11],[2, 21, 11]
[1, 18, 10],[2, 21, 11]
[2, 16, 10],[2, 21, 11]
[4, 8, 8],[4, 9, 12]
[4, 8, 8],[4, 12, 10]
[4, 8, 8],[5, 8, 12]
[5, 4, 11],[5, 8, 12]
[5, 7, 9],[5, 8, 12]
[4, 8, 8],[5, 17, 8]
[5, 4, 11],[6, 4, 12]
[6, 2, 9],[6, 4, 12]
[5, 4, 11],[6, 6, 11]
[6, 2, 9],[6, 6, 11]
[4, 8, 8],[6, 9, 8]
[7, 0, 7],[7, 2, 8]
[7, 0, 7],[8, 0, 8]
[7, 0, 7],[8, 2, 7]
[8, 8, 4],[8, 9, 6]
[8, 8, 4],[8, 17, 5]
[8, 8, 4],[10, 12, 4]
[9, 2, 6],[11, 6, 6]
[11, 4, 5],[11, 6, 6]
[10, 16, 2],[11, 21, 2]
[10, 18, 1],[11, 21, 2]
[11, 17, 1],[11, 21, 2]
[11, 18, 0],[11, 21, 2]
[9, 2, 6],[12, 4, 6]
[11, 4, 5],[12, 4, 6]
[8, 8, 4],[12, 8, 5]
[9, 7, 5],[12, 8, 5]
[11, 4, 5],[12, 8, 5]
[8, 8, 4],[12, 9, 4]
[10, 16, 2],[12, 19, 2]
[10, 18, 1],[12, 19, 2]
[11, 17, 1],[12, 19, 2]
[11, 18, 0],[12, 19, 2]
[11, 18, 0],[12, 20, 0]
[16, 9, 1],[17, 9, 2]
[16, 9, 1],[18, 10, 1]
[18, 11, 0],[20, 12, 0]
[0, 12, 20],[0, 14, 23]
[0, 20, 12],[0, 23, 14]
[0, 20, 12],[1, 22, 13]
[1, 10, 18],[2, 12, 19]
[2, 9, 17],[2, 12, 19]
[2, 9, 17],[3, 11, 17]
[0, 20, 12],[3, 20, 14]
[2, 19, 12],[3, 20, 14]
[0, 20, 12],[3, 21, 12]
[2, 19, 12],[3, 21, 12]
[2, 21, 11],[3, 21, 12]
[2, 9, 17],[4, 10, 17]
[4, 9, 12],[4, 10, 17]
[4, 9, 12],[4, 14, 13]
[4, 12, 10],[4, 14, 13]
[4, 12, 10],[4, 16, 11]
[4, 9, 12],[5, 12, 15]
[4, 12, 10],[5, 12, 15]
[5, 8, 12],[5, 12, 15]
[4, 12, 10],[5, 14, 10]
[6, 4, 12],[6, 7, 16]
[6, 6, 11],[6, 7, 16]
[4, 9, 12],[6, 12, 14]
[4, 12, 10],[6, 12, 14]
[6, 4, 12],[6, 12, 14]
[6, 6, 11],[6, 12, 14]
[6, 9, 8],[6, 12, 14]
[7, 2, 8],[7, 3, 11]
[6, 9, 8],[7, 9, 10]
[7, 2, 8],[7, 9, 10]
[6, 9, 8],[7, 14, 9]
[7, 2, 8],[7, 14, 9]
[8, 0, 8],[8, 1, 10]
[7, 2, 8],[8, 5, 9]
[8, 0, 8],[8, 5, 9]
[8, 2, 7],[8, 5, 9]
[8, 0, 8],[9, 0, 9]
[7, 2, 8],[9, 5, 8]
[8, 0, 8],[9, 5, 8]
[8, 2, 7],[9, 5, 8]
[8, 2, 7],[9, 14, 7]
[8, 9, 6],[9, 14, 7]
[8, 0, 8],[10, 1, 8]
[8, 2, 7],[10, 9, 7]
[8, 9, 6],[10, 9, 7]
[10, 12, 4],[10, 14, 5]
[8, 2, 7],[11, 3, 7]
[10, 12, 4],[11, 16, 4]
[11, 21, 2],[12, 21, 3]
[12, 19, 2],[12, 21, 3]
[12, 20, 0],[12, 21, 3]
[10, 12, 4],[13, 14, 4]
[12, 9, 4],[13, 14, 4]
[12, 20, 0],[13, 22, 1]
[8, 9, 6],[14, 12, 6]
[10, 12, 4],[14, 12, 6]
[11, 6, 6],[14, 12, 6]
[12, 4, 6],[14, 12, 6]
[12, 9, 4],[14, 12, 6]
[12, 19, 2],[14, 20, 3]
[12, 20, 0],[14, 20, 3]
[12, 20, 0],[14, 23, 0]
[10, 12, 4],[15, 12, 5]
[12, 8, 5],[15, 12, 5]
[12, 9, 4],[15, 12, 5]
[11, 6, 6],[16, 7, 6]
[12, 4, 6],[16, 7, 6]
[12, 9, 4],[17, 10, 4]
[17, 9, 2],[17, 10, 4]
[17, 9, 2],[17, 11, 3]
[17, 9, 2],[19, 12, 2]
[18, 10, 1],[19, 12, 2]
[20, 12, 0],[23, 14, 0]
[0, 14, 23],[0, 16, 26]
[0, 23, 14],[0, 26, 16]
[0, 14, 23],[1, 14, 24]
[2, 12, 19],[2, 13, 22]
[2, 12, 19],[2, 15, 20]
[0, 23, 14],[2, 23, 15]
[1, 22, 13],[2, 23, 15]
[0, 23, 14],[2, 26, 14]
[1, 22, 13],[2, 26, 14]
[2, 12, 19],[3, 12, 21]
[3, 11, 17],[3, 12, 21]
[1, 22, 13],[3, 23, 13]
[3, 21, 12],[3, 23, 13]
[1, 22, 13],[4, 22, 14]
[3, 20, 14],[4, 22, 14]
[3, 21, 12],[4, 22, 14]
[4, 14, 13],[4, 22, 14]
[4, 16, 11],[4, 22, 14]
[4, 10, 17],[5, 10, 19]
[4, 14, 13],[5, 16, 14]
[4, 16, 11],[5, 16, 14]
[5, 14, 10],[5, 16, 14]
[3, 21, 12],[5, 21, 13]
[4, 14, 13],[5, 21, 13]
[5, 14, 10],[5, 21, 13]
[6, 7, 16],[6, 8, 18]
[5, 14, 10],[6, 17, 10]
[6, 7, 16],[7, 7, 17]
[7, 3, 11],[7, 7, 17]
[7, 3, 11],[7, 11, 13]
[7, 9, 10],[7, 11, 13]
[7, 3, 11],[8, 3, 13]
[8, 1, 10],[8, 3, 13]
[8, 1, 10],[9, 1, 11]
[9, 0, 9],[9, 1, 11]
[9, 0, 9],[10, 0, 10]
[10, 14, 5],[10, 17, 6]
[9, 0, 9],[11, 1, 9]
[10, 1, 8],[11, 1, 9]
[10, 1, 8],[13, 3, 8]
[11, 3, 7],[13, 3, 8]
[10, 9, 7],[13, 11, 7]
[11, 3, 7],[13, 11, 7]
[10, 14, 5],[13, 21, 5]
[12, 21, 3],[13, 21, 5]
[13, 14, 4],[13, 21, 5]
[12, 21, 3],[13, 23, 3]
[13, 22, 1],[13, 23, 3]
[10, 14, 5],[14, 16, 5]
[11, 16, 4],[14, 16, 5]
[13, 14, 4],[14, 16, 5]
[11, 16, 4],[14, 22, 4]
[12, 21, 3],[14, 22, 4]
[13, 14, 4],[14, 22, 4]
[13, 22, 1],[14, 22, 4]
[14, 20, 3],[14, 22, 4]
[13, 22, 1],[14, 26, 2]
[14, 23, 0],[14, 26, 2]
[13, 22, 1],[15, 23, 2]
[14, 23, 0],[15, 23, 2]
[14, 23, 0],[16, 26, 0]
[11, 3, 7],[17, 7, 7]
[16, 7, 6],[17, 7, 7]
[16, 7, 6],[18, 8, 6]
[17, 10, 4],[19, 10, 5]
[19, 12, 2],[20, 15, 2]
[17, 11, 3],[21, 12, 3]
[19, 12, 2],[21, 12, 3]
[19, 12, 2],[22, 13, 2]
[23, 14, 0],[24, 14, 1]
[23, 14, 0],[26, 16, 0]
[0, 16, 26],[0, 17, 28]
[0, 26, 16],[0, 28, 17]
[1, 14, 24],[1, 16, 25]
[1, 14, 24],[2, 14, 25]
[2, 13, 22],[2, 14, 25]
[0, 26, 16],[2, 27, 16]
[2, 23, 15],[2, 27, 16]
[2, 26, 14],[2, 27, 16]
[3, 23, 13],[3, 25, 18]
[2, 13, 22],[4, 13, 23]
[3, 12, 21],[4, 13, 23]
[2, 23, 15],[4, 24, 15]
[3, 23, 13],[4, 24, 15]
[4, 22, 14],[4, 24, 15]
[3, 12, 21],[5, 13, 21]
[5, 10, 19],[5, 13, 21]
[5, 16, 14],[5, 18, 17]
[5, 16, 14],[6, 16, 17]
[5, 16, 14],[6, 18, 15]
[6, 17, 10],[6, 18, 15]
[6, 17, 10],[6, 19, 13]
[6, 8, 18],[7, 8, 19]
[7, 7, 17],[7, 8, 19]
[7, 11, 13],[7, 13, 16]
[6, 17, 10],[7, 18, 12]
[8, 3, 13],[8, 6, 17]
[7, 11, 13],[8, 11, 14]
[8, 3, 13],[8, 11, 14]
[9, 1, 11],[9, 6, 12]
[6, 17, 10],[9, 21, 10]
[9, 1, 11],[10, 2, 13]
[10, 0, 10],[10, 2, 13]
[9, 1, 11],[10, 8, 11]
[10, 0, 10],[10, 8, 11]
[10, 17, 6],[10, 21, 9]
[10, 0, 10],[11, 0, 11]
[10, 0, 10],[11, 8, 10]
[11, 1, 9],[11, 8, 10]
[11, 1, 9],[12, 6, 9]
[10, 17, 6],[12, 18, 7]
[10, 0, 10],[13, 2, 10]
[11, 1, 9],[13, 2, 10]
[10, 17, 6],[13, 19, 6]
[13, 3, 8],[14, 11, 8]
[13, 11, 7],[14, 11, 8]
[10, 17, 6],[15, 18, 6]
[14, 16, 5],[15, 18, 6]
[13, 23, 3],[15, 24, 4]
[14, 22, 4],[15, 24, 4]
[15, 23, 2],[15, 24, 4]
[13, 11, 7],[16, 13, 7]
[14, 26, 2],[16, 27, 2]
[15, 23, 2],[16, 27, 2]
[16, 26, 0],[16, 27, 2]
[13, 3, 8],[17, 6, 8]
[14, 16, 5],[17, 16, 6]
[14, 16, 5],[17, 18, 5]
[16, 26, 0],[17, 28, 0]
[13, 23, 3],[18, 25, 3]
[17, 7, 7],[19, 8, 7]
[18, 8, 6],[19, 8, 7]
[19, 10, 5],[21, 13, 5]
[21, 12, 3],[21, 13, 5]
[21, 12, 3],[23, 13, 4]
[22, 13, 2],[23, 13, 4]
[22, 13, 2],[25, 14, 2]
[24, 14, 1],[25, 14, 2]
[24, 14, 1],[25, 16, 1]
[26, 16, 0],[28, 17, 0]
[0, 17, 28],[0, 19, 31]
[0, 28, 17],[0, 31, 19]
[0, 17, 28],[1, 19, 30]
[1, 16, 25],[1, 19, 30]
[0, 28, 17],[1, 29, 19]
[0, 28, 17],[1, 30, 17]
[1, 16, 25],[2, 17, 27]
[2, 14, 25],[2, 17, 27]
[2, 14, 25],[3, 15, 27]
[1, 16, 25],[3, 17, 25]
[2, 14, 25],[3, 17, 25]
[2, 27, 16],[3, 30, 16]
[2, 14, 25],[4, 15, 26]
[4, 13, 23],[4, 15, 26]
[0, 28, 17],[4, 28, 18]
[2, 27, 16],[4, 28, 18]
[3, 25, 18],[4, 28, 18]
[4, 24, 15],[4, 28, 18]
[2, 14, 25],[5, 15, 25]
[4, 13, 23],[5, 15, 25]
[5, 13, 21],[5, 15, 25]
[2, 27, 16],[5, 28, 16]
[4, 24, 15],[5, 28, 16]
[4, 13, 23],[6, 13, 24]
[5, 13, 21],[6, 13, 24]
[6, 16, 17],[6, 23, 19]
[6, 18, 15],[6, 23, 19]
[6, 19, 13],[6, 23, 19]
[6, 16, 17],[7, 17, 22]
[7, 8, 19],[7, 17, 22]
[7, 13, 16],[7, 17, 22]
[5, 18, 17],[7, 20, 18]
[6, 16, 17],[7, 20, 18]
[6, 19, 13],[7, 20, 18]
[7, 13, 16],[7, 20, 18]
[7, 18, 12],[7, 20, 18]
[6, 18, 15],[7, 22, 15]
[6, 19, 13],[7, 22, 15]
[7, 18, 12],[7, 22, 15]
[6, 19, 13],[7, 27, 14]
[7, 18, 12],[7, 27, 14]
[8, 6, 17],[8, 7, 19]
[8, 6, 17],[8, 12, 18]
[8, 11, 14],[8, 12, 18]
[8, 11, 14],[8, 16, 15]
[7, 18, 12],[8, 27, 12]
[8, 22, 11],[8, 27, 12]
[8, 11, 14],[9, 11, 16]
[9, 6, 12],[9, 11, 16]
[6, 19, 13],[9, 19, 14]
[7, 18, 12],[9, 19, 14]
[8, 11, 14],[9, 19, 14]
[9, 6, 12],[9, 19, 14]
[6, 19, 13],[9, 26, 13]
[9, 6, 12],[9, 26, 13]
[9, 21, 10],[9, 26, 13]
[10, 2, 13],[10, 3, 15]
[10, 2, 13],[10, 5, 14]
[7, 18, 12],[10, 25, 12]
[8, 22, 11],[10, 25, 12]
[9, 6, 12],[10, 25, 12]
[10, 8, 11],[10, 25, 12]
[10, 21, 9],[10, 25, 12]
[11, 0, 11],[11, 2, 12]
[11, 0, 11],[12, 0, 12]
[11, 0, 11],[12, 2, 11]
[9, 21, 10],[12, 25, 10]
[11, 8, 10],[12, 25, 10]
[11, 22, 8],[12, 25, 10]
[12, 6, 9],[12, 25, 10]
[12, 18, 7],[12, 25, 10]
[11, 22, 8],[12, 27, 8]
[12, 18, 7],[12, 27, 8]
[10, 21, 9],[13, 26, 9]
[12, 6, 9],[13, 26, 9]
[13, 19, 6],[13, 26, 9]
[13, 2, 10],[14, 5, 10]
[12, 6, 9],[14, 19, 9]
[12, 18, 7],[14, 19, 9]
[13, 19, 6],[14, 19, 9]
[14, 11, 8],[14, 19, 9]
[12, 18, 7],[14, 27, 7]
[13, 19, 6],[14, 27, 7]
[13, 2, 10],[15, 3, 10]
[14, 11, 8],[15, 16, 8]
[12, 18, 7],[15, 22, 7]
[13, 19, 6],[15, 22, 7]
[15, 18, 6],[15, 22, 7]
[12, 6, 9],[16, 11, 9]
[14, 11, 8],[16, 11, 9]
[15, 24, 4],[16, 28, 5]
[16, 27, 2],[16, 28, 5]
[16, 27, 2],[16, 30, 3]
[17, 28, 0],[17, 30, 1]
[14, 11, 8],[18, 12, 8]
[17, 6, 8],[18, 12, 8]
[12, 18, 7],[18, 20, 7]
[13, 19, 6],[18, 20, 7]
[16, 13, 7],[18, 20, 7]
[17, 16, 6],[18, 20, 7]
[17, 18, 5],[18, 20, 7]
[15, 24, 4],[18, 28, 4]
[16, 27, 2],[18, 28, 4]
[17, 28, 0],[18, 28, 4]
[18, 25, 3],[18, 28, 4]
[17, 6, 8],[19, 7, 8]
[13, 19, 6],[19, 23, 6]
[15, 18, 6],[19, 23, 6]
[17, 16, 6],[19, 23, 6]
[17, 28, 0],[19, 29, 1]
[17, 28, 0],[19, 31, 0]
[16, 13, 7],[22, 17, 7]
[17, 16, 6],[22, 17, 7]
[19, 8, 7],[22, 17, 7]
[21, 13, 5],[24, 13, 6]
[23, 13, 4],[24, 13, 6]
[21, 13, 5],[25, 15, 5]
[23, 13, 4],[25, 15, 5]
[25, 14, 2],[25, 15, 5]
[25, 14, 2],[25, 17, 3]
[25, 16, 1],[25, 17, 3]
[23, 13, 4],[26, 15, 4]
[25, 14, 2],[26, 15, 4]
[25, 14, 2],[27, 15, 3]
[25, 14, 2],[27, 17, 2]
[25, 16, 1],[27, 17, 2]
[25, 16, 1],[30, 19, 1]
[28, 17, 0],[30, 19, 1]
[28, 17, 0],[31, 19, 0]
[0, 19, 31],[0, 21, 34]
[0, 31, 19],[0, 34, 21]
[0, 19, 31],[1, 20, 33]
[1, 19, 30],[1, 20, 33]
[0, 31, 19],[1, 31, 20]
[1, 29, 19],[1, 31, 20]
[1, 30, 17],[1, 31, 20]
[2, 17, 27],[2, 18, 30]
[1, 29, 19],[2, 30, 21]
[1, 30, 17],[2, 30, 21]
[1, 30, 17],[2, 32, 18]
[3, 15, 27],[3, 16, 29]
[2, 17, 27],[4, 20, 28]
[3, 15, 27],[4, 20, 28]
[3, 17, 25],[4, 20, 28]
[4, 15, 26],[4, 20, 28]
[1, 29, 19],[4, 30, 19]
[1, 30, 17],[4, 30, 19]
[3, 30, 16],[4, 30, 19]
[4, 28, 18],[4, 30, 19]
[3, 30, 16],[4, 32, 16]
[1, 30, 17],[5, 31, 18]
[3, 30, 16],[5, 31, 18]
[4, 28, 18],[5, 31, 18]
[5, 28, 16],[5, 31, 18]
[6, 23, 19],[6, 25, 20]
[3, 15, 27],[7, 16, 28]
[7, 20, 18],[7, 21, 21]
[8, 7, 19],[8, 14, 27]
[8, 12, 18],[8, 14, 27]
[8, 7, 19],[8, 18, 20]
[8, 12, 18],[8, 18, 20]
[8, 16, 15],[8, 18, 20]
[7, 22, 15],[8, 25, 16]
[8, 16, 15],[8, 25, 16]
[8, 7, 19],[9, 9, 20]
[8, 12, 18],[9, 16, 18]
[8, 16, 15],[9, 16, 18]
[9, 11, 16],[9, 16, 18]
[9, 11, 16],[9, 20, 17]
[9, 19, 14],[9, 20, 17]
[7, 22, 15],[9, 25, 15]
[8, 16, 15],[9, 25, 15]
[9, 19, 14],[9, 25, 15]
[10, 3, 15],[10, 4, 17]
[10, 3, 15],[10, 10, 16]
[10, 5, 14],[10, 10, 16]
[10, 5, 14],[11, 9, 14]
[11, 2, 12],[11, 9, 14]
[11, 2, 12],[11, 10, 13]
[12, 0, 12],[12, 1, 14]
[11, 2, 12],[12, 5, 13]
[12, 0, 12],[12, 5, 13]
[12, 2, 11],[12, 5, 13]
[12, 0, 12],[13, 0, 13]
[11, 2, 12],[13, 5, 12]
[12, 0, 12],[13, 5, 12]
[12, 2, 11],[13, 5, 12]
[12, 2, 11],[13, 10, 11]
[12, 0, 12],[14, 1, 12]
[12, 2, 11],[14, 9, 11]
[14, 5, 10],[14, 9, 11]
[14, 19, 9],[15, 25, 9]
[15, 16, 8],[15, 25, 9]
[15, 22, 7],[15, 25, 9]
[14, 5, 10],[16, 10, 10]
[15, 3, 10],[16, 10, 10]
[15, 16, 8],[16, 25, 8]
[15, 22, 7],[16, 25, 8]
[16, 30, 3],[16, 32, 4]
[15, 3, 10],[17, 4, 10]
[14, 19, 9],[17, 20, 9]
[16, 11, 9],[17, 20, 9]
[15, 16, 8],[18, 16, 9]
[16, 11, 9],[18, 16, 9]
[18, 12, 8],[18, 16, 9]
[16, 28, 5],[18, 31, 5]
[16, 30, 3],[18, 31, 5]
[17, 30, 1],[18, 31, 5]
[18, 28, 4],[18, 31, 5]
[17, 30, 1],[18, 32, 2]
[16, 30, 3],[19, 30, 4]
[17, 30, 1],[19, 30, 4]
[18, 28, 4],[19, 30, 4]
[19, 29, 1],[19, 30, 4]
[19, 7, 8],[20, 9, 9]
[15, 16, 8],[20, 18, 8]
[18, 12, 8],[20, 18, 8]
[19, 7, 8],[20, 18, 8]
[19, 23, 6],[20, 25, 6]
[17, 30, 1],[20, 31, 1]
[19, 29, 1],[20, 31, 1]
[19, 31, 0],[20, 31, 1]
[18, 20, 7],[21, 21, 7]
[17, 30, 1],[21, 30, 2]
[19, 29, 1],[21, 30, 2]
[19, 31, 0],[21, 34, 0]
[18, 12, 8],[27, 14, 8]
[19, 7, 8],[27, 14, 8]
[27, 15, 3],[28, 16, 7]
[25, 17, 3],[28, 20, 4]
[26, 15, 4],[28, 20, 4]
[27, 15, 3],[28, 20, 4]
[27, 17, 2],[28, 20, 4]
[27, 15, 3],[29, 16, 3]
[27, 17, 2],[30, 18, 2]
[30, 19, 1],[33, 20, 1]
[31, 19, 0],[33, 20, 1]
[31, 19, 0],[34, 21, 0]
[0, 21, 34],[0, 22, 36]
[0, 34, 21],[0, 36, 22]
[0, 21, 34],[1, 21, 35]
[1, 20, 33],[1, 21, 35]
[1, 31, 20],[1, 33, 21]
[1, 20, 33],[2, 20, 34]
[2, 18, 30],[2, 20, 34]
[2, 18, 30],[3, 18, 32]
[3, 16, 29],[3, 18, 32]
[1, 31, 20],[3, 32, 20]
[2, 32, 18],[3, 32, 20]
[2, 32, 18],[3, 35, 19]
[3, 16, 29],[4, 17, 31]
[2, 18, 30],[4, 21, 30]
[3, 16, 29],[4, 21, 30]
[4, 20, 28],[4, 21, 30]
[4, 30, 19],[5, 30, 20]
[4, 20, 28],[6, 24, 28]
[8, 18, 20],[8, 20, 21]
[9, 9, 20],[9, 10, 22]
[8, 25, 16],[9, 28, 19]
[9, 16, 18],[9, 28, 19]
[9, 20, 17],[9, 28, 19]
[9, 25, 15],[9, 28, 19]
[10, 4, 17],[10, 7, 21]
[9, 16, 18],[10, 19, 19]
[10, 4, 17],[10, 19, 19]
[10, 10, 16],[10, 19, 19]
[2, 32, 18],[10, 33, 18]
[5, 31, 18],[10, 33, 18]
[8, 25, 16],[10, 33, 18]
[9, 16, 18],[10, 33, 18]
[9, 20, 17],[10, 33, 18]
[10, 4, 17],[10, 33, 18]
[10, 10, 16],[10, 33, 18]
[10, 4, 17],[11, 5, 19]
[10, 10, 16],[11, 23, 16]
[11, 9, 14],[11, 23, 16]
[11, 10, 13],[11, 23, 16]
[9, 25, 15],[11, 35, 15]
[11, 9, 14],[11, 35, 15]
[11, 10, 13],[11, 35, 15]
[12, 1, 14],[12, 3, 17]
[9, 25, 15],[12, 29, 15]
[11, 9, 14],[12, 29, 15]
[12, 1, 14],[12, 29, 15]
[12, 5, 13],[12, 29, 15]
[12, 1, 14],[13, 1, 15]
[13, 0, 13],[13, 1, 15]
[11, 9, 14],[13, 28, 14]
[12, 1, 14],[13, 28, 14]
[12, 5, 13],[13, 28, 14]
[13, 0, 13],[13, 28, 14]
[13, 5, 12],[13, 28, 14]
[13, 10, 11],[13, 28, 14]
[13, 0, 13],[14, 0, 14]
[11, 10, 13],[14, 28, 13]
[12, 5, 13],[14, 28, 13]
[13, 0, 13],[14, 28, 13]
[13, 5, 12],[14, 28, 13]
[14, 1, 12],[14, 28, 13]
[14, 9, 11],[14, 28, 13]
[13, 0, 13],[15, 1, 13]
[14, 1, 12],[15, 1, 13]
[13, 5, 12],[15, 29, 12]
[14, 1, 12],[15, 29, 12]
[14, 9, 11],[15, 29, 12]
[15, 25, 9],[15, 29, 12]
[13, 10, 11],[15, 35, 11]
[14, 9, 11],[15, 35, 11]
[15, 25, 9],[15, 35, 11]
[13, 10, 11],[16, 23, 11]
[14, 9, 11],[16, 23, 11]
[16, 10, 10],[16, 23, 11]
[14, 1, 12],[17, 3, 12]
[16, 10, 10],[18, 33, 10]
[16, 25, 8],[18, 33, 10]
[17, 4, 10],[18, 33, 10]
[17, 20, 9],[18, 33, 10]
[18, 16, 9],[18, 33, 10]
[18, 31, 5],[18, 33, 10]
[18, 32, 2],[18, 33, 10]
[17, 4, 10],[19, 5, 11]
[16, 10, 10],[19, 19, 10]
[17, 4, 10],[19, 19, 10]
[18, 16, 9],[19, 19, 10]
[15, 25, 9],[19, 28, 9]
[16, 25, 8],[19, 28, 9]
[17, 20, 9],[19, 28, 9]
[18, 16, 9],[19, 28, 9]
[18, 32, 2],[19, 35, 3]
[19, 30, 4],[20, 30, 5]
[18, 32, 2],[20, 32, 3]
[20, 31, 1],[20, 32, 3]
[17, 4, 10],[21, 7, 10]
[20, 18, 8],[21, 20, 8]
[20, 31, 1],[21, 33, 1]
[20, 9, 9],[22, 10, 9]
[21, 34, 0],[22, 36, 0]
[28, 20, 4],[28, 24, 6]
[28, 20, 4],[30, 21, 4]
[29, 16, 3],[30, 21, 4]
[30, 18, 2],[30, 21, 4]
[29, 16, 3],[31, 17, 4]
[29, 16, 3],[32, 18, 3]
[30, 18, 2],[32, 18, 3]
[30, 18, 2],[34, 20, 2]
[33, 20, 1],[34, 20, 2]
[33, 20, 1],[35, 21, 1]
[34, 21, 0],[35, 21, 1]
[34, 21, 0],[36, 22, 0]
[0, 22, 36],[0, 24, 39]
[0, 36, 22],[0, 39, 24]
[0, 22, 36],[1, 23, 38]
[1, 21, 35],[1, 23, 38]
[0, 22, 36],[1, 24, 36]
[1, 21, 35],[1, 24, 36]
[0, 36, 22],[1, 38, 22]
[1, 33, 21],[1, 38, 22]
[0, 22, 36],[2, 22, 37]
[1, 21, 35],[2, 22, 37]
[2, 20, 34],[2, 22, 37]
[0, 36, 22],[2, 37, 24]
[1, 33, 21],[2, 37, 24]
[3, 18, 32],[3, 19, 34]
[1, 33, 21],[3, 34, 23]
[3, 32, 20],[3, 34, 23]
[0, 36, 22],[3, 37, 22]
[3, 32, 20],[3, 37, 22]
[3, 35, 19],[3, 37, 22]
[3, 18, 32],[4, 18, 33]
[4, 17, 31],[4, 18, 33]
[1, 33, 21],[4, 34, 22]
[3, 32, 20],[4, 34, 22]
[3, 32, 20],[4, 35, 20]
[3, 35, 19],[4, 35, 20]
[3, 18, 32],[5, 19, 32]
[4, 17, 31],[5, 19, 32]
[4, 17, 31],[5, 20, 31]
[8, 20, 21],[8, 21, 28]
[8, 20, 21],[8, 23, 23]
[8, 20, 21],[8, 28, 22]
[9, 10, 22],[9, 12, 25]
[9, 10, 22],[10, 11, 26]
[10, 7, 21],[10, 11, 26]
[9, 10, 22],[10, 15, 23]
[10, 7, 21],[10, 15, 23]
[10, 19, 19],[10, 24, 20]
[9, 10, 22],[11, 11, 23]
[11, 5, 19],[11, 11, 23]
[11, 5, 19],[11, 13, 20]
[11, 23, 16],[11, 25, 17]
[11, 5, 19],[12, 10, 20]
[12, 3, 17],[12, 10, 20]
[12, 3, 17],[12, 17, 18]
[11, 23, 16],[12, 41, 16]
[11, 35, 15],[12, 41, 16]
[12, 29, 15],[12, 41, 16]
[13, 1, 15],[13, 4, 16]
[13, 1, 15],[14, 2, 17]
[14, 0, 14],[14, 2, 17]
[13, 1, 15],[14, 6, 15]
[14, 0, 14],[14, 6, 15]
[14, 0, 14],[15, 0, 15]
[14, 0, 14],[15, 6, 14]
[15, 1, 13],[15, 6, 14]
[15, 1, 13],[16, 4, 13]
[15, 29, 12],[16, 41, 12]
[15, 35, 11],[16, 41, 12]
[16, 23, 11],[16, 41, 12]
[14, 0, 14],[17, 2, 14]
[15, 1, 13],[17, 2, 14]
[16, 23, 11],[17, 25, 11]
[17, 3, 12],[18, 17, 12]
[17, 3, 12],[20, 10, 12]
[19, 5, 11],[20, 10, 12]
[19, 5, 11],[20, 13, 11]
[19, 19, 10],[20, 24, 10]
[19, 35, 3],[20, 35, 4]
[20, 32, 3],[20, 35, 4]
[21, 20, 8],[22, 28, 8]
[20, 32, 3],[22, 34, 4]
[21, 33, 1],[22, 34, 4]
[19, 35, 3],[22, 37, 3]
[20, 32, 3],[22, 37, 3]
[22, 36, 0],[22, 37, 3]
[21, 33, 1],[22, 38, 1]
[22, 36, 0],[22, 38, 1]
[19, 5, 11],[23, 11, 11]
[22, 10, 9],[23, 11, 11]
[21, 7, 10],[23, 15, 10]
[22, 10, 9],[23, 15, 10]
[21, 20, 8],[23, 23, 8]
[20, 32, 3],[23, 34, 3]
[21, 33, 1],[23, 34, 3]
[21, 33, 1],[24, 37, 2]
[22, 36, 0],[24, 37, 2]
[22, 36, 0],[24, 39, 0]
[22, 10, 9],[25, 12, 9]
[21, 7, 10],[26, 11, 10]
[22, 10, 9],[26, 11, 10]
[21, 20, 8],[28, 21, 8]
[31, 17, 4],[31, 20, 5]
[31, 17, 4],[32, 19, 5]
[32, 18, 3],[32, 19, 5]
[31, 17, 4],[33, 18, 4]
[32, 18, 3],[33, 18, 4]
[32, 18, 3],[34, 19, 3]
[35, 21, 1],[36, 24, 1]
[36, 22, 0],[36, 24, 1]
[34, 20, 2],[37, 22, 2]
[35, 21, 1],[37, 22, 2]
[36, 22, 0],[37, 22, 2]
[35, 21, 1],[38, 23, 1]
[36, 22, 0],[38, 23, 1]
[36, 22, 0],[39, 24, 0]
[0, 24, 39],[0, 25, 41]
[0, 39, 24],[0, 41, 25]
[1, 38, 22],[1, 40, 23]
[0, 24, 39],[2, 24, 40]
[1, 23, 38],[2, 24, 40]
[1, 24, 36],[2, 24, 40]
[2, 22, 37],[2, 24, 40]
[1, 23, 38],[2, 25, 38]
[1, 24, 36],[2, 25, 38]
[2, 22, 37],[2, 25, 38]
[1, 38, 22],[2, 38, 23]
[2, 22, 37],[3, 22, 38]
[3, 19, 34],[3, 22, 38]
[3, 19, 34],[3, 24, 35]
[3, 19, 34],[4, 19, 35]
[4, 18, 33],[4, 19, 35]
[4, 35, 20],[4, 39, 21]
[3, 19, 34],[5, 22, 34]
[4, 18, 33],[5, 22, 34]
[5, 19, 32],[5, 22, 34]
[5, 20, 31],[5, 22, 34]
[3, 34, 23],[5, 37, 23]
[3, 37, 22],[5, 37, 23]
[4, 34, 22],[5, 37, 23]
[4, 18, 33],[6, 21, 33]
[5, 19, 32],[6, 21, 33]
[5, 20, 31],[6, 21, 33]
[4, 35, 20],[6, 35, 21]
[4, 18, 33],[7, 19, 33]
[5, 19, 32],[7, 19, 33]
[5, 19, 32],[7, 23, 32]
[5, 20, 31],[7, 23, 32]
[3, 34, 23],[7, 34, 24]
[4, 34, 22],[7, 34, 24]
[4, 35, 20],[7, 39, 20]
[8, 23, 23],[8, 29, 24]
[8, 28, 22],[8, 29, 24]
[9, 12, 25],[9, 17, 32]
[8, 21, 28],[9, 22, 30]
[9, 12, 25],[9, 22, 30]
[8, 23, 23],[9, 27, 23]
[10, 15, 23],[10, 22, 24]
[10, 24, 20],[10, 27, 22]
[9, 12, 25],[11, 12, 28]
[10, 11, 26],[11, 12, 28]
[11, 11, 23],[11, 12, 28]
[10, 15, 23],[11, 15, 24]
[11, 11, 23],[11, 15, 24]
[11, 13, 20],[11, 15, 24]
[10, 24, 20],[11, 24, 21]
[11, 13, 20],[11, 24, 21]
[11, 25, 17],[11, 27, 18]
[12, 10, 20],[12, 11, 22]
[11, 13, 20],[12, 15, 21]
[12, 10, 20],[12, 15, 21]
[13, 4, 16],[13, 6, 21]
[13, 4, 16],[13, 9, 18]
[11, 25, 17],[13, 29, 17]
[13, 4, 16],[13, 29, 17]
[14, 2, 17],[14, 3, 19]
[13, 4, 16],[14, 24, 16]
[14, 6, 15],[14, 24, 16]
[15, 0, 15],[15, 2, 16]
[15, 0, 15],[16, 0, 16]
[15, 0, 15],[16, 2, 15]
[15, 6, 14],[16, 24, 14]
[16, 4, 13],[16, 24, 14]
[16, 4, 13],[17, 29, 13]
[17, 25, 11],[17, 29, 13]
[16, 4, 13],[18, 9, 13]
[17, 25, 11],[18, 27, 11]
[17, 2, 14],[19, 3, 14]
[20, 35, 4],[20, 39, 7]
[16, 4, 13],[21, 6, 13]
[20, 10, 12],[21, 15, 12]
[20, 13, 11],[21, 15, 12]
[20, 13, 11],[21, 24, 11]
[20, 24, 10],[21, 24, 11]
[20, 35, 4],[21, 35, 6]
[20, 35, 4],[21, 39, 4]
[20, 10, 12],[22, 11, 12]
[20, 24, 10],[22, 27, 10]
[23, 23, 8],[23, 27, 9]
[22, 34, 4],[23, 37, 5]
[22, 37, 3],[23, 37, 5]
[23, 34, 3],[23, 37, 5]
[22, 38, 1],[23, 38, 2]
[22, 38, 1],[23, 40, 1]
[20, 13, 11],[24, 15, 11]
[23, 11, 11],[24, 15, 11]
[23, 15, 10],[24, 15, 11]
[23, 15, 10],[24, 22, 10]
[22, 28, 8],[24, 29, 8]
[23, 23, 8],[24, 29, 8]
[22, 34, 4],[24, 34, 7]
[23, 34, 3],[24, 34, 7]
[24, 39, 0],[25, 41, 0]
[23, 11, 11],[28, 12, 11]
[25, 12, 9],[28, 12, 11]
[26, 11, 10],[28, 12, 11]
[25, 12, 9],[30, 22, 9]
[28, 21, 8],[30, 22, 9]
[25, 12, 9],[32, 17, 9]
[31, 20, 5],[32, 23, 7]
[32, 19, 5],[32, 23, 7]
[32, 19, 5],[33, 19, 7]
[33, 18, 4],[33, 19, 7]
[31, 20, 5],[33, 21, 6]
[32, 19, 5],[33, 21, 6]
[33, 18, 4],[33, 21, 6]
[31, 20, 5],[34, 22, 5]
[32, 19, 5],[34, 22, 5]
[33, 18, 4],[34, 22, 5]
[34, 19, 3],[34, 22, 5]
[33, 18, 4],[35, 19, 4]
[34, 19, 3],[35, 19, 4]
[34, 19, 3],[35, 24, 3]
[34, 19, 3],[38, 22, 3]
[37, 22, 2],[38, 22, 3]
[36, 24, 1],[38, 25, 2]
[37, 22, 2],[38, 25, 2]
[38, 23, 1],[38, 25, 2]
[36, 24, 1],[40, 24, 2]
[37, 22, 2],[40, 24, 2]
[38, 23, 1],[40, 24, 2]
[39, 24, 0],[40, 24, 2]
[39, 24, 0],[41, 25, 0]
[0, 25, 41],[0, 27, 44]
[0, 41, 25],[0, 44, 27]
[0, 25, 41],[1, 25, 42]
[0, 41, 25],[1, 41, 26]
[1, 40, 23],[1, 41, 26]
[3, 24, 35],[3, 27, 37]
[2, 38, 23],[3, 39, 26]
[1, 40, 23],[3, 41, 24]
[2, 38, 23],[3, 41, 24]
[3, 22, 38],[4, 23, 40]
[4, 19, 35],[4, 23, 40]
[3, 24, 35],[4, 25, 37]
[4, 19, 35],[4, 25, 37]
[2, 38, 23],[4, 38, 24]
[3, 22, 38],[5, 23, 39]
[4, 19, 35],[5, 23, 39]
[5, 22, 34],[5, 23, 39]
[4, 39, 21],[5, 43, 22]
[4, 19, 35],[6, 20, 36]
[4, 19, 35],[6, 22, 35]
[5, 22, 34],[6, 22, 35]
[6, 21, 33],[6, 22, 35]
[6, 35, 21],[6, 36, 23]
[4, 39, 21],[6, 39, 22]
[6, 35, 21],[6, 39, 22]
[6, 35, 21],[7, 35, 23]
[4, 19, 35],[8, 19, 36]
[7, 19, 33],[8, 19, 36]
[8, 29, 24],[8, 33, 25]
[9, 17, 32],[9, 18, 34]
[8, 29, 24],[9, 29, 29]
[9, 27, 23],[9, 29, 29]
[8, 29, 24],[9, 32, 24]
[9, 27, 23],[9, 32, 24]
[4, 39, 21],[9, 40, 21]
[6, 35, 21],[9, 40, 21]
[7, 39, 20],[9, 40, 21]
[10, 22, 24],[10, 23, 27]
[10, 22, 24],[10, 26, 25]
[11, 12, 28],[11, 14, 29]
[10, 27, 22],[11, 32, 22]
[11, 24, 21],[11, 32, 22]
[11, 27, 18],[11, 32, 22]
[12, 11, 22],[12, 12, 27]
[12, 11, 22],[12, 16, 23]
[12, 15, 21],[12, 16, 23]
[11, 27, 18],[12, 42, 19]
[12, 11, 22],[13, 18, 22]
[12, 15, 21],[13, 18, 22]
[13, 6, 21],[13, 18, 22]
[13, 9, 18],[13, 18, 22]
[13, 9, 18],[13, 20, 19]
[14, 3, 19],[14, 4, 21]
[14, 3, 19],[14, 7, 20]
[13, 9, 18],[14, 14, 18]
[15, 2, 16],[15, 5, 18]
[15, 2, 16],[15, 17, 17]
[16, 0, 16],[16, 1, 18]
[15, 2, 16],[16, 5, 17]
[16, 0, 16],[16, 5, 17]
[16, 2, 15],[16, 5, 17]
[16, 0, 16],[17, 0, 17]
[15, 2, 16],[17, 5, 16]
[16, 0, 16],[17, 5, 16]
[16, 2, 15],[17, 5, 16]
[16, 2, 15],[17, 17, 15]
[16, 0, 16],[18, 1, 16]
[16, 2, 15],[18, 5, 15]
[18, 9, 13],[18, 14, 14]
[18, 9, 13],[19, 20, 13]
[18, 27, 11],[19, 42, 12]
[19, 3, 14],[20, 7, 14]
[19, 3, 14],[21, 4, 14]
[20, 39, 7],[21, 40, 9]
[21, 35, 6],[21, 40, 9]
[21, 39, 4],[21, 40, 9]
[18, 9, 13],[22, 18, 13]
[21, 6, 13],[22, 18, 13]
[21, 15, 12],[22, 18, 13]
[22, 11, 12],[22, 18, 13]
[18, 27, 11],[22, 32, 11]
[21, 24, 11],[22, 32, 11]
[22, 27, 10],[22, 32, 11]
[21, 35, 6],[22, 39, 6]
[21, 39, 4],[22, 39, 6]
[21, 39, 4],[22, 43, 5]
[21, 15, 12],[23, 16, 12]
[22, 11, 12],[23, 16, 12]
[21, 35, 6],[23, 35, 7]
[21, 35, 6],[23, 36, 6]
[23, 27, 9],[24, 32, 9]
[24, 29, 8],[24, 32, 9]
[23, 38, 2],[24, 38, 4]
[23, 38, 2],[24, 41, 3]
[23, 40, 1],[24, 41, 3]
[24, 22, 10],[25, 26, 10]
[24, 29, 8],[25, 33, 8]
[23, 38, 2],[26, 39, 3]
[23, 40, 1],[26, 41, 1]
[25, 41, 0],[26, 41, 1]
[22, 11, 12],[27, 12, 12]
[24, 22, 10],[27, 23, 10]
[25, 41, 0],[27, 44, 0]
[28, 12, 11],[29, 14, 11]
[23, 27, 9],[29, 29, 9]
[24, 29, 8],[29, 29, 9]
[32, 17, 9],[34, 18, 9]
[33, 21, 6],[35, 22, 6]
[34, 22, 5],[35, 22, 6]
[35, 19, 4],[35, 22, 6]
[33, 19, 7],[36, 19, 8]
[35, 19, 4],[36, 19, 8]
[35, 19, 4],[36, 20, 6]
[35, 19, 4],[37, 25, 4]
[35, 24, 3],[37, 25, 4]
[35, 24, 3],[37, 27, 3]
[34, 22, 5],[39, 23, 5]
[35, 19, 4],[39, 23, 5]
[38, 22, 3],[39, 23, 5]
[35, 19, 4],[40, 23, 4]
[38, 22, 3],[40, 23, 4]
[41, 25, 0],[42, 25, 1]
[41, 25, 0],[44, 27, 0]
[0, 27, 44],[0, 29, 47]
[0, 44, 27],[0, 47, 29]
[1, 25, 42],[1, 26, 44]
[1, 25, 42],[1, 27, 43]
[1, 41, 26],[1, 42, 28]
[0, 44, 27],[1, 46, 27]
[1, 41, 26],[1, 46, 27]
[1, 41, 26],[2, 43, 26]
[1, 25, 42],[3, 26, 43]
[4, 25, 37],[4, 26, 39]
[3, 41, 24],[4, 44, 25]
[4, 38, 24],[4, 44, 25]
[4, 23, 40],[5, 24, 42]
[5, 23, 39],[5, 24, 42]
[4, 38, 24],[5, 38, 27]
[3, 41, 24],[5, 42, 24]
[4, 38, 24],[5, 42, 24]
[6, 20, 36],[7, 24, 37]
[6, 22, 35],[7, 24, 37]
[6, 39, 22],[7, 40, 25]
[7, 35, 23],[7, 40, 25]
[6, 20, 36],[9, 23, 37]
[8, 19, 36],[9, 23, 37]
[9, 18, 34],[9, 23, 37]
[6, 20, 36],[10, 20, 37]
[8, 19, 36],[10, 20, 37]
[10, 23, 27],[10, 28, 29]
[10, 26, 25],[10, 28, 29]
[10, 23, 27],[10, 31, 28]
[10, 26, 25],[10, 31, 28]
[8, 19, 36],[11, 19, 37]
[11, 14, 29],[11, 19, 37]
[10, 26, 25],[11, 28, 26]
[4, 38, 24],[11, 38, 25]
[6, 36, 23],[11, 38, 25]
[8, 33, 25],[11, 38, 25]
[10, 26, 25],[11, 38, 25]
[11, 32, 22],[11, 38, 25]
[12, 12, 27],[12, 13, 30]
[10, 23, 27],[12, 23, 28]
[12, 12, 27],[12, 23, 28]
[12, 16, 23],[12, 23, 28]
[12, 16, 23],[12, 26, 24]
[12, 12, 27],[13, 12, 29]
[12, 12, 27],[13, 16, 27]
[12, 16, 23],[13, 16, 27]
[12, 16, 23],[13, 24, 24]
[13, 18, 22],[13, 24, 24]
[13, 20, 19],[13, 24, 24]
[12, 16, 23],[13, 25, 23]
[13, 18, 22],[13, 25, 23]
[13, 20, 19],[13, 25, 23]
[12, 42, 19],[13, 46, 20]
[13, 20, 19],[13, 46, 20]
[14, 4, 21],[14, 10, 28]
[14, 7, 20],[14, 10, 28]
[12, 16, 23],[14, 17, 24]
[14, 4, 21],[14, 17, 24]
[14, 7, 20],[14, 17, 24]
[14, 14, 18],[14, 17, 24]
[13, 18, 22],[14, 21, 22]
[13, 20, 19],[14, 21, 22]
[14, 4, 21],[14, 21, 22]
[14, 7, 20],[14, 21, 22]
[14, 14, 18],[14, 21, 22]
[14, 4, 21],[15, 4, 22]
[14, 4, 21],[15, 10, 21]
[14, 7, 20],[15, 10, 21]
[15, 5, 18],[15, 10, 21]
[15, 5, 18],[15, 13, 19]
[16, 1, 18],[16, 3, 21]
[15, 5, 18],[16, 6, 20]
[16, 1, 18],[16, 6, 20]
[16, 5, 17],[16, 6, 20]
[16, 1, 18],[17, 1, 19]
[17, 0, 17],[17, 1, 19]
[14, 14, 18],[17, 23, 18]
[15, 5, 18],[17, 23, 18]
[16, 1, 18],[17, 23, 18]
[16, 5, 17],[17, 23, 18]
[17, 0, 17],[17, 23, 18]
[17, 5, 16],[17, 23, 18]
[17, 17, 15],[17, 23, 18]
[17, 0, 17],[18, 0, 18]
[15, 17, 17],[18, 23, 17]
[16, 5, 17],[18, 23, 17]
[17, 0, 17],[18, 23, 17]
[17, 5, 16],[18, 23, 17]
[18, 1, 16],[18, 23, 17]
[18, 5, 15],[18, 23, 17]
[18, 14, 14],[18, 23, 17]
[17, 0, 17],[19, 1, 17]
[18, 1, 16],[19, 1, 17]
[18, 5, 15],[19, 13, 15]
[17, 5, 16],[20, 6, 16]
[18, 1, 16],[20, 6, 16]
[18, 5, 15],[20, 6, 16]
[19, 20, 13],[20, 46, 13]
[19, 42, 12],[20, 46, 13]
[18, 1, 16],[21, 3, 16]
[18, 5, 15],[21, 10, 15]
[20, 7, 14],[21, 10, 15]
[21, 4, 14],[21, 10, 15]
[21, 4, 14],[22, 4, 15]
[18, 14, 14],[22, 21, 14]
[19, 20, 13],[22, 21, 14]
[20, 7, 14],[22, 21, 14]
[21, 4, 14],[22, 21, 14]
[22, 18, 13],[22, 21, 14]
[19, 20, 13],[23, 25, 13]
[22, 18, 13],[23, 25, 13]
[23, 16, 12],[23, 25, 13]
[18, 14, 14],[24, 17, 14]
[20, 7, 14],[24, 17, 14]
[21, 4, 14],[24, 17, 14]
[23, 16, 12],[24, 17, 14]
[19, 20, 13],[24, 24, 13]
[22, 18, 13],[24, 24, 13]
[23, 16, 12],[24, 24, 13]
[23, 16, 12],[24, 26, 12]
[24, 38, 4],[24, 42, 5]
[24, 41, 3],[24, 42, 5]
[22, 32, 11],[25, 38, 11]
[23, 36, 6],[25, 38, 11]
[24, 38, 4],[25, 38, 11]
[25, 26, 10],[25, 38, 11]
[25, 33, 8],[25, 38, 11]
[22, 39, 6],[25, 40, 7]
[23, 35, 7],[25, 40, 7]
[24, 38, 4],[25, 44, 4]
[24, 41, 3],[25, 44, 4]
[25, 26, 10],[26, 28, 11]
[26, 41, 1],[26, 43, 2]
[23, 16, 12],[27, 16, 13]
[27, 12, 12],[27, 16, 13]
[24, 38, 4],[27, 38, 5]
[26, 41, 1],[27, 46, 1]
[27, 44, 0],[27, 46, 1]
[20, 7, 14],[28, 10, 14]
[21, 4, 14],[28, 10, 14]
[23, 16, 12],[28, 23, 12]
[27, 12, 12],[28, 23, 12]
[27, 23, 10],[28, 23, 12]
[25, 26, 10],[28, 31, 10]
[27, 23, 10],[28, 31, 10]
[26, 41, 1],[28, 42, 1]
[27, 12, 12],[29, 12, 13]
[25, 26, 10],[29, 28, 10]
[27, 23, 10],[29, 28, 10]
[27, 44, 0],[29, 47, 0]
[27, 12, 12],[30, 13, 12]
[29, 14, 11],[37, 19, 11]
[36, 19, 8],[37, 19, 11]
[36, 19, 8],[37, 20, 10]
[36, 20, 6],[37, 20, 10]
[34, 18, 9],[37, 23, 9]
[36, 19, 8],[37, 23, 9]
[36, 20, 6],[37, 23, 9]
[35, 22, 6],[37, 24, 7]
[36, 20, 6],[37, 24, 7]
[37, 25, 4],[39, 26, 4]
[39, 23, 5],[42, 24, 5]
[40, 23, 4],[42, 24, 5]
[42, 25, 1],[43, 26, 3]
[42, 25, 1],[43, 27, 1]
[42, 25, 1],[44, 26, 1]
[44, 27, 0],[47, 29, 0]
[0, 29, 47],[0, 30, 49]
[0, 47, 29],[0, 49, 30]
[1, 26, 44],[1, 28, 47]
[1, 27, 43],[1, 28, 47]
[0, 47, 29],[1, 49, 29]
[1, 42, 28],[1, 49, 29]
[1, 46, 27],[1, 49, 29]
[1, 26, 44],[2, 28, 45]
[1, 27, 43],[2, 28, 45]
[1, 42, 28],[2, 44, 28]
[2, 43, 26],[2, 44, 28]
[1, 26, 44],[4, 27, 45]
[1, 27, 43],[4, 27, 45]
[3, 26, 43],[4, 27, 45]
[4, 26, 39],[4, 27, 45]
[1, 42, 28],[4, 42, 29]
[1, 46, 27],[4, 47, 27]
[4, 44, 25],[4, 47, 27]
[5, 24, 42],[5, 25, 44]
[4, 26, 39],[5, 26, 40]
[2, 43, 26],[5, 48, 26]
[4, 44, 25],[5, 48, 26]
[5, 42, 24],[5, 48, 26]
[5, 38, 27],[6, 41, 29]
[2, 43, 26],[6, 44, 26]
[4, 44, 25],[6, 44, 26]
[5, 42, 24],[6, 44, 26]
[4, 44, 25],[6, 45, 25]
[5, 42, 24],[6, 45, 25]
[7, 24, 37],[7, 25, 40]
[5, 42, 24],[7, 42, 26]
[7, 40, 25],[7, 42, 26]
[7, 24, 37],[8, 24, 38]
[10, 28, 29],[10, 29, 34]
[10, 28, 29],[10, 37, 30]
[10, 31, 28],[10, 37, 30]
[10, 20, 37],[11, 20, 39]
[11, 19, 37],[11, 20, 39]
[10, 28, 29],[11, 31, 30]
[10, 31, 28],[11, 31, 30]
[11, 28, 26],[11, 31, 30]
[11, 28, 26],[11, 33, 27]
[12, 13, 30],[12, 14, 32]
[12, 26, 24],[12, 32, 25]
[12, 13, 30],[13, 13, 31]
[13, 12, 29],[13, 13, 31]
[12, 13, 30],[13, 27, 30]
[12, 26, 24],[13, 27, 30]
[13, 12, 29],[13, 27, 30]
[13, 16, 27],[13, 27, 30]
[13, 24, 24],[13, 27, 30]
[13, 25, 23],[13, 27, 30]
[12, 26, 24],[13, 31, 25]
[13, 24, 24],[13, 31, 25]
[13, 25, 23],[13, 31, 25]
[14, 17, 24],[14, 18, 26]
[13, 25, 23],[14, 39, 23]
[14, 21, 22],[14, 39, 23]
[15, 4, 22],[15, 7, 23]
[15, 13, 19],[15, 19, 20]
[15, 4, 22],[16, 12, 22]
[15, 10, 21],[16, 12, 22]
[16, 3, 21],[16, 12, 22]
[16, 6, 20],[16, 12, 22]
[15, 13, 19],[16, 22, 19]
[16, 3, 21],[17, 8, 21]
[16, 6, 20],[17, 8, 21]
[17, 1, 19],[17, 8, 21]
[17, 1, 19],[18, 2, 21]
[18, 0, 18],[18, 2, 21]
[17, 1, 19],[18, 4, 20]
[18, 0, 18],[18, 4, 20]
[17, 1, 19],[18, 6, 19]
[18, 0, 18],[18, 6, 19]
[18, 0, 18],[19, 0, 19]
[18, 0, 18],[19, 6, 18]
[19, 1, 17],[19, 6, 18]
[19, 13, 15],[19, 22, 16]
[18, 0, 18],[20, 4, 18]
[19, 1, 17],[20, 4, 18]
[19, 13, 15],[20, 19, 15]
[18, 0, 18],[21, 2, 18]
[19, 1, 17],[21, 2, 18]
[19, 1, 17],[21, 8, 17]
[20, 6, 16],[21, 8, 17]
[21, 3, 16],[21, 8, 17]
[20, 6, 16],[22, 12, 16]
[21, 3, 16],[22, 12, 16]
[21, 10, 15],[22, 12, 16]
[22, 4, 15],[22, 12, 16]
[22, 4, 15],[23, 7, 15]
[22, 21, 14],[23, 39, 14]
[23, 25, 13],[23, 39, 14]
[23, 25, 13],[25, 31, 13]
[24, 24, 13],[25, 31, 13]
[24, 26, 12],[25, 31, 13]
[24, 26, 12],[25, 32, 12]
[24, 42, 5],[25, 45, 6]
[25, 44, 4],[25, 45, 6]
[24, 17, 14],[26, 18, 14]
[24, 42, 5],[26, 42, 7]
[25, 40, 7],[26, 42, 7]
[24, 42, 5],[26, 44, 6]
[25, 44, 4],[26, 44, 6]
[26, 43, 2],[26, 44, 6]
[24, 42, 5],[26, 48, 5]
[25, 44, 4],[26, 48, 5]
[26, 43, 2],[26, 48, 5]
[26, 28, 11],[27, 33, 11]
[25, 44, 4],[27, 47, 4]
[27, 46, 1],[27, 47, 4]
[26, 43, 2],[28, 44, 2]
[28, 42, 1],[28, 44, 2]
[27, 38, 5],[29, 41, 6]
[28, 42, 1],[29, 42, 4]
[27, 46, 1],[29, 49, 1]
[28, 42, 1],[29, 49, 1]
[29, 47, 0],[29, 49, 1]
[23, 25, 13],[30, 27, 13]
[24, 24, 13],[30, 27, 13]
[24, 26, 12],[30, 27, 13]
[27, 16, 13],[30, 27, 13]
[29, 12, 13],[30, 27, 13]
[30, 13, 12],[30, 27, 13]
[26, 28, 11],[30, 31, 11]
[28, 31, 10],[30, 31, 11]
[29, 28, 10],[30, 31, 11]
[28, 31, 10],[30, 37, 10]
[29, 28, 10],[30, 37, 10]
[29, 47, 0],[30, 49, 0]
[29, 12, 13],[31, 13, 13]
[30, 13, 12],[31, 13, 13]
[30, 13, 12],[32, 14, 12]
[29, 28, 10],[34, 29, 10]
[37, 24, 7],[38, 24, 8]
[37, 19, 11],[39, 20, 11]
[37, 20, 10],[39, 20, 11]
[37, 24, 7],[40, 25, 7]
[39, 26, 4],[40, 26, 5]
[42, 24, 5],[44, 25, 5]
[39, 26, 4],[45, 27, 4]
[43, 26, 3],[45, 27, 4]
[43, 27, 1],[45, 27, 4]
[44, 26, 1],[45, 27, 4]
[43, 27, 1],[45, 28, 2]
[44, 26, 1],[45, 28, 2]
[43, 27, 1],[47, 28, 1]
[44, 26, 1],[47, 28, 1]
[47, 29, 0],[49, 30, 0]
[0, 30, 49],[0, 32, 52]
[0, 49, 30],[0, 52, 32]
[0, 49, 30],[1, 50, 32]
[1, 49, 29],[1, 50, 32]
[0, 49, 30],[1, 52, 31]
[1, 49, 29],[1, 52, 31]
[1, 28, 47],[2, 29, 49]
[2, 28, 45],[2, 29, 49]
[2, 44, 28],[2, 48, 29]
[1, 28, 47],[3, 28, 48]
[2, 28, 45],[3, 28, 48]
[2, 44, 28],[3, 46, 28]
[4, 27, 45],[5, 27, 47]
[5, 25, 44],[5, 27, 47]
[5, 26, 40],[5, 27, 47]
[2, 44, 28],[5, 45, 28]
[5, 25, 44],[6, 26, 46]
[5, 26, 40],[6, 26, 46]
[5, 26, 40],[6, 27, 42]
[4, 47, 27],[6, 48, 27]
[5, 48, 26],[6, 48, 27]
[6, 44, 26],[6, 48, 27]
[6, 45, 25],[6, 48, 27]
[5, 25, 44],[7, 26, 45]
[5, 26, 40],[7, 26, 45]
[7, 25, 40],[7, 26, 45]
[2, 44, 28],[7, 44, 30]
[6, 41, 29],[7, 44, 30]
[6, 44, 26],[7, 44, 30]
[7, 42, 26],[7, 44, 30]
[6, 44, 26],[8, 45, 26]
[6, 45, 25],[8, 45, 26]
[7, 42, 26],[8, 45, 26]
[8, 24, 38],[9, 24, 41]
[5, 26, 40],[9, 33, 40]
[7, 25, 40],[9, 33, 40]
[7, 42, 26],[9, 43, 27]
[10, 29, 34],[11, 29, 35]
[11, 31, 30],[11, 36, 31]
[11, 33, 27],[11, 36, 31]
[11, 20, 39],[12, 22, 41]
[12, 14, 32],[12, 22, 41]
[11, 33, 27],[12, 33, 29]
[12, 32, 25],[12, 33, 29]
[12, 32, 25],[12, 34, 26]
[12, 14, 32],[13, 15, 34]
[13, 13, 31],[13, 15, 34]
[12, 14, 32],[13, 17, 33]
[13, 13, 31],[13, 17, 33]
[12, 14, 32],[13, 30, 32]
[13, 13, 31],[13, 30, 32]
[13, 27, 30],[13, 30, 32]
[13, 13, 31],[14, 13, 32]
[13, 13, 31],[14, 25, 31]
[14, 18, 26],[14, 25, 31]
[12, 32, 25],[14, 32, 27]
[13, 31, 25],[14, 32, 27]
[14, 18, 26],[14, 32, 27]
[6, 45, 25],[14, 46, 25]
[12, 32, 25],[14, 46, 25]
[13, 31, 25],[14, 46, 25]
[14, 39, 23],[14, 46, 25]
[15, 7, 23],[15, 20, 25]
[15, 19, 20],[15, 20, 25]
[14, 39, 23],[15, 43, 24]
[15, 7, 23],[15, 43, 24]
[15, 19, 20],[15, 43, 24]
[15, 7, 23],[16, 8, 27]
[15, 7, 23],[16, 16, 24]
[16, 12, 22],[16, 16, 24]
[15, 7, 23],[16, 17, 23]
[16, 12, 22],[16, 17, 23]
[15, 7, 23],[17, 12, 26]
[16, 12, 22],[17, 12, 26]
[17, 8, 21],[17, 12, 26]
[16, 12, 22],[17, 14, 22]
[17, 8, 21],[17, 14, 22]
[15, 19, 20],[17, 37, 20]
[16, 22, 19],[17, 37, 20]
[18, 2, 21],[18, 3, 23]
[19, 0, 19],[19, 2, 20]
[19, 0, 19],[20, 0, 20]
[19, 0, 19],[20, 2, 19]
[19, 22, 16],[20, 37, 17]
[20, 19, 15],[20, 37, 17]
[21, 8, 17],[22, 14, 17]
[22, 12, 16],[22, 14, 17]
[21, 2, 18],[23, 3, 18]
[22, 12, 16],[23, 17, 16]
[23, 7, 15],[23, 17, 16]
[22, 12, 16],[24, 16, 16]
[23, 7, 15],[24, 16, 16]
[20, 19, 15],[24, 43, 15]
[23, 7, 15],[24, 43, 15]
[23, 39, 14],[24, 43, 15]
[20, 19, 15],[25, 20, 15]
[23, 7, 15],[25, 20, 15]
[23, 39, 14],[25, 46, 14]
[25, 31, 13],[25, 46, 14]
[25, 32, 12],[25, 46, 14]
[25, 45, 6],[25, 46, 14]
[21, 8, 17],[26, 12, 17]
[22, 12, 16],[26, 12, 17]
[23, 7, 15],[26, 12, 17]
[25, 32, 12],[26, 34, 12]
[25, 45, 6],[26, 45, 8]
[26, 42, 7],[26, 45, 8]
[26, 44, 6],[26, 45, 8]
[23, 7, 15],[27, 8, 16]
[25, 31, 13],[27, 32, 14]
[25, 32, 12],[27, 32, 14]
[26, 18, 14],[27, 32, 14]
[26, 42, 7],[27, 43, 9]
[25, 45, 6],[27, 48, 6]
[26, 44, 6],[27, 48, 6]
[26, 48, 5],[27, 48, 6]
[27, 47, 4],[27, 48, 6]
[28, 44, 2],[28, 45, 5]
[28, 44, 2],[28, 46, 3]
[25, 32, 12],[29, 33, 12]
[27, 33, 11],[29, 33, 12]
[28, 44, 2],[29, 48, 2]
[26, 42, 7],[30, 44, 7]
[26, 44, 6],[30, 44, 7]
[28, 44, 2],[30, 44, 7]
[29, 41, 6],[30, 44, 7]
[26, 18, 14],[31, 25, 14]
[31, 13, 13],[31, 25, 14]
[27, 33, 11],[31, 36, 11]
[30, 31, 11],[31, 36, 11]
[29, 49, 1],[31, 52, 1]
[30, 49, 0],[31, 52, 1]
[31, 13, 13],[32, 13, 14]
[30, 27, 13],[32, 30, 13]
[31, 13, 13],[32, 30, 13]
[32, 14, 12],[32, 30, 13]
[29, 49, 1],[32, 50, 1]
[30, 49, 0],[32, 50, 1]
[30, 49, 0],[32, 52, 0]
[31, 13, 13],[33, 17, 13]
[32, 14, 12],[33, 17, 13]
[31, 13, 13],[34, 15, 13]
[32, 14, 12],[34, 15, 13]
[34, 29, 10],[35, 29, 11]
[40, 25, 7],[40, 33, 9]
[40, 26, 5],[40, 33, 9]
[32, 14, 12],[41, 22, 12]
[39, 20, 11],[41, 22, 12]
[38, 24, 8],[41, 24, 9]
[40, 26, 5],[42, 27, 6]
[40, 25, 7],[45, 26, 7]
[40, 26, 5],[45, 26, 7]
[44, 25, 5],[45, 26, 7]
[40, 26, 5],[46, 26, 6]
[44, 25, 5],[46, 26, 6]
[40, 26, 5],[47, 27, 5]
[44, 25, 5],[47, 27, 5]
[45, 27, 4],[47, 27, 5]
[45, 28, 2],[48, 28, 3]
[47, 28, 1],[48, 28, 3]
[45, 28, 2],[49, 29, 2]
[47, 28, 1],[49, 29, 2]
[49, 30, 0],[52, 32, 0]
[0, 32, 52],[0, 33, 54]
[0, 52, 32],[0, 54, 33]
[0, 32, 52],[1, 32, 53]
[2, 29, 49],[2, 31, 50]
[2, 48, 29],[2, 51, 31]
[2, 29, 49],[3, 29, 50]
[3, 28, 48],[3, 29, 50]
[2, 29, 49],[3, 31, 49]
[3, 28, 48],[3, 31, 49]
[2, 48, 29],[3, 50, 30]
[3, 46, 28],[3, 50, 30]
[3, 28, 48],[5, 33, 48]
[5, 27, 47],[5, 33, 48]
[2, 48, 29],[5, 54, 29]
[5, 45, 28],[5, 54, 29]
[3, 28, 48],[6, 28, 49]
[5, 27, 47],[6, 28, 49]
[6, 26, 46],[6, 28, 49]
[6, 27, 42],[6, 28, 49]
[3, 28, 48],[6, 29, 48]
[5, 27, 47],[6, 29, 48]
[6, 26, 46],[6, 29, 48]
[6, 27, 42],[6, 29, 48]
[6, 27, 42],[6, 30, 44]
[3, 46, 28],[6, 46, 30]
[5, 45, 28],[6, 46, 30]
[6, 27, 42],[7, 28, 44]
[2, 48, 29],[7, 50, 29]
[3, 46, 28],[7, 50, 29]
[6, 48, 27],[7, 50, 29]
[6, 48, 27],[7, 53, 27]
[6, 26, 46],[8, 26, 47]
[7, 26, 45],[8, 26, 47]
[8, 45, 26],[9, 51, 26]
[9, 43, 27],[11, 43, 32]
[11, 36, 31],[11, 43, 32]
[9, 24, 41],[12, 24, 44]
[12, 22, 41],[12, 24, 44]
[11, 29, 35],[12, 31, 35]
[12, 33, 29],[12, 35, 34]
[12, 34, 26],[12, 35, 34]
[7, 44, 30],[12, 44, 31]
[11, 36, 31],[12, 44, 31]
[12, 33, 29],[12, 44, 31]
[12, 34, 26],[12, 44, 31]
[12, 34, 26],[13, 37, 26]
[13, 15, 34],[14, 15, 35]
[14, 13, 32],[14, 15, 35]
[13, 17, 33],[14, 30, 33]
[13, 30, 32],[14, 30, 33]
[14, 13, 32],[14, 30, 33]
[14, 25, 31],[14, 30, 33]
[14, 13, 32],[15, 14, 34]
[14, 13, 32],[15, 15, 32]
[15, 20, 25],[15, 21, 31]
[15, 20, 25],[15, 26, 29]
[15, 20, 25],[15, 27, 26]
[16, 8, 27],[16, 15, 30]
[16, 8, 27],[16, 18, 29]
[16, 16, 24],[16, 18, 29]
[16, 17, 23],[16, 18, 29]
[15, 20, 25],[16, 29, 25]
[16, 16, 24],[16, 29, 25]
[16, 17, 23],[16, 29, 25]
[17, 12, 26],[17, 13, 29]
[15, 20, 25],[17, 26, 27]
[16, 8, 27],[17, 26, 27]
[17, 12, 26],[17, 26, 27]
[17, 14, 22],[17, 26, 27]
[16, 16, 24],[17, 36, 24]
[16, 17, 23],[17, 36, 24]
[17, 14, 22],[17, 36, 24]
[16, 17, 23],[17, 41, 23]
[17, 14, 22],[17, 41, 23]
[17, 37, 20],[17, 41, 23]
[18, 3, 23],[18, 7, 24]
[17, 14, 22],[18, 30, 22]
[18, 3, 23],[19, 4, 25]
[19, 2, 20],[19, 4, 25]
[19, 2, 20],[19, 17, 21]
[20, 0, 20],[20, 1, 22]
[19, 2, 20],[20, 5, 21]
[20, 0, 20],[20, 5, 21]
[20, 2, 19],[20, 5, 21]
[20, 0, 20],[21, 0, 21]
[19, 2, 20],[21, 5, 20]
[20, 0, 20],[21, 5, 20]
[20, 2, 19],[21, 5, 20]
[20, 2, 19],[21, 17, 19]
[20, 0, 20],[22, 1, 20]
[22, 14, 17],[22, 30, 18]
[20, 37, 17],[23, 41, 17]
[22, 14, 17],[23, 41, 17]
[23, 17, 16],[23, 41, 17]
[23, 3, 18],[24, 7, 18]
[22, 14, 17],[24, 36, 17]
[23, 17, 16],[24, 36, 17]
[24, 16, 16],[24, 36, 17]
[20, 2, 19],[25, 4, 19]
[23, 3, 18],[25, 4, 19]
[23, 17, 16],[25, 29, 16]
[24, 16, 16],[25, 29, 16]
[25, 20, 15],[25, 29, 16]
[25, 20, 15],[26, 27, 15]
[26, 34, 12],[26, 37, 13]
[26, 45, 8],[26, 51, 9]
[22, 14, 17],[27, 26, 17]
[25, 20, 15],[27, 26, 17]
[26, 12, 17],[27, 26, 17]
[27, 8, 16],[27, 26, 17]
[27, 48, 6],[27, 53, 7]
[26, 12, 17],[29, 13, 17]
[23, 17, 16],[29, 18, 16]
[24, 16, 16],[29, 18, 16]
[27, 8, 16],[29, 18, 16]
[25, 20, 15],[29, 26, 15]
[27, 48, 6],[29, 50, 7]
[28, 46, 3],[29, 50, 7]
[29, 48, 2],[29, 50, 7]
[28, 45, 5],[29, 54, 5]
[29, 48, 2],[29, 54, 5]
[27, 8, 16],[30, 15, 16]
[28, 45, 5],[30, 46, 6]
[28, 46, 3],[30, 46, 6]
[28, 46, 3],[30, 50, 3]
[29, 48, 2],[30, 50, 3]
[25, 20, 15],[31, 21, 15]
[26, 34, 12],[31, 44, 12]
[29, 33, 12],[31, 44, 12]
[30, 44, 7],[31, 44, 12]
[31, 36, 11],[31, 44, 12]
[29, 48, 2],[31, 51, 2]
[32, 13, 14],[32, 15, 15]
[27, 43, 9],[32, 43, 11]
[31, 36, 11],[32, 43, 11]
[31, 25, 14],[33, 30, 14]
[32, 13, 14],[33, 30, 14]
[32, 30, 13],[33, 30, 14]
[33, 17, 13],[33, 30, 14]
[32, 52, 0],[33, 54, 0]
[32, 13, 14],[34, 14, 15]
[26, 34, 12],[34, 35, 12]
[29, 33, 12],[34, 35, 12]
[32, 13, 14],[35, 15, 14]
[34, 15, 13],[35, 15, 14]
[35, 29, 11],[35, 31, 12]
[41, 22, 12],[44, 24, 12]
[41, 24, 9],[44, 24, 12]
[42, 27, 6],[44, 28, 7]
[42, 27, 6],[44, 30, 6]
[45, 26, 7],[47, 26, 8]
[46, 26, 6],[47, 26, 8]
[42, 27, 6],[48, 29, 6]
[46, 26, 6],[48, 29, 6]
[47, 27, 5],[48, 29, 6]
[48, 28, 3],[48, 29, 6]
[47, 27, 5],[48, 33, 5]
[48, 28, 3],[48, 33, 5]
[42, 27, 6],[49, 28, 6]
[46, 26, 6],[49, 28, 6]
[47, 27, 5],[49, 28, 6]
[48, 28, 3],[49, 28, 6]
[48, 28, 3],[49, 31, 3]
[49, 29, 2],[49, 31, 3]
[48, 28, 3],[50, 29, 3]
[49, 29, 2],[50, 29, 3]
[49, 29, 2],[50, 31, 2]
[52, 32, 0],[53, 32, 1]
[52, 32, 0],[54, 33, 0]
[0, 33, 54],[0, 35, 57]
[0, 54, 33],[0, 57, 35]
[0, 33, 54],[1, 34, 56]
[1, 32, 53],[1, 34, 56]
[0, 33, 54],[1, 35, 55]
[1, 32, 53],[1, 35, 55]
[0, 54, 33],[1, 56, 34]
[2, 31, 50],[2, 33, 51]
[2, 51, 31],[2, 53, 35]
[2, 51, 31],[2, 55, 32]
[2, 51, 31],[3, 53, 31]
[3, 50, 30],[3, 53, 31]
[3, 29, 50],[4, 29, 51]
[4, 49, 32],[5, 49, 33]
[3, 50, 30],[5, 53, 30]
[6, 46, 30],[6, 47, 32]
[3, 50, 30],[6, 50, 31]
[6, 46, 30],[6, 50, 31]
[7, 28, 44],[7, 29, 46]
[6, 46, 30],[7, 49, 31]
[6, 46, 30],[8, 47, 31]
[3, 50, 30],[8, 52, 30]
[6, 46, 30],[8, 52, 30]
[7, 50, 29],[8, 52, 30]
[7, 53, 27],[9, 54, 28]
[9, 51, 26],[9, 54, 28]
[8, 26, 47],[11, 26, 48]
[12, 31, 35],[12, 36, 36]
[12, 35, 34],[12, 36, 36]
[11, 43, 32],[12, 45, 33]
[12, 44, 31],[12, 45, 33]
[12, 31, 35],[13, 38, 35]
[12, 35, 34],[13, 38, 35]
[13, 37, 26],[13, 38, 35]
[13, 37, 26],[13, 43, 28]
[12, 31, 35],[14, 31, 41]
[14, 15, 35],[14, 31, 41]
[14, 30, 33],[14, 31, 41]
[12, 35, 34],[14, 36, 34]
[14, 30, 33],[14, 36, 34]
[13, 37, 26],[14, 38, 29]
[15, 14, 34],[15, 28, 37]
[15, 15, 32],[15, 28, 37]
[15, 21, 31],[15, 28, 37]
[15, 26, 29],[15, 28, 37]
[15, 27, 26],[15, 28, 37]
[15, 27, 26],[15, 30, 28]
[15, 27, 26],[15, 31, 27]
[15, 14, 34],[16, 14, 35]
[15, 27, 26],[16, 31, 26]
[16, 29, 25],[16, 31, 26]
[15, 15, 32],[17, 22, 32]
[15, 21, 31],[17, 22, 32]
[16, 18, 29],[17, 22, 32]
[17, 13, 29],[17, 22, 32]
[15, 21, 31],[17, 24, 31]
[16, 15, 30],[17, 24, 31]
[17, 13, 29],[17, 24, 31]
[16, 29, 25],[17, 47, 25]
[17, 36, 24],[17, 47, 25]
[17, 41, 23],[17, 47, 25]
[18, 7, 24],[18, 13, 25]
[18, 7, 24],[19, 9, 24]
[19, 17, 21],[19, 18, 23]
[18, 30, 22],[19, 44, 22]
[19, 17, 21],[19, 44, 22]
[20, 1, 22],[20, 3, 25]
[20, 1, 22],[21, 1, 23]
[21, 0, 21],[21, 1, 23]
[20, 1, 22],[21, 29, 22]
[20, 5, 21],[21, 29, 22]
[21, 0, 21],[21, 29, 22]
[21, 5, 20],[21, 29, 22]
[21, 17, 19],[21, 29, 22]
[21, 0, 21],[22, 0, 22]
[19, 17, 21],[22, 29, 21]
[20, 5, 21],[22, 29, 21]
[21, 0, 21],[22, 29, 21]
[21, 5, 20],[22, 29, 21]
[22, 1, 20],[22, 29, 21]
[21, 17, 19],[22, 44, 19]
[22, 30, 18],[22, 44, 19]
[21, 0, 21],[23, 1, 21]
[22, 1, 20],[23, 1, 21]
[21, 17, 19],[23, 18, 19]
[24, 7, 18],[24, 9, 19]
[22, 1, 20],[25, 3, 20]
[24, 7, 18],[25, 13, 18]
[23, 41, 17],[25, 47, 17]
[24, 36, 17],[25, 47, 17]
[25, 29, 16],[25, 47, 17]
[25, 29, 16],[26, 31, 16]
[26, 27, 15],[26, 31, 16]
[26, 27, 15],[27, 31, 15]
[26, 27, 15],[28, 30, 15]
[26, 37, 13],[28, 43, 13]
[26, 51, 9],[28, 54, 9]
[27, 53, 7],[28, 54, 9]
[26, 37, 13],[29, 38, 14]
[29, 50, 7],[30, 52, 8]
[30, 46, 6],[30, 52, 8]
[30, 50, 3],[30, 52, 8]
[30, 50, 3],[30, 53, 5]
[29, 13, 17],[31, 24, 17]
[30, 15, 16],[31, 24, 17]
[31, 21, 15],[31, 24, 17]
[30, 46, 6],[31, 47, 8]
[30, 46, 6],[31, 49, 7]
[30, 46, 6],[31, 50, 6]
[30, 50, 3],[31, 50, 6]
[30, 50, 3],[31, 53, 3]
[31, 51, 2],[31, 53, 3]
[29, 13, 17],[32, 22, 17]
[29, 18, 16],[32, 22, 17]
[31, 21, 15],[32, 22, 17]
[32, 15, 15],[32, 22, 17]
[30, 46, 6],[32, 47, 6]
[31, 51, 2],[32, 55, 2]
[31, 44, 12],[33, 45, 12]
[32, 43, 11],[33, 45, 12]
[32, 49, 4],[33, 49, 5]
[33, 30, 14],[34, 36, 14]
[34, 35, 12],[34, 36, 14]
[33, 54, 0],[34, 56, 1]
[34, 14, 15],[35, 14, 16]
[26, 37, 13],[35, 38, 13]
[34, 35, 12],[35, 38, 13]
[35, 31, 12],[35, 38, 13]
[31, 51, 2],[35, 53, 2]
[33, 54, 0],[35, 57, 0]
[34, 35, 12],[36, 36, 12]
[35, 31, 12],[36, 36, 12]
[26, 27, 15],[37, 28, 15]
[29, 26, 15],[37, 28, 15]
[31, 21, 15],[37, 28, 15]
[32, 15, 15],[37, 28, 15]
[34, 14, 15],[37, 28, 15]
[33, 30, 14],[41, 31, 14]
[35, 15, 14],[41, 31, 14]
[35, 31, 12],[41, 31, 14]
[44, 28, 7],[46, 29, 7]
[47, 26, 8],[48, 26, 11]
[50, 29, 3],[51, 29, 4]
[50, 31, 2],[51, 33, 2]
[53, 32, 1],[55, 35, 1]
[54, 33, 0],[55, 35, 1]
[53, 32, 1],[56, 34, 1]
[54, 33, 0],[56, 34, 1]
[54, 33, 0],[57, 35, 0]
[0, 35, 57],[0, 37, 60]
[0, 57, 35],[0, 60, 37]
[0, 35, 57],[1, 36, 59]
[1, 34, 56],[1, 36, 59]
[1, 35, 55],[1, 36, 59]
[2, 33, 51],[2, 34, 55]
[2, 55, 32],[2, 57, 33]
[2, 33, 51],[3, 33, 55]
[2, 53, 35],[3, 55, 36]
[2, 55, 32],[3, 55, 36]
[3, 53, 31],[3, 55, 36]
[4, 29, 51],[4, 31, 52]
[4, 29, 51],[5, 29, 52]
[2, 33, 51],[5, 34, 51]
[4, 29, 51],[5, 34, 51]
[5, 49, 33],[5, 50, 35]
[7, 29, 46],[7, 30, 50]
[7, 29, 46],[8, 30, 48]
[7, 29, 46],[8, 31, 46]
[5, 49, 33],[8, 50, 33]
[6, 47, 32],[8, 50, 33]
[6, 50, 31],[8, 50, 33]
[7, 49, 31],[8, 50, 33]
[8, 47, 31],[8, 50, 33]
[2, 55, 32],[8, 56, 32]
[5, 53, 30],[8, 56, 32]
[6, 47, 32],[8, 56, 32]
[7, 49, 31],[8, 56, 32]
[8, 47, 31],[8, 56, 32]
[8, 52, 30],[8, 56, 32]
[6, 47, 32],[9, 47, 33]
[8, 47, 31],[9, 47, 33]
[3, 53, 31],[9, 55, 31]
[6, 50, 31],[9, 55, 31]
[7, 49, 31],[9, 55, 31]
[8, 47, 31],[9, 55, 31]
[8, 52, 30],[9, 55, 31]
[9, 54, 28],[9, 55, 31]
[6, 47, 32],[10, 48, 32]
[8, 47, 31],[10, 48, 32]
[11, 26, 48],[12, 28, 50]
[12, 36, 36],[12, 46, 37]
[12, 45, 33],[12, 46, 37]
[13, 33, 39],[13, 35, 45]
[12, 36, 36],[13, 44, 37]
[13, 38, 35],[13, 44, 37]
[13, 43, 28],[13, 44, 37]
[12, 36, 36],[13, 45, 36]
[12, 45, 33],[13, 45, 36]
[13, 38, 35],[13, 45, 36]
[13, 43, 28],[13, 45, 36]
[12, 36, 36],[14, 37, 37]
[14, 36, 34],[14, 37, 37]
[12, 36, 36],[14, 40, 36]
[13, 38, 35],[14, 40, 36]
[14, 36, 34],[14, 40, 36]
[14, 38, 29],[14, 40, 36]
[5, 53, 30],[14, 55, 30]
[8, 52, 30],[14, 55, 30]
[14, 38, 29],[14, 55, 30]
[15, 30, 28],[15, 32, 36]
[15, 31, 27],[15, 32, 36]
[15, 30, 28],[15, 36, 30]
[15, 31, 27],[15, 36, 30]
[16, 14, 35],[16, 19, 39]
[15, 30, 28],[16, 35, 28]
[15, 31, 27],[16, 35, 28]
[16, 31, 26],[16, 35, 28]
[16, 14, 35],[17, 15, 37]
[16, 14, 35],[17, 21, 36]
[17, 22, 32],[17, 34, 33]
[17, 24, 31],[17, 34, 33]
[16, 14, 35],[18, 15, 36]
[18, 13, 25],[18, 15, 36]
[18, 13, 25],[18, 19, 27]
[18, 13, 25],[18, 21, 26]
[19, 9, 24],[19, 11, 28]
[20, 3, 25],[20, 8, 26]
[19, 9, 24],[20, 21, 24]
[19, 18, 23],[20, 21, 24]
[19, 18, 23],[20, 28, 23]
[21, 1, 23],[22, 2, 25]
[22, 0, 22],[22, 2, 25]
[21, 1, 23],[22, 6, 23]
[22, 0, 22],[22, 6, 23]
[22, 0, 22],[23, 0, 23]
[22, 0, 22],[23, 6, 22]
[23, 1, 21],[23, 6, 22]
[23, 18, 19],[23, 28, 20]
[23, 18, 19],[24, 21, 20]
[24, 9, 19],[24, 21, 20]
[22, 0, 22],[25, 2, 22]
[23, 1, 21],[25, 2, 22]
[25, 3, 20],[26, 8, 20]
[25, 13, 18],[26, 21, 18]
[25, 13, 18],[27, 19, 18]
[24, 9, 19],[28, 11, 19]
[26, 31, 16],[28, 35, 16]
[27, 31, 15],[28, 35, 16]
[28, 30, 15],[28, 35, 16]
[27, 31, 15],[30, 36, 15]
[28, 30, 15],[30, 36, 15]
[29, 38, 14],[30, 55, 14]
[30, 52, 8],[30, 55, 14]
[30, 53, 5],[30, 55, 14]
[28, 54, 9],[31, 55, 9]
[30, 52, 8],[31, 55, 9]
[31, 47, 8],[31, 55, 9]
[31, 49, 7],[31, 55, 9]
[31, 50, 6],[31, 55, 9]
[31, 53, 3],[31, 55, 9]
[31, 47, 8],[32, 48, 10]
[32, 47, 6],[32, 48, 10]
[30, 52, 8],[32, 56, 8]
[30, 53, 5],[32, 56, 8]
[31, 47, 8],[32, 56, 8]
[31, 49, 7],[32, 56, 8]
[32, 47, 6],[32, 56, 8]
[32, 55, 2],[32, 56, 8]
[31, 24, 17],[33, 34, 17]
[32, 22, 17],[33, 34, 17]
[31, 47, 8],[33, 47, 9]
[32, 47, 6],[33, 47, 9]
[31, 47, 8],[33, 50, 8]
[31, 49, 7],[33, 50, 8]
[31, 50, 6],[33, 50, 8]
[32, 47, 6],[33, 50, 8]
[33, 49, 5],[33, 50, 8]
[32, 55, 2],[33, 57, 2]
[33, 49, 5],[35, 50, 5]
[25, 13, 18],[36, 15, 18]
[35, 14, 16],[36, 15, 18]
[35, 14, 16],[36, 21, 17]
[27, 31, 15],[36, 32, 15]
[28, 30, 15],[36, 32, 15]
[29, 38, 14],[36, 40, 14]
[34, 36, 14],[36, 40, 14]
[35, 38, 13],[36, 40, 14]
[36, 36, 12],[36, 40, 14]
[28, 43, 13],[36, 45, 13]
[33, 45, 12],[36, 45, 13]
[35, 38, 13],[36, 45, 13]
[36, 36, 12],[36, 45, 13]
[31, 53, 3],[36, 55, 3]
[32, 55, 2],[36, 55, 3]
[35, 53, 2],[36, 55, 3]
[35, 14, 16],[37, 15, 17]
[34, 36, 14],[37, 37, 14]
[36, 36, 12],[37, 37, 14]
[28, 43, 13],[37, 44, 13]
[35, 38, 13],[37, 44, 13]
[36, 36, 12],[37, 44, 13]
[33, 45, 12],[37, 46, 12]
[36, 36, 12],[37, 46, 12]
[35, 57, 0],[37, 60, 0]
[35, 14, 16],[39, 19, 16]
[39, 33, 13],[45, 35, 13]
[46, 29, 7],[46, 31, 8]
[46, 29, 7],[48, 30, 8]
[48, 26, 11],[50, 28, 12]
[46, 29, 7],[50, 30, 7]
[51, 29, 4],[51, 34, 5]
[51, 33, 2],[51, 34, 5]
[51, 29, 4],[52, 29, 5]
[51, 29, 4],[52, 31, 4]
[51, 33, 2],[55, 33, 3]
[51, 33, 2],[55, 34, 2]
[55, 35, 1],[59, 36, 1]
[56, 34, 1],[59, 36, 1]
[57, 35, 0],[59, 36, 1]
[57, 35, 0],[60, 37, 0]
