[0, 0, 1]
[0, 2, 2]
[0, 3, 5]
[0, 4, 7]
[0, 6, 10]
[0, 8, 13]
[0, 9, 15]
[0, 11, 18]
[0, 12, 20]
[0, 14, 23]
[0, 16, 26]
[0, 17, 28]
[0, 19, 31]
[0, 21, 34]
[0, 22, 36]
[0, 24, 39]
[0, 25, 41]
[0, 27, 44]
[0, 29, 47]
[0, 30, 49]
[0, 32, 52]
[0, 33, 54]
[0, 35, 57]
[0, 37, 60]
[1, 1, 2]
[1, 3, 7]
[1, 4, 6]
[1, 5, 8]
[1, 9, 14]
[1, 10, 16]
[1, 11, 20]
[1, 12, 19]
[1, 13, 21]
[1, 15, 25]
[1, 17, 30]
[1, 18, 29]
[1, 22, 38]
[1, 23, 35]
[1, 24, 41]
[1, 26, 40]
[1, 27, 42]
[1, 28, 46]
[1, 31, 50]
[1, 32, 54]
[1, 33, 53]
[1, 34, 55]
[1, 36, 59]
[2, 3, 4]
[2, 5, 10]
[2, 6, 9]
[2, 7, 11]
[2, 8, 14]
[2, 12, 21]
[2, 13, 20]
[2, 15, 23]
[2, 16, 27]
[2, 17, 29]
[2, 18, 28]
[2, 19, 32]
[2, 22, 37]
[2, 24, 38]
[2, 25, 42]
[2, 26, 44]
[2, 30, 46]
[2, 31, 52]
[2, 33, 55]
[2, 34, 54]
[2, 35, 58]
[2, 40, 59]
[3, 3, 3]
[3, 6, 14]
[3, 8, 9]
[3, 10, 13]
[3, 11, 15]
[3, 12, 24]
[3, 16, 25]
[3, 17, 33]
[3, 18, 32]
[3, 19, 29]
[3, 20, 27]
[3, 21, 36]
[3, 22, 35]
[3, 23, 34]
[3, 26, 43]
[3, 28, 47]
[3, 30, 48]
[3, 31, 51]
[3, 37, 58]
[3, 38, 60]
[4, 4, 4]
[4, 5, 9]
[4, 8, 11]
[4, 10, 12]
[4, 13, 19]
[4, 14, 22]
[4, 15, 24]
[4, 16, 28]
[4, 17, 27]
[4, 18, 31]
[4, 20, 34]
[4, 21, 39]
[4, 23, 40]
[4, 25, 36]
[4, 26, 41]
[4, 29, 45]
[4, 30, 50]
[4, 32, 53]
[4, 33, 59]
[4, 37, 56]
[5, 5, 5]
[5, 6, 7]
[5, 11, 13]
[5, 12, 16]
[5, 14, 20]
[5, 15, 27]
[5, 17, 26]
[5, 18, 35]
[5, 19, 30]
[5, 21, 31]
[5, 22, 43]
[5, 23, 37]
[5, 24, 42]
[5, 25, 38]
[5, 28, 44]
[5, 29, 48]
[5, 32, 47]
[5, 33, 56]
[5, 34, 58]
[5, 39, 59]
[6, 6, 6]
[6, 8, 16]
[6, 11, 12]
[6, 13, 17]
[6, 15, 21]
[6, 18, 23]
[6, 19, 28]
[6, 20, 32]
[6, 22, 39]
[6, 24, 40]
[6, 25, 43]
[6, 26, 47]
[6, 27, 41]
[6, 29, 51]
[6, 30, 45]
[6, 31, 44]
[6, 33, 52]
[6, 34, 57]
[6, 35, 55]
[6, 36, 60]
[7, 7, 7]
[7, 8, 15]
[7, 9, 17]
[7, 10, 20]
[7, 12, 23]
[7, 13, 16]
[7, 14, 19]
[7, 18, 30]
[7, 21, 35]
[7, 22, 28]
[7, 24, 37]
[7, 25, 45]
[7, 26, 50]
[7, 27, 43]
[7, 29, 44]
[7, 31, 49]
[7, 32, 51]
[7, 34, 56]
[7, 36, 53]
[7, 38, 59]
[8, 8, 8]
[8, 10, 19]
[8, 12, 17]
[8, 18, 33]
[8, 20, 22]
[8, 21, 24]
[8, 23, 41]
[8, 25, 26]
[8, 27, 38]
[8, 28, 42]
[8, 29, 46]
[8, 30, 51]
[8, 31, 47]
[8, 32, 55]
[8, 34, 53]
[8, 35, 59]
[8, 36, 58]
[8, 37, 57]
[9, 9, 9]
[9, 10, 18]
[9, 11, 22]
[9, 12, 26]
[9, 13, 25]
[9, 16, 23]
[9, 19, 36]
[9, 20, 29]
[9, 21, 27]
[9, 24, 44]
[9, 28, 30]
[9, 31, 34]
[9, 32, 48]
[9, 33, 51]
[9, 35, 54]
[9, 37, 59]
[10, 10, 10]
[10, 11, 25]
[10, 14, 15]
[10, 17, 21]
[10, 22, 24]
[10, 23, 30]
[10, 26, 38]
[10, 27, 47]
[10, 28, 33]
[10, 29, 52]
[10, 31, 53]
[10, 32, 50]
[10, 34, 60]
[10, 35, 56]
[10, 36, 55]
[10, 37, 54]
[10, 41, 57]
[11, 11, 11]
[11, 14, 21]
[11, 16, 19]
[11, 17, 31]
[11, 23, 32]
[11, 24, 26]
[11, 27, 37]
[11, 28, 48]
[11, 29, 30]
[11, 33, 49]
[11, 34, 45]
[11, 35, 52]
[11, 39, 60]
[12, 12, 12]
[12, 13, 14]
[12, 15, 18]
[12, 22, 29]
[12, 25, 33]
[12, 27, 31]
[12, 28, 40]
[12, 30, 32]
[12, 34, 47]
[12, 35, 49]
[12, 36, 46]
[12, 37, 52]
[13, 13, 13]
[13, 15, 29]
[13, 18, 22]
[13, 23, 24]
[13, 26, 31]
[13, 27, 40]
[13, 28, 38]
[13, 30, 42]
[13, 32, 49]
[13, 33, 36]
[13, 34, 59]
[13, 39, 58]
[14, 14, 14]
[14, 16, 18]
[14, 17, 24]
[14, 25, 34]
[14, 26, 37]
[14, 27, 46]
[14, 28, 41]
[14, 29, 43]
[14, 30, 47]
[14, 31, 35]
[14, 32, 57]
[14, 36, 52]
[14, 38, 58]
[15, 15, 15]
[15, 16, 30]
[15, 17, 20]
[15, 19, 38]
[15, 22, 33]
[15, 26, 36]
[15, 28, 45]
[15, 31, 43]
[15, 32, 34]
[15, 35, 40]
[15, 39, 57]
[15, 41, 48]
[15, 42, 55]
[16, 16, 16]
[16, 17, 22]
[16, 20, 21]
[16, 24, 34]
[16, 29, 40]
[16, 31, 48]
[16, 32, 44]
[16, 33, 46]
[16, 35, 51]
[16, 36, 39]
[16, 37, 55]
[16, 38, 57]
[17, 17, 17]
[17, 18, 36]
[17, 19, 34]
[17, 23, 39]
[17, 25, 44]
[17, 32, 40]
[17, 35, 38]
[17, 37, 46]
[17, 41, 53]
[17, 42, 59]
[17, 43, 56]
[17, 47, 48]
[18, 18, 18]
[18, 19, 24]
[18, 20, 26]
[18, 21, 37]
[18, 25, 40]
[18, 27, 34]
[18, 38, 48]
[18, 39, 43]
[18, 41, 55]
[18, 42, 50]
[18, 44, 57]
[19, 19, 19]
[19, 20, 23]
[19, 21, 25]
[19, 22, 41]
[19, 26, 27]
[19, 33, 43]
[19, 35, 48]
[19, 37, 49]
[19, 39, 53]
[19, 40, 56]
[19, 42, 57]
[19, 47, 55]
[20, 20, 20]
[20, 24, 43]
[20, 25, 31]
[20, 28, 49]
[20, 30, 37]
[20, 33, 48]
[20, 35, 36]
[20, 38, 51]
[20, 39, 55]
[20, 40, 58]
[21, 21, 21]
[21, 22, 44]
[21, 23, 38]
[21, 26, 28]
[21, 29, 42]
[21, 30, 53]
[21, 32, 43]
[21, 33, 41]
[21, 40, 45]
[21, 46, 60]
[21, 48, 49]
[22, 22, 22]
[22, 23, 26]
[22, 25, 32]
[22, 27, 51]
[22, 30, 56]
[22, 31, 40]
[22, 34, 49]
[22, 45, 53]
[22, 46, 59]
[22, 50, 54]
[22, 52, 58]
[23, 23, 23]
[23, 25, 28]
[23, 27, 29]
[23, 31, 46]
[23, 33, 42]
[23, 36, 54]
[23, 43, 49]
[23, 44, 52]
[23, 45, 55]
[24, 24, 24]
[24, 25, 27]
[24, 28, 32]
[24, 29, 36]
[24, 30, 52]
[24, 31, 55]
[24, 33, 50]
[24, 35, 60]
[24, 45, 51]
[24, 46, 54]
[25, 25, 25]
[25, 29, 53]
[25, 30, 55]
[25, 39, 46]
[25, 47, 59]
[25, 48, 54]
[25, 50, 58]
[25, 51, 60]
[26, 26, 26]
[26, 29, 33]
[26, 30, 35]
[26, 32, 42]
[26, 45, 54]
[26, 46, 52]
[26, 49, 60]
[27, 27, 27]
[27, 28, 53]
[27, 30, 39]
[27, 32, 35]
[27, 36, 56]
[27, 45, 60]
[27, 50, 52]
[28, 28, 28]
[28, 29, 60]
[28, 34, 35]
[28, 37, 43]
[28, 39, 50]
[28, 51, 58]
[28, 52, 56]
[29, 29, 29]
[29, 31, 32]
[29, 34, 39]
[29, 35, 41]
[29, 37, 50]
[29, 49, 57]
[30, 30, 30]
[30, 31, 38]
[30, 33, 57]
[30, 34, 36]
[30, 43, 58]
[31, 31, 31]
[31, 33, 37]
[31, 36, 45]
[31, 39, 41]
[32, 32, 32]
[32, 36, 41]
[32, 37, 38]
[32, 39, 45]
[33, 33, 33]
[33, 35, 44]
[33, 38, 40]
[33, 39, 47]
[34, 34, 34]
[34, 37, 42]
[34, 40, 44]
[34, 43, 46]
[34, 50, 51]
[35, 35, 35]
[35, 37, 39]
[35, 43, 53]
[35, 45, 46]
[35, 47, 50]
[36, 36, 36]
[36, 38, 50]
[36, 40, 42]
[36, 44, 47]
[37, 37, 37]
[37, 44, 51]
[38, 38, 38]
[38, 39, 42]
[38, 41, 47]
[38, 44, 55]
[39, 39, 39]
[39, 40, 51]
[39, 49, 56]
[40, 40, 40]
[40, 47, 49]
[40, 48, 52]
[40, 50, 53]
[40, 54, 55]
[41, 41, 41]
[41, 42, 43]
[41, 44, 46]
[41, 45, 50]
[41, 52, 59]
[42, 42, 42]
[42, 44, 49]
[42, 45, 52]
[42, 46, 58]
[42, 47, 56]
[43, 43, 43]
[43, 45, 47]
[43, 50, 57]
[43, 51, 54]
[43, 52, 60]
[44, 44, 44]
[44, 45, 58]
[44, 50, 59]
[44, 56, 60]
[45, 45, 45]
[45, 48, 56]
[45, 57, 59]
[46, 46, 46]
[46, 48, 53]
[46, 49, 50]
[46, 55, 57]
[47, 47, 47]
[47, 52, 57]
[47, 53, 54]
[48, 48, 48]
[48, 50, 55]
[48, 57, 58]
[49, 49, 49]
[49, 51, 52]
[49, 54, 59]
[49, 55, 58]
[50, 50, 50]
[51, 51, 51]
[51, 53, 57]
[52, 52, 52]
[53, 53, 53]
[53, 56, 59]
[54, 54, 54]
[54, 56, 58]
[54, 57, 60]
[55, 55, 55]
[56, 56, 56]
[57, 57, 57]
[58, 58, 58]
[59, 59, 59]
[60, 60, 60]
