[0, 0, 0]
[0, 1, 2]
[0, 2, 1]
[1, 0, 2]
[1, 2, 0]
[2, 0, 1]
[2, 1, 0]
[0, 3, 5]
[0, 5, 3]
[3, 0, 5]
[3, 5, 0]
[5, 0, 3]
[5, 3, 0]
[0, 4, 7]
[0, 7, 4]
[4, 0, 7]
[4, 7, 0]
[7, 0, 4]
[7, 4, 0]
[0, 6, 10]
[0, 10, 6]
[6, 0, 10]
[6, 10, 0]
[10, 0, 6]
[10, 6, 0]
[0, 8, 13]
[0, 13, 8]
[8, 0, 13]
[8, 13, 0]
[13, 0, 8]
[13, 8, 0]
[0, 9, 15]
[0, 15, 9]
[9, 0, 15]
[9, 15, 0]
[15, 0, 9]
[15, 9, 0]
[0, 11, 18]
[0, 18, 11]
[11, 0, 18]
[11, 18, 0]
[18, 0, 11]
[18, 11, 0]
[0, 12, 20]
[0, 20, 12]
[12, 0, 20]
[12, 20, 0]
[20, 0, 12]
[20, 12, 0]
[0, 14, 23]
[0, 23, 14]
[14, 0, 23]
[14, 23, 0]
[23, 0, 14]
[23, 14, 0]
[0, 16, 26]
[0, 26, 16]
[16, 0, 26]
[16, 26, 0]
[26, 0, 16]
[26, 16, 0]
[0, 17, 28]
[0, 28, 17]
[17, 0, 28]
[17, 28, 0]
[28, 0, 17]
[28, 17, 0]
[0, 19, 31]
[0, 31, 19]
[19, 0, 31]
[19, 31, 0]
[31, 0, 19]
[31, 19, 0]
[0, 21, 34]
[0, 34, 21]
[21, 0, 34]
[21, 34, 0]
[34, 0, 21]
[34, 21, 0]
[0, 22, 36]
[0, 36, 22]
[22, 0, 36]
[22, 36, 0]
[36, 0, 22]
[36, 22, 0]
[0, 24, 39]
[0, 39, 24]
[24, 0, 39]
[24, 39, 0]
[39, 0, 24]
[39, 24, 0]
[0, 25, 41]
[0, 41, 25]
[25, 0, 41]
[25, 41, 0]
[41, 0, 25]
[41, 25, 0]
[0, 27, 44]
[0, 44, 27]
[27, 0, 44]
[27, 44, 0]
[44, 0, 27]
[44, 27, 0]
[0, 29, 47]
[0, 47, 29]
[29, 0, 47]
[29, 47, 0]
[47, 0, 29]
[47, 29, 0]
[0, 30, 49]
[0, 49, 30]
[30, 0, 49]
[30, 49, 0]
[49, 0, 30]
[49, 30, 0]
[1, 1, 1]
[1, 3, 4]
[1, 4, 3]
[3, 1, 4]
[3, 4, 1]
[4, 1, 3]
[4, 3, 1]
[1, 5, 8]
[1, 8, 5]
[5, 1, 8]
[5, 8, 1]
[8, 1, 5]
[8, 5, 1]
[1, 6, 12]
[1, 12, 6]
[6, 1, 12]
[6, 12, 1]
[12, 1, 6]
[12, 6, 1]
[1, 7, 11]
[1, 11, 7]
[7, 1, 11]
[7, 11, 1]
[11, 1, 7]
[11, 7, 1]
[1, 9, 14]
[1, 14, 9]
[9, 1, 14]
[9, 14, 1]
[14, 1, 9]
[14, 9, 1]
[1, 10, 17]
[1, 17, 10]
[10, 1, 17]
[10, 17, 1]
[17, 1, 10]
[17, 10, 1]
[1, 13, 21]
[1, 21, 13]
[13, 1, 21]
[13, 21, 1]
[21, 1, 13]
[21, 13, 1]
[1, 15, 24]
[1, 24, 15]
[15, 1, 24]
[15, 24, 1]
[24, 1, 15]
[24, 15, 1]
[1, 16, 28]
[1, 28, 16]
[16, 1, 28]
[16, 28, 1]
[28, 1, 16]
[28, 16, 1]
[1, 18, 29]
[1, 29, 18]
[18, 1, 29]
[18, 29, 1]
[29, 1, 18]
[29, 18, 1]
[1, 19, 33]
[1, 33, 19]
[19, 1, 33]
[19, 33, 1]
[33, 1, 19]
[33, 19, 1]
[1, 20, 30]
[1, 30, 20]
[20, 1, 30]
[20, 30, 1]
[30, 1, 20]
[30, 20, 1]
[1, 22, 35]
[1, 35, 22]
[22, 1, 35]
[22, 35, 1]
[35, 1, 22]
[35, 22, 1]
[1, 23, 38]
[1, 38, 23]
[23, 1, 38]
[23, 38, 1]
[38, 1, 23]
[38, 23, 1]
[1, 25, 43]
[1, 43, 25]
[25, 1, 43]
[25, 43, 1]
[43, 1, 25]
[43, 25, 1]
[1, 26, 42]
[1, 42, 26]
[26, 1, 42]
[26, 42, 1]
[42, 1, 26]
[42, 26, 1]
[1, 27, 46]
[1, 46, 27]
[27, 1, 46]
[27, 46, 1]
[46, 1, 27]
[46, 27, 1]
[1, 31, 48]
[1, 48, 31]
[31, 1, 48]
[31, 48, 1]
[48, 1, 31]
[48, 31, 1]
[2, 2, 2]
[2, 3, 6]
[2, 6, 3]
[3, 2, 6]
[3, 6, 2]
[6, 2, 3]
[6, 3, 2]
[2, 4, 8]
[2, 8, 4]
[4, 2, 8]
[4, 8, 2]
[8, 2, 4]
[8, 4, 2]
[2, 5, 7]
[2, 7, 5]
[5, 2, 7]
[5, 7, 2]
[7, 2, 5]
[7, 5, 2]
[2, 9, 16]
[2, 16, 9]
[9, 2, 16]
[9, 16, 2]
[16, 2, 9]
[16, 9, 2]
[2, 10, 15]
[2, 15, 10]
[10, 2, 15]
[10, 15, 2]
[15, 2, 10]
[15, 10, 2]
[2, 11, 19]
[2, 19, 11]
[11, 2, 19]
[11, 19, 2]
[19, 2, 11]
[19, 11, 2]
[2, 12, 18]
[2, 18, 12]
[12, 2, 18]
[12, 18, 2]
[18, 2, 12]
[18, 12, 2]
[2, 13, 23]
[2, 23, 13]
[13, 2, 23]
[13, 23, 2]
[23, 2, 13]
[23, 13, 2]
[2, 14, 26]
[2, 26, 14]
[14, 2, 26]
[14, 26, 2]
[26, 2, 14]
[26, 14, 2]
[2, 17, 31]
[2, 31, 17]
[17, 2, 31]
[17, 31, 2]
[31, 2, 17]
[31, 17, 2]
[2, 20, 29]
[2, 29, 20]
[20, 2, 29]
[20, 29, 2]
[29, 2, 20]
[29, 20, 2]
[2, 21, 32]
[2, 32, 21]
[21, 2, 32]
[21, 32, 2]
[32, 2, 21]
[32, 21, 2]
[2, 22, 37]
[2, 37, 22]
[22, 2, 37]
[22, 37, 2]
[37, 2, 22]
[37, 22, 2]
[2, 24, 40]
[2, 40, 24]
[24, 2, 40]
[24, 40, 2]
[40, 2, 24]
[40, 24, 2]
[2, 25, 38]
[2, 38, 25]
[25, 2, 38]
[25, 38, 2]
[38, 2, 25]
[38, 25, 2]
[2, 27, 45]
[2, 45, 27]
[27, 2, 45]
[27, 45, 2]
[45, 2, 27]
[45, 27, 2]
[2, 28, 47]
[2, 47, 28]
[28, 2, 47]
[28, 47, 2]
[47, 2, 28]
[47, 28, 2]
[2, 30, 50]
[2, 50, 30]
[30, 2, 50]
[30, 50, 2]
[50, 2, 30]
[50, 30, 2]
[3, 3, 3]
[3, 7, 9]
[3, 9, 7]
[7, 3, 9]
[7, 9, 3]
[9, 3, 7]
[9, 7, 3]
[3, 8, 14]
[3, 14, 8]
[8, 3, 14]
[8, 14, 3]
[14, 3, 8]
[14, 8, 3]
[3, 10, 11]
[3, 11, 10]
[10, 3, 11]
[10, 11, 3]
[11, 3, 10]
[11, 10, 3]
[3, 12, 21]
[3, 21, 12]
[12, 3, 21]
[12, 21, 3]
[21, 3, 12]
[21, 12, 3]
[3, 13, 20]
[3, 20, 13]
[13, 3, 20]
[13, 20, 3]
[20, 3, 13]
[20, 13, 3]
[3, 15, 23]
[3, 23, 15]
[15, 3, 23]
[15, 23, 3]
[23, 3, 15]
[23, 15, 3]
[3, 16, 27]
[3, 27, 16]
[16, 3, 27]
[16, 27, 3]
[27, 3, 16]
[27, 16, 3]
[3, 17, 29]
[3, 29, 17]
[17, 3, 29]
[17, 29, 3]
[29, 3, 17]
[29, 17, 3]
[3, 18, 32]
[3, 32, 18]
[18, 3, 32]
[18, 32, 3]
[32, 3, 18]
[32, 18, 3]
[3, 19, 36]
[3, 36, 19]
[19, 3, 36]
[19, 36, 3]
[36, 3, 19]
[36, 19, 3]
[3, 22, 40]
[3, 40, 22]
[22, 3, 40]
[22, 40, 3]
[40, 3, 22]
[40, 22, 3]
[3, 24, 37]
[3, 37, 24]
[24, 3, 37]
[24, 37, 3]
[37, 3, 24]
[37, 24, 3]
[3, 25, 35]
[3, 35, 25]
[25, 3, 35]
[25, 35, 3]
[35, 3, 25]
[35, 25, 3]
[3, 26, 41]
[3, 41, 26]
[26, 3, 41]
[26, 41, 3]
[41, 3, 26]
[41, 26, 3]
[3, 28, 44]
[3, 44, 28]
[28, 3, 44]
[28, 44, 3]
[44, 3, 28]
[44, 28, 3]
[4, 4, 4]
[4, 5, 10]
[4, 10, 5]
[5, 4, 10]
[5, 10, 4]
[10, 4, 5]
[10, 5, 4]
[4, 6, 9]
[4, 9, 6]
[6, 4, 9]
[6, 9, 4]
[9, 4, 6]
[9, 6, 4]
[4, 11, 12]
[4, 12, 11]
[11, 4, 12]
[11, 12, 4]
[12, 4, 11]
[12, 11, 4]
[4, 13, 22]
[4, 22, 13]
[13, 4, 22]
[13, 22, 4]
[22, 4, 13]
[22, 13, 4]
[4, 14, 24]
[4, 24, 14]
[14, 4, 24]
[14, 24, 4]
[24, 4, 14]
[24, 14, 4]
[4, 15, 19]
[4, 19, 15]
[15, 4, 19]
[15, 19, 4]
[19, 4, 15]
[19, 15, 4]
[4, 16, 29]
[4, 29, 16]
[16, 4, 29]
[16, 29, 4]
[29, 4, 16]
[29, 16, 4]
[4, 17, 25]
[4, 25, 17]
[17, 4, 25]
[17, 25, 4]
[25, 4, 17]
[25, 17, 4]
[4, 18, 30]
[4, 30, 18]
[18, 4, 30]
[18, 30, 4]
[30, 4, 18]
[30, 18, 4]
[4, 20, 34]
[4, 34, 20]
[20, 4, 34]
[20, 34, 4]
[34, 4, 20]
[34, 20, 4]
[4, 21, 36]
[4, 36, 21]
[21, 4, 36]
[21, 36, 4]
[36, 4, 21]
[36, 21, 4]
[4, 23, 39]
[4, 39, 23]
[23, 4, 39]
[23, 39, 4]
[39, 4, 23]
[39, 23, 4]
[4, 26, 37]
[4, 37, 26]
[26, 4, 37]
[26, 37, 4]
[37, 4, 26]
[37, 26, 4]
[4, 27, 50]
[4, 50, 27]
[27, 4, 50]
[27, 50, 4]
[50, 4, 27]
[50, 27, 4]
[4, 28, 46]
[4, 46, 28]
[28, 4, 46]
[28, 46, 4]
[46, 4, 28]
[46, 28, 4]
[4, 32, 49]
[4, 49, 32]
[32, 4, 49]
[32, 49, 4]
[49, 4, 32]
[49, 32, 4]
[5, 5, 5]
[5, 6, 14]
[5, 14, 6]
[6, 5, 14]
[6, 14, 5]
[14, 5, 6]
[14, 6, 5]
[5, 9, 11]
[5, 11, 9]
[9, 5, 11]
[9, 11, 5]
[11, 5, 9]
[11, 9, 5]
[5, 12, 13]
[5, 13, 12]
[12, 5, 13]
[12, 13, 5]
[13, 5, 12]
[13, 12, 5]
[5, 15, 26]
[5, 26, 15]
[15, 5, 26]
[15, 26, 5]
[26, 5, 15]
[26, 15, 5]
[5, 16, 20]
[5, 20, 16]
[16, 5, 20]
[16, 20, 5]
[20, 5, 16]
[20, 16, 5]
[5, 17, 27]
[5, 27, 17]
[17, 5, 27]
[17, 27, 5]
[27, 5, 17]
[27, 17, 5]
[5, 18, 35]
[5, 35, 18]
[18, 5, 35]
[18, 35, 5]
[35, 5, 18]
[35, 18, 5]
[5, 19, 28]
[5, 28, 19]
[19, 5, 28]
[19, 28, 5]
[28, 5, 19]
[28, 19, 5]
[5, 21, 33]
[5, 33, 21]
[21, 5, 33]
[21, 33, 5]
[33, 5, 21]
[33, 21, 5]
[5, 22, 38]
[5, 38, 22]
[22, 5, 38]
[22, 38, 5]
[38, 5, 22]
[38, 22, 5]
[5, 23, 36]
[5, 36, 23]
[23, 5, 36]
[23, 36, 5]
[36, 5, 23]
[36, 23, 5]
[5, 24, 42]
[5, 42, 24]
[24, 5, 42]
[24, 42, 5]
[42, 5, 24]
[42, 24, 5]
[5, 25, 39]
[5, 39, 25]
[25, 5, 39]
[25, 39, 5]
[39, 5, 25]
[39, 25, 5]
[5, 29, 44]
[5, 44, 29]
[29, 5, 44]
[29, 44, 5]
[44, 5, 29]
[44, 29, 5]
[5, 31, 50]
[5, 50, 31]
[31, 5, 50]
[31, 50, 5]
[50, 5, 31]
[50, 31, 5]
[6, 6, 6]
[6, 7, 13]
[6, 13, 7]
[7, 6, 13]
[7, 13, 6]
[13, 6, 7]
[13, 7, 6]
[6, 8, 11]
[6, 11, 8]
[8, 6, 11]
[8, 11, 6]
[11, 6, 8]
[11, 8, 6]
[6, 15, 28]
[6, 28, 15]
[15, 6, 28]
[15, 28, 6]
[28, 6, 15]
[28, 15, 6]
[6, 16, 23]
[6, 23, 16]
[16, 6, 23]
[16, 23, 6]
[23, 6, 16]
[23, 16, 6]
[6, 17, 21]
[6, 21, 17]
[17, 6, 21]
[17, 21, 6]
[21, 6, 17]
[21, 17, 6]
[6, 18, 33]
[6, 33, 18]
[18, 6, 33]
[18, 33, 6]
[33, 6, 18]
[33, 18, 6]
[6, 19, 40]
[6, 40, 19]
[19, 6, 40]
[19, 40, 6]
[40, 6, 19]
[40, 19, 6]
[6, 20, 22]
[6, 22, 20]
[20, 6, 22]
[20, 22, 6]
[22, 6, 20]
[22, 20, 6]
[6, 24, 32]
[6, 32, 24]
[24, 6, 32]
[24, 32, 6]
[32, 6, 24]
[32, 24, 6]
[6, 25, 37]
[6, 37, 25]
[25, 6, 37]
[25, 37, 6]
[37, 6, 25]
[37, 25, 6]
[6, 26, 43]
[6, 43, 26]
[26, 6, 43]
[26, 43, 6]
[43, 6, 26]
[43, 26, 6]
[6, 27, 41]
[6, 41, 27]
[27, 6, 41]
[27, 41, 6]
[41, 6, 27]
[41, 27, 6]
[6, 29, 48]
[6, 48, 29]
[29, 6, 48]
[29, 48, 6]
[48, 6, 29]
[48, 29, 6]
[6, 31, 47]
[6, 47, 31]
[31, 6, 47]
[31, 47, 6]
[47, 6, 31]
[47, 31, 6]
[7, 7, 7]
[7, 8, 16]
[7, 16, 8]
[8, 7, 16]
[8, 16, 7]
[16, 7, 8]
[16, 8, 7]
[7, 10, 12]
[7, 12, 10]
[10, 7, 12]
[10, 12, 7]
[12, 7, 10]
[12, 10, 7]
[7, 14, 19]
[7, 19, 14]
[14, 7, 19]
[14, 19, 7]
[19, 7, 14]
[19, 14, 7]
[7, 15, 31]
[7, 31, 15]
[15, 7, 31]
[15, 31, 7]
[31, 7, 15]
[31, 15, 7]
[7, 17, 30]
[7, 30, 17]
[17, 7, 30]
[17, 30, 7]
[30, 7, 17]
[30, 17, 7]
[7, 18, 27]
[7, 27, 18]
[18, 7, 27]
[18, 27, 7]
[27, 7, 18]
[27, 18, 7]
[7, 20, 21]
[7, 21, 20]
[20, 7, 21]
[20, 21, 7]
[21, 7, 20]
[21, 20, 7]
[7, 22, 33]
[7, 33, 22]
[22, 7, 33]
[22, 33, 7]
[33, 7, 22]
[33, 22, 7]
[7, 23, 35]
[7, 35, 23]
[23, 7, 35]
[23, 35, 7]
[35, 7, 23]
[35, 23, 7]
[7, 24, 43]
[7, 43, 24]
[24, 7, 43]
[24, 43, 7]
[43, 7, 24]
[43, 24, 7]
[7, 25, 40]
[7, 40, 25]
[25, 7, 40]
[25, 40, 7]
[40, 7, 25]
[40, 25, 7]
[7, 26, 46]
[7, 46, 26]
[26, 7, 46]
[26, 46, 7]
[46, 7, 26]
[46, 26, 7]
[7, 28, 42]
[7, 42, 28]
[28, 7, 42]
[28, 42, 7]
[42, 7, 28]
[42, 28, 7]
[7, 29, 50]
[7, 50, 29]
[29, 7, 50]
[29, 50, 7]
[50, 7, 29]
[50, 29, 7]
[8, 8, 8]
[8, 9, 17]
[8, 17, 9]
[9, 8, 17]
[9, 17, 8]
[17, 8, 9]
[17, 9, 8]
[8, 10, 20]
[8, 20, 10]
[10, 8, 20]
[10, 20, 8]
[20, 8, 10]
[20, 10, 8]
[8, 12, 19]
[8, 19, 12]
[12, 8, 19]
[12, 19, 8]
[19, 8, 12]
[19, 12, 8]
[8, 15, 18]
[8, 18, 15]
[15, 8, 18]
[15, 18, 8]
[18, 8, 15]
[18, 15, 8]
[8, 21, 22]
[8, 22, 21]
[21, 8, 22]
[21, 22, 8]
[22, 8, 21]
[22, 21, 8]
[8, 23, 29]
[8, 29, 23]
[23, 8, 29]
[23, 29, 8]
[29, 8, 23]
[29, 23, 8]
[8, 24, 38]
[8, 38, 24]
[24, 8, 38]
[24, 38, 8]
[38, 8, 24]
[38, 24, 8]
[8, 25, 45]
[8, 45, 25]
[25, 8, 45]
[25, 45, 8]
[45, 8, 25]
[45, 25, 8]
[8, 26, 44]
[8, 44, 26]
[26, 8, 44]
[26, 44, 8]
[44, 8, 26]
[44, 26, 8]
[8, 27, 48]
[8, 48, 27]
[27, 8, 48]
[27, 48, 8]
[48, 8, 27]
[48, 27, 8]
[8, 28, 40]
[8, 40, 28]
[28, 8, 40]
[28, 40, 8]
[40, 8, 28]
[40, 28, 8]
[8, 30, 46]
[8, 46, 30]
[30, 8, 46]
[30, 46, 8]
[46, 8, 30]
[46, 30, 8]
[8, 32, 47]
[8, 47, 32]
[32, 8, 47]
[32, 47, 8]
[47, 8, 32]
[47, 32, 8]
[8, 33, 50]
[8, 50, 33]
[33, 8, 50]
[33, 50, 8]
[50, 8, 33]
[50, 33, 8]
[9, 9, 9]
[9, 10, 18]
[9, 18, 10]
[10, 9, 18]
[10, 18, 9]
[18, 9, 10]
[18, 10, 9]
[9, 12, 22]
[9, 22, 12]
[12, 9, 22]
[12, 22, 9]
[22, 9, 12]
[22, 12, 9]
[9, 13, 24]
[9, 24, 13]
[13, 9, 24]
[13, 24, 9]
[24, 9, 13]
[24, 13, 9]
[9, 19, 35]
[9, 35, 19]
[19, 9, 35]
[19, 35, 9]
[35, 9, 19]
[35, 19, 9]
[9, 20, 32]
[9, 32, 20]
[20, 9, 32]
[20, 32, 9]
[32, 9, 20]
[32, 20, 9]
[9, 21, 28]
[9, 28, 21]
[21, 9, 28]
[21, 28, 9]
[28, 9, 21]
[28, 21, 9]
[9, 23, 26]
[9, 26, 23]
[23, 9, 26]
[23, 26, 9]
[26, 9, 23]
[26, 23, 9]
[9, 25, 30]
[9, 30, 25]
[25, 9, 30]
[25, 30, 9]
[30, 9, 25]
[30, 25, 9]
[9, 27, 47]
[9, 47, 27]
[27, 9, 47]
[27, 47, 9]
[47, 9, 27]
[47, 27, 9]
[9, 29, 46]
[9, 46, 29]
[29, 9, 46]
[29, 46, 9]
[46, 9, 29]
[46, 29, 9]
[9, 31, 49]
[9, 49, 31]
[31, 9, 49]
[31, 49, 9]
[49, 9, 31]
[49, 31, 9]
[9, 33, 34]
[9, 34, 33]
[33, 9, 34]
[33, 34, 9]
[34, 9, 33]
[34, 33, 9]
[10, 10, 10]
[10, 13, 16]
[10, 16, 13]
[13, 10, 16]
[13, 16, 10]
[16, 10, 13]
[16, 13, 10]
[10, 14, 21]
[10, 21, 14]
[14, 10, 21]
[14, 21, 10]
[21, 10, 14]
[21, 14, 10]
[10, 19, 23]
[10, 23, 19]
[19, 10, 23]
[19, 23, 10]
[23, 10, 19]
[23, 19, 10]
[10, 22, 32]
[10, 32, 22]
[22, 10, 32]
[22, 32, 10]
[32, 10, 22]
[32, 22, 10]
[10, 24, 35]
[10, 35, 24]
[24, 10, 35]
[24, 35, 10]
[35, 10, 24]
[35, 24, 10]
[10, 25, 27]
[10, 27, 25]
[25, 10, 27]
[25, 27, 10]
[27, 10, 25]
[27, 25, 10]
[10, 26, 40]
[10, 40, 26]
[26, 10, 40]
[26, 40, 10]
[40, 10, 26]
[40, 26, 10]
[10, 28, 43]
[10, 43, 28]
[28, 10, 43]
[28, 43, 10]
[43, 10, 28]
[43, 28, 10]
[10, 30, 47]
[10, 47, 30]
[30, 10, 47]
[30, 47, 10]
[47, 10, 30]
[47, 30, 10]
[11, 11, 11]
[11, 13, 14]
[11, 14, 13]
[13, 11, 14]
[13, 14, 11]
[14, 11, 13]
[14, 13, 11]
[11, 15, 25]
[11, 25, 15]
[15, 11, 25]
[15, 25, 11]
[25, 11, 15]
[25, 15, 11]
[11, 16, 21]
[11, 21, 16]
[16, 11, 21]
[16, 21, 11]
[21, 11, 16]
[21, 16, 11]
[11, 17, 36]
[11, 36, 17]
[17, 11, 36]
[17, 36, 11]
[36, 11, 17]
[36, 17, 11]
[11, 20, 31]
[11, 31, 20]
[20, 11, 31]
[20, 31, 11]
[31, 11, 20]
[31, 20, 11]
[11, 22, 34]
[11, 34, 22]
[22, 11, 34]
[22, 34, 11]
[34, 11, 22]
[34, 22, 11]
[11, 23, 37]
[11, 37, 23]
[23, 11, 37]
[23, 37, 11]
[37, 11, 23]
[37, 23, 11]
[11, 24, 33]
[11, 33, 24]
[24, 11, 33]
[24, 33, 11]
[33, 11, 24]
[33, 24, 11]
[11, 26, 39]
[11, 39, 26]
[26, 11, 39]
[26, 39, 11]
[39, 11, 26]
[39, 26, 11]
[11, 27, 42]
[11, 42, 27]
[27, 11, 42]
[27, 42, 11]
[42, 11, 27]
[42, 27, 11]
[11, 28, 48]
[11, 48, 28]
[28, 11, 48]
[28, 48, 11]
[48, 11, 28]
[48, 28, 11]
[11, 29, 45]
[11, 45, 29]
[29, 11, 45]
[29, 45, 11]
[45, 11, 29]
[45, 29, 11]
[11, 35, 38]
[11, 38, 35]
[35, 11, 38]
[35, 38, 11]
[38, 11, 35]
[38, 35, 11]
[12, 12, 12]
[12, 14, 15]
[12, 15, 14]
[14, 12, 15]
[14, 15, 12]
[15, 12, 14]
[15, 14, 12]
[12, 16, 30]
[12, 30, 16]
[16, 12, 30]
[16, 30, 12]
[30, 12, 16]
[30, 16, 12]
[12, 17, 23]
[12, 23, 17]
[17, 12, 23]
[17, 23, 12]
[23, 12, 17]
[23, 17, 12]
[12, 24, 36]
[12, 36, 24]
[24, 12, 36]
[24, 36, 12]
[36, 12, 24]
[36, 24, 12]
[12, 25, 34]
[12, 34, 25]
[25, 12, 34]
[25, 34, 12]
[34, 12, 25]
[34, 25, 12]
[12, 26, 47]
[12, 47, 26]
[26, 12, 47]
[26, 47, 12]
[47, 12, 26]
[47, 26, 12]
[12, 27, 37]
[12, 37, 27]
[27, 12, 37]
[27, 37, 12]
[37, 12, 27]
[37, 27, 12]
[12, 28, 32]
[12, 32, 28]
[28, 12, 32]
[28, 32, 12]
[32, 12, 28]
[32, 28, 12]
[12, 29, 31]
[12, 31, 29]
[29, 12, 31]
[29, 31, 12]
[31, 12, 29]
[31, 29, 12]
[12, 33, 48]
[12, 48, 33]
[33, 12, 48]
[33, 48, 12]
[48, 12, 33]
[48, 33, 12]
[13, 13, 13]
[13, 15, 17]
[13, 17, 15]
[15, 13, 17]
[15, 17, 13]
[17, 13, 15]
[17, 15, 13]
[13, 18, 28]
[13, 28, 18]
[18, 13, 28]
[18, 28, 13]
[28, 13, 18]
[28, 18, 13]
[13, 19, 30]
[13, 30, 19]
[19, 13, 30]
[19, 30, 13]
[30, 13, 19]
[30, 19, 13]
[13, 25, 48]
[13, 48, 25]
[25, 13, 48]
[25, 48, 13]
[48, 13, 25]
[48, 25, 13]
[13, 26, 31]
[13, 31, 26]
[26, 13, 31]
[26, 31, 13]
[31, 13, 26]
[31, 26, 13]
[13, 27, 36]
[13, 36, 27]
[27, 13, 36]
[27, 36, 13]
[36, 13, 27]
[36, 27, 13]
[13, 29, 41]
[13, 41, 29]
[29, 13, 41]
[29, 41, 13]
[41, 13, 29]
[41, 29, 13]
[13, 32, 45]
[13, 45, 32]
[32, 13, 45]
[32, 45, 13]
[45, 13, 32]
[45, 32, 13]
[13, 34, 38]
[13, 38, 34]
[34, 13, 38]
[34, 38, 13]
[38, 13, 34]
[38, 34, 13]
[14, 14, 14]
[14, 16, 22]
[14, 22, 16]
[16, 14, 22]
[16, 22, 14]
[22, 14, 16]
[22, 16, 14]
[14, 17, 32]
[14, 32, 17]
[17, 14, 32]
[17, 32, 14]
[32, 14, 17]
[32, 17, 14]
[14, 18, 31]
[14, 31, 18]
[18, 14, 31]
[18, 31, 14]
[31, 14, 18]
[31, 18, 14]
[14, 20, 27]
[14, 27, 20]
[20, 14, 27]
[20, 27, 14]
[27, 14, 20]
[27, 20, 14]
[14, 25, 29]
[14, 29, 25]
[25, 14, 29]
[25, 29, 14]
[29, 14, 25]
[29, 25, 14]
[14, 28, 37]
[14, 37, 28]
[28, 14, 37]
[28, 37, 14]
[37, 14, 28]
[37, 28, 14]
[14, 30, 44]
[14, 44, 30]
[30, 14, 44]
[30, 44, 14]
[44, 14, 30]
[44, 30, 14]
[14, 33, 43]
[14, 43, 33]
[33, 14, 43]
[33, 43, 14]
[43, 14, 33]
[43, 33, 14]
[14, 34, 50]
[14, 50, 34]
[34, 14, 50]
[34, 50, 14]
[50, 14, 34]
[50, 34, 14]
[15, 15, 15]
[15, 16, 34]
[15, 34, 16]
[16, 15, 34]
[16, 34, 15]
[34, 15, 16]
[34, 16, 15]
[15, 20, 33]
[15, 33, 20]
[20, 15, 33]
[20, 33, 15]
[33, 15, 20]
[33, 20, 15]
[15, 21, 37]
[15, 37, 21]
[21, 15, 37]
[21, 37, 15]
[37, 15, 21]
[37, 21, 15]
[15, 22, 27]
[15, 27, 22]
[22, 15, 27]
[22, 27, 15]
[27, 15, 22]
[27, 22, 15]
[15, 29, 40]
[15, 40, 29]
[29, 15, 40]
[29, 40, 15]
[40, 15, 29]
[40, 29, 15]
[15, 30, 36]
[15, 36, 30]
[30, 15, 36]
[30, 36, 15]
[36, 15, 30]
[36, 30, 15]
[15, 32, 35]
[15, 35, 32]
[32, 15, 35]
[32, 35, 15]
[35, 15, 32]
[35, 32, 15]
[15, 38, 45]
[15, 45, 38]
[38, 15, 45]
[38, 45, 15]
[45, 15, 38]
[45, 38, 15]
[15, 41, 42]
[15, 42, 41]
[41, 15, 42]
[41, 42, 15]
[42, 15, 41]
[42, 41, 15]
[16, 16, 16]
[16, 17, 19]
[16, 19, 17]
[17, 16, 19]
[17, 19, 16]
[19, 16, 17]
[19, 17, 16]
[16, 18, 24]
[16, 24, 18]
[18, 16, 24]
[18, 24, 16]
[24, 16, 18]
[24, 18, 16]
[16, 25, 36]
[16, 36, 25]
[25, 16, 36]
[25, 36, 16]
[36, 16, 25]
[36, 25, 16]
[16, 31, 40]
[16, 40, 31]
[31, 16, 40]
[31, 40, 16]
[40, 16, 31]
[40, 31, 16]
[16, 32, 37]
[16, 37, 32]
[32, 16, 37]
[32, 37, 16]
[37, 16, 32]
[37, 32, 16]
[16, 33, 46]
[16, 46, 33]
[33, 16, 46]
[33, 46, 16]
[46, 16, 33]
[46, 33, 16]
[16, 35, 47]
[16, 47, 35]
[35, 16, 47]
[35, 47, 16]
[47, 16, 35]
[47, 35, 16]
[16, 38, 42]
[16, 42, 38]
[38, 16, 42]
[38, 42, 16]
[42, 16, 38]
[42, 38, 16]
[17, 17, 17]
[17, 18, 22]
[17, 22, 18]
[18, 17, 22]
[18, 22, 17]
[22, 17, 18]
[22, 18, 17]
[17, 20, 26]
[17, 26, 20]
[20, 17, 26]
[20, 26, 17]
[26, 17, 20]
[26, 20, 17]
[17, 24, 34]
[17, 34, 24]
[24, 17, 34]
[24, 34, 17]
[34, 17, 24]
[34, 24, 17]
[17, 33, 45]
[17, 45, 33]
[33, 17, 45]
[33, 45, 17]
[45, 17, 33]
[45, 33, 17]
[17, 35, 42]
[17, 42, 35]
[35, 17, 42]
[35, 42, 17]
[42, 17, 35]
[42, 35, 17]
[17, 38, 46]
[17, 46, 38]
[38, 17, 46]
[38, 46, 17]
[46, 17, 38]
[46, 38, 17]
[17, 39, 44]
[17, 44, 39]
[39, 17, 44]
[39, 44, 17]
[44, 17, 39]
[44, 39, 17]
[18, 18, 18]
[18, 19, 21]
[18, 21, 19]
[19, 18, 21]
[19, 21, 18]
[21, 18, 19]
[21, 19, 18]
[18, 20, 23]
[18, 23, 20]
[20, 18, 23]
[20, 23, 18]
[23, 18, 20]
[23, 20, 18]
[18, 25, 44]
[18, 44, 25]
[25, 18, 44]
[25, 44, 18]
[44, 18, 25]
[44, 25, 18]
[18, 26, 38]
[18, 38, 26]
[26, 18, 38]
[26, 38, 18]
[38, 18, 26]
[38, 26, 18]
[18, 34, 47]
[18, 47, 34]
[34, 18, 47]
[34, 47, 18]
[47, 18, 34]
[47, 34, 18]
[18, 36, 50]
[18, 50, 36]
[36, 18, 50]
[36, 50, 18]
[50, 18, 36]
[50, 36, 18]
[18, 37, 41]
[18, 41, 37]
[37, 18, 41]
[37, 41, 18]
[41, 18, 37]
[41, 37, 18]
[18, 42, 48]
[18, 48, 42]
[42, 18, 48]
[42, 48, 18]
[48, 18, 42]
[48, 42, 18]
[19, 19, 19]
[19, 20, 25]
[19, 25, 20]
[20, 19, 25]
[20, 25, 19]
[25, 19, 20]
[25, 20, 19]
[19, 22, 24]
[19, 24, 22]
[22, 19, 24]
[22, 24, 19]
[24, 19, 22]
[24, 22, 19]
[19, 26, 32]
[19, 32, 26]
[26, 19, 32]
[26, 32, 19]
[32, 19, 26]
[32, 26, 19]
[19, 27, 39]
[19, 39, 27]
[27, 19, 39]
[27, 39, 19]
[39, 19, 27]
[39, 27, 19]
[19, 29, 43]
[19, 43, 29]
[29, 19, 43]
[29, 43, 19]
[43, 19, 29]
[43, 29, 19]
[19, 34, 42]
[19, 42, 34]
[34, 19, 42]
[34, 42, 19]
[42, 19, 34]
[42, 34, 19]
[20, 20, 20]
[20, 24, 28]
[20, 28, 24]
[24, 20, 28]
[24, 28, 20]
[28, 20, 24]
[28, 24, 20]
[20, 35, 43]
[20, 43, 35]
[35, 20, 43]
[35, 43, 20]
[43, 20, 35]
[43, 35, 20]
[20, 36, 39]
[20, 39, 36]
[36, 20, 39]
[36, 39, 20]
[39, 20, 36]
[39, 36, 20]
[20, 37, 44]
[20, 44, 37]
[37, 20, 44]
[37, 44, 20]
[44, 20, 37]
[44, 37, 20]
[20, 40, 41]
[20, 41, 40]
[40, 20, 41]
[40, 41, 20]
[41, 20, 40]
[41, 40, 20]
[21, 21, 21]
[21, 23, 25]
[21, 25, 23]
[23, 21, 25]
[23, 25, 21]
[25, 21, 23]
[25, 23, 21]
[21, 24, 27]
[21, 27, 24]
[24, 21, 27]
[24, 27, 21]
[27, 21, 24]
[27, 24, 21]
[21, 26, 50]
[21, 50, 26]
[26, 21, 50]
[26, 50, 21]
[50, 21, 26]
[50, 26, 21]
[21, 30, 38]
[21, 38, 30]
[30, 21, 38]
[30, 38, 21]
[38, 21, 30]
[38, 30, 21]
[21, 31, 41]
[21, 41, 31]
[31, 21, 41]
[31, 41, 21]
[41, 21, 31]
[41, 31, 21]
[21, 39, 46]
[21, 46, 39]
[39, 21, 46]
[39, 46, 21]
[46, 21, 39]
[46, 39, 21]
[22, 22, 22]
[22, 23, 30]
[22, 30, 23]
[23, 22, 30]
[23, 30, 22]
[30, 22, 23]
[30, 23, 22]
[22, 25, 31]
[22, 31, 25]
[25, 22, 31]
[25, 31, 22]
[31, 22, 25]
[31, 25, 22]
[22, 26, 45]
[22, 45, 26]
[26, 22, 45]
[26, 45, 22]
[45, 22, 26]
[45, 26, 22]
[22, 28, 49]
[22, 49, 28]
[28, 22, 49]
[28, 49, 22]
[49, 22, 28]
[49, 28, 22]
[22, 39, 50]
[22, 50, 39]
[39, 22, 50]
[39, 50, 22]
[50, 22, 39]
[50, 39, 22]
[22, 43, 47]
[22, 47, 43]
[43, 22, 47]
[43, 47, 22]
[47, 22, 43]
[47, 43, 22]
[23, 23, 23]
[23, 24, 44]
[23, 44, 24]
[24, 23, 44]
[24, 44, 23]
[44, 23, 24]
[44, 24, 23]
[23, 27, 33]
[23, 33, 27]
[27, 23, 33]
[27, 33, 23]
[33, 23, 27]
[33, 27, 23]
[23, 28, 31]
[23, 31, 28]
[28, 23, 31]
[28, 31, 23]
[31, 23, 28]
[31, 28, 23]
[23, 32, 48]
[23, 48, 32]
[32, 23, 48]
[32, 48, 23]
[48, 23, 32]
[48, 32, 23]
[23, 34, 41]
[23, 41, 34]
[34, 23, 41]
[34, 41, 23]
[41, 23, 34]
[41, 34, 23]
[24, 24, 24]
[24, 26, 49]
[24, 49, 26]
[26, 24, 49]
[26, 49, 24]
[49, 24, 26]
[49, 26, 24]
[24, 29, 30]
[24, 30, 29]
[29, 24, 30]
[29, 30, 24]
[30, 24, 29]
[30, 29, 24]
[24, 31, 46]
[24, 46, 31]
[31, 24, 46]
[31, 46, 24]
[46, 24, 31]
[46, 31, 24]
[24, 45, 50]
[24, 50, 45]
[45, 24, 50]
[45, 50, 24]
[50, 24, 45]
[50, 45, 24]
[25, 25, 25]
[25, 26, 33]
[25, 33, 26]
[26, 25, 33]
[26, 33, 25]
[33, 25, 26]
[33, 26, 25]
[25, 32, 42]
[25, 42, 32]
[32, 25, 42]
[32, 42, 25]
[42, 25, 32]
[42, 32, 25]
[26, 26, 26]
[26, 27, 28]
[26, 28, 27]
[27, 26, 28]
[27, 28, 26]
[28, 26, 27]
[28, 27, 26]
[26, 29, 34]
[26, 34, 29]
[29, 26, 34]
[29, 34, 26]
[34, 26, 29]
[34, 29, 26]
[27, 27, 27]
[27, 30, 35]
[27, 35, 30]
[30, 27, 35]
[30, 35, 27]
[35, 27, 30]
[35, 30, 27]
[27, 32, 40]
[27, 40, 32]
[32, 27, 40]
[32, 40, 27]
[40, 27, 32]
[40, 32, 27]
[28, 28, 28]
[28, 29, 35]
[28, 35, 29]
[29, 28, 35]
[29, 35, 28]
[35, 28, 29]
[35, 29, 28]
[28, 30, 41]
[28, 41, 30]
[30, 28, 41]
[30, 41, 28]
[41, 28, 30]
[41, 30, 28]
[28, 33, 36]
[28, 36, 33]
[33, 28, 36]
[33, 36, 28]
[36, 28, 33]
[36, 33, 28]
[29, 29, 29]
[29, 32, 33]
[29, 33, 32]
[32, 29, 33]
[32, 33, 29]
[33, 29, 32]
[33, 32, 29]
[29, 36, 49]
[29, 49, 36]
[36, 29, 49]
[36, 49, 29]
[49, 29, 36]
[49, 36, 29]
[29, 37, 42]
[29, 42, 37]
[37, 29, 42]
[37, 42, 29]
[42, 29, 37]
[42, 37, 29]
[30, 30, 30]
[30, 31, 42]
[30, 42, 31]
[31, 30, 42]
[31, 42, 30]
[42, 30, 31]
[42, 31, 30]
[30, 32, 39]
[30, 39, 32]
[32, 30, 39]
[32, 39, 30]
[39, 30, 32]
[39, 32, 30]
[30, 37, 40]
[30, 40, 37]
[37, 30, 40]
[37, 40, 30]
[40, 30, 37]
[40, 37, 30]
[31, 31, 31]
[31, 34, 36]
[31, 36, 34]
[34, 31, 36]
[34, 36, 31]
[36, 31, 34]
[36, 34, 31]
[31, 37, 38]
[31, 38, 37]
[37, 31, 38]
[37, 38, 31]
[38, 31, 37]
[38, 37, 31]
[31, 39, 45]
[31, 45, 39]
[39, 31, 45]
[39, 45, 31]
[45, 31, 39]
[45, 39, 31]
[32, 32, 32]
[32, 34, 44]
[32, 44, 34]
[34, 32, 44]
[34, 44, 32]
[44, 32, 34]
[44, 34, 32]
[32, 38, 43]
[32, 43, 38]
[38, 32, 43]
[38, 43, 32]
[43, 32, 38]
[43, 38, 32]
[33, 33, 33]
[33, 35, 37]
[33, 37, 35]
[35, 33, 37]
[35, 37, 33]
[37, 33, 35]
[37, 35, 33]
[33, 38, 47]
[33, 47, 38]
[38, 33, 47]
[38, 47, 33]
[47, 33, 38]
[47, 38, 33]
[34, 34, 34]
[34, 35, 39]
[34, 39, 35]
[35, 34, 39]
[35, 39, 34]
[39, 34, 35]
[39, 35, 34]
[34, 37, 43]
[34, 43, 37]
[37, 34, 43]
[37, 43, 34]
[43, 34, 37]
[43, 37, 34]
[35, 35, 35]
[35, 36, 45]
[35, 45, 36]
[36, 35, 45]
[36, 45, 35]
[45, 35, 36]
[45, 36, 35]
[35, 40, 46]
[35, 46, 40]
[40, 35, 46]
[40, 46, 35]
[46, 35, 40]
[46, 40, 35]
[35, 41, 48]
[35, 48, 41]
[41, 35, 48]
[41, 48, 35]
[48, 35, 41]
[48, 41, 35]
[36, 36, 36]
[36, 38, 40]
[36, 40, 38]
[38, 36, 40]
[38, 40, 36]
[40, 36, 38]
[40, 38, 36]
[36, 42, 46]
[36, 46, 42]
[42, 36, 46]
[42, 46, 36]
[46, 36, 42]
[46, 42, 36]
[36, 47, 48]
[36, 48, 47]
[47, 36, 48]
[47, 48, 36]
[48, 36, 47]
[48, 47, 36]
[37, 37, 37]
[37, 39, 47]
[37, 47, 39]
[39, 37, 47]
[39, 47, 37]
[47, 37, 39]
[47, 39, 37]
[37, 45, 46]
[37, 46, 45]
[45, 37, 46]
[45, 46, 37]
[46, 37, 45]
[46, 45, 37]
[38, 38, 38]
[38, 39, 41]
[38, 41, 39]
[39, 38, 41]
[39, 41, 38]
[41, 38, 39]
[41, 39, 38]
[38, 49, 50]
[38, 50, 49]
[49, 38, 50]
[49, 50, 38]
[50, 38, 49]
[50, 49, 38]
[39, 39, 39]
[39, 40, 49]
[39, 49, 40]
[40, 39, 49]
[40, 49, 39]
[49, 39, 40]
[49, 40, 39]
[39, 43, 48]
[39, 48, 43]
[43, 39, 48]
[43, 48, 39]
[48, 39, 43]
[48, 43, 39]
[40, 40, 40]
[40, 42, 43]
[40, 43, 42]
[42, 40, 43]
[42, 43, 40]
[43, 40, 42]
[43, 42, 40]
[40, 44, 50]
[40, 50, 44]
[44, 40, 50]
[44, 50, 40]
[50, 40, 44]
[50, 44, 40]
[41, 41, 41]
[41, 43, 46]
[41, 46, 43]
[43, 41, 46]
[43, 46, 41]
[46, 41, 43]
[46, 43, 41]
[41, 44, 49]
[41, 49, 44]
[44, 41, 49]
[44, 49, 41]
[49, 41, 44]
[49, 44, 41]
[42, 42, 42]
[42, 45, 47]
[42, 47, 45]
[45, 42, 47]
[45, 47, 42]
[47, 42, 45]
[47, 45, 42]
[43, 43, 43]
[44, 44, 44]
[45, 45, 45]
[46, 46, 46]
[46, 47, 50]
[46, 50, 47]
[47, 46, 50]
[47, 50, 46]
[50, 46, 47]
[50, 47, 46]
[47, 47, 47]
[48, 48, 48]
[49, 49, 49]
[50, 50, 50]
[0, 32, 52]
[0, 52, 32]
[32, 0, 52]
[32, 52, 0]
[52, 0, 32]
[52, 32, 0]
[2, 34, 51]
[2, 51, 34]
[34, 2, 51]
[34, 51, 2]
[51, 2, 34]
[51, 34, 2]
[3, 30, 53]
[3, 53, 30]
[30, 3, 53]
[30, 53, 3]
[53, 3, 30]
[53, 30, 3]
[3, 31, 51]
[3, 51, 31]
[31, 3, 51]
[31, 51, 3]
[51, 3, 31]
[51, 31, 3]
[5, 30, 51]
[5, 51, 30]
[30, 5, 51]
[30, 51, 5]
[51, 5, 30]
[51, 30, 5]
[10, 29, 51]
[10, 51, 29]
[29, 10, 51]
[29, 51, 10]
[51, 10, 29]
[51, 29, 10]
[13, 35, 51]
[13, 51, 35]
[35, 13, 51]
[35, 51, 13]
[51, 13, 35]
[51, 35, 13]
[19, 37, 52]
[19, 52, 37]
[37, 19, 52]
[37, 52, 19]
[52, 19, 37]
[52, 37, 19]
[21, 29, 52]
[21, 52, 29]
[29, 21, 52]
[29, 52, 21]
[52, 21, 29]
[52, 29, 21]
[22, 44, 52]
[22, 52, 44]
[44, 22, 52]
[44, 52, 22]
[52, 22, 44]
[52, 44, 22]
[24, 25, 52]
[24, 52, 25]
[25, 24, 52]
[25, 52, 24]
[52, 24, 25]
[52, 25, 24]
[25, 28, 51]
[25, 51, 28]
[28, 25, 51]
[28, 51, 25]
[51, 25, 28]
[51, 28, 25]
[32, 50, 51]
[32, 51, 50]
[50, 32, 51]
[50, 51, 32]
[51, 32, 50]
[51, 50, 32]
[40, 47, 51]
[40, 51, 47]
[47, 40, 51]
[47, 51, 40]
[51, 40, 47]
[51, 47, 40]
[51, 51, 51]
[0, 33, 54]
[0, 54, 33]
[33, 0, 54]
[33, 54, 0]
[54, 0, 33]
[54, 33, 0]
[1, 32, 54]
[1, 54, 32]
[32, 1, 54]
[32, 54, 1]
[54, 1, 32]
[54, 32, 1]
[3, 33, 52]
[3, 52, 33]
[33, 3, 52]
[33, 52, 3]
[52, 3, 33]
[52, 33, 3]
[4, 31, 55]
[4, 55, 31]
[31, 4, 55]
[31, 55, 4]
[55, 4, 31]
[55, 31, 4]
[6, 30, 57]
[6, 57, 30]
[30, 6, 57]
[30, 57, 6]
[57, 6, 30]
[57, 30, 6]
[6, 34, 52]
[6, 52, 34]
[34, 6, 52]
[34, 52, 6]
[52, 6, 34]
[52, 34, 6]
[8, 31, 54]
[8, 54, 31]
[31, 8, 54]
[31, 54, 8]
[54, 8, 31]
[54, 31, 8]
[10, 31, 52]
[10, 52, 31]
[31, 10, 52]
[31, 52, 10]
[52, 10, 31]
[52, 31, 10]
[11, 30, 52]
[11, 52, 30]
[30, 11, 52]
[30, 52, 11]
[52, 11, 30]
[52, 30, 11]
[11, 32, 53]
[11, 53, 32]
[32, 11, 53]
[32, 53, 11]
[53, 11, 32]
[53, 32, 11]
[12, 35, 52]
[12, 52, 35]
[35, 12, 52]
[35, 52, 12]
[52, 12, 35]
[52, 35, 12]
[15, 39, 51]
[15, 51, 39]
[39, 15, 51]
[39, 51, 15]
[51, 15, 39]
[51, 39, 15]
[17, 37, 51]
[17, 51, 37]
[37, 17, 51]
[37, 51, 17]
[51, 17, 37]
[51, 37, 17]
[18, 43, 52]
[18, 52, 43]
[43, 18, 52]
[43, 52, 18]
[52, 18, 43]
[52, 43, 18]
[20, 38, 53]
[20, 53, 38]
[38, 20, 53]
[38, 53, 20]
[53, 20, 38]
[53, 38, 20]
[22, 29, 54]
[22, 54, 29]
[29, 22, 54]
[29, 54, 22]
[54, 22, 29]
[54, 29, 22]
[26, 36, 51]
[26, 51, 36]
[36, 26, 51]
[36, 51, 26]
[51, 26, 36]
[51, 36, 26]
[27, 29, 53]
[27, 53, 29]
[29, 27, 53]
[29, 53, 27]
[53, 27, 29]
[53, 29, 27]
[28, 45, 52]
[28, 52, 45]
[45, 28, 52]
[45, 52, 28]
[52, 28, 45]
[52, 45, 28]
[33, 41, 51]
[33, 51, 41]
[41, 33, 51]
[41, 51, 33]
[51, 33, 41]
[51, 41, 33]
[52, 52, 52]
[0, 35, 57]
[0, 57, 35]
[35, 0, 57]
[35, 57, 0]
[57, 0, 35]
[57, 35, 0]
[1, 34, 55]
[1, 55, 34]
[34, 1, 55]
[34, 55, 1]
[55, 1, 34]
[55, 34, 1]
[1, 36, 56]
[1, 56, 36]
[36, 1, 56]
[36, 56, 1]
[56, 1, 36]
[56, 36, 1]
[2, 33, 55]
[2, 55, 33]
[33, 2, 55]
[33, 55, 2]
[55, 2, 33]
[55, 33, 2]
[2, 35, 56]
[2, 56, 35]
[35, 2, 56]
[35, 56, 2]
[56, 2, 35]
[56, 35, 2]
[5, 32, 56]
[5, 56, 32]
[32, 5, 56]
[32, 56, 5]
[56, 5, 32]
[56, 32, 5]
[6, 35, 55]
[6, 55, 35]
[35, 6, 55]
[35, 55, 6]
[55, 6, 35]
[55, 35, 6]
[7, 32, 55]
[7, 55, 32]
[32, 7, 55]
[32, 55, 7]
[55, 7, 32]
[55, 32, 7]
[7, 36, 53]
[7, 53, 36]
[36, 7, 53]
[36, 53, 7]
[53, 7, 36]
[53, 36, 7]
[8, 34, 53]
[8, 53, 34]
[34, 8, 53]
[34, 53, 8]
[53, 8, 34]
[53, 34, 8]
[10, 33, 53]
[10, 53, 33]
[33, 10, 53]
[33, 53, 10]
[53, 10, 33]
[53, 33, 10]
[19, 38, 54]
[19, 54, 38]
[38, 19, 54]
[38, 54, 19]
[54, 19, 38]
[54, 38, 19]
[21, 35, 53]
[21, 53, 35]
[35, 21, 53]
[35, 53, 21]
[53, 21, 35]
[53, 35, 21]
[25, 46, 54]
[25, 54, 46]
[46, 25, 54]
[46, 54, 25]
[54, 25, 46]
[54, 46, 25]
[26, 30, 54]
[26, 54, 30]
[30, 26, 54]
[30, 54, 26]
[54, 26, 30]
[54, 30, 26]
[27, 31, 57]
[27, 57, 31]
[31, 27, 57]
[31, 57, 27]
[57, 27, 31]
[57, 31, 27]
[27, 38, 52]
[27, 52, 38]
[38, 27, 52]
[38, 52, 27]
[52, 27, 38]
[52, 38, 27]
[31, 43, 53]
[31, 53, 43]
[43, 31, 53]
[43, 53, 31]
[53, 31, 43]
[53, 43, 31]
[37, 48, 53]
[37, 53, 48]
[48, 37, 53]
[48, 53, 37]
[53, 37, 48]
[53, 48, 37]
[38, 44, 51]
[38, 51, 44]
[44, 38, 51]
[44, 51, 38]
[51, 38, 44]
[51, 44, 38]
[53, 53, 53]
[0, 37, 60]
[0, 60, 37]
[37, 0, 60]
[37, 60, 0]
[60, 0, 37]
[60, 37, 0]
[2, 36, 59]
[2, 59, 36]
[36, 2, 59]
[36, 59, 2]
[59, 2, 36]
[59, 36, 2]
[3, 34, 56]
[3, 56, 34]
[34, 3, 56]
[34, 56, 3]
[56, 3, 34]
[56, 34, 3]
[4, 33, 59]
[4, 59, 33]
[33, 4, 59]
[33, 59, 4]
[59, 4, 33]
[59, 33, 4]
[4, 38, 57]
[4, 57, 38]
[38, 4, 57]
[38, 57, 4]
[57, 4, 38]
[57, 38, 4]
[5, 34, 57]
[5, 57, 34]
[34, 5, 57]
[34, 57, 5]
[57, 5, 34]
[57, 34, 5]
[6, 36, 58]
[6, 58, 36]
[36, 6, 58]
[36, 58, 6]
[58, 6, 36]
[58, 36, 6]
[9, 36, 57]
[9, 57, 36]
[36, 9, 57]
[36, 57, 9]
[57, 9, 36]
[57, 36, 9]
[9, 37, 56]
[9, 56, 37]
[37, 9, 56]
[37, 56, 9]
[56, 9, 37]
[56, 37, 9]
[10, 36, 54]
[10, 54, 36]
[36, 10, 54]
[36, 54, 10]
[54, 10, 36]
[54, 36, 10]
[13, 33, 57]
[13, 57, 33]
[33, 13, 57]
[33, 57, 13]
[57, 13, 33]
[57, 33, 13]
[13, 40, 54]
[13, 54, 40]
[40, 13, 54]
[40, 54, 13]
[54, 13, 40]
[54, 40, 13]
[16, 39, 55]
[16, 55, 39]
[39, 16, 55]
[39, 55, 16]
[55, 16, 39]
[55, 39, 16]
[17, 40, 56]
[17, 56, 40]
[40, 17, 56]
[40, 56, 17]
[56, 17, 40]
[56, 40, 17]
[17, 41, 54]
[17, 54, 41]
[41, 17, 54]
[41, 54, 17]
[54, 17, 41]
[54, 41, 17]
[21, 40, 55]
[21, 55, 40]
[40, 21, 55]
[40, 55, 21]
[55, 21, 40]
[55, 40, 21]
[23, 40, 53]
[23, 53, 40]
[40, 23, 53]
[40, 53, 23]
[53, 23, 40]
[53, 40, 23]
[25, 47, 53]
[25, 53, 47]
[47, 25, 53]
[47, 53, 25]
[53, 25, 47]
[53, 47, 25]
[30, 33, 56]
[30, 56, 33]
[33, 30, 56]
[33, 56, 30]
[56, 30, 33]
[56, 33, 30]
[31, 32, 58]
[31, 58, 32]
[32, 31, 58]
[32, 58, 31]
[58, 31, 32]
[58, 32, 31]
[34, 45, 54]
[34, 54, 45]
[45, 34, 54]
[45, 54, 34]
[54, 34, 45]
[54, 45, 34]
[39, 42, 53]
[39, 53, 42]
[42, 39, 53]
[42, 53, 39]
[53, 39, 42]
[53, 42, 39]
[46, 52, 53]
[46, 53, 52]
[52, 46, 53]
[52, 53, 46]
[53, 46, 52]
[53, 52, 46]
[48, 51, 52]
[48, 52, 51]
[51, 48, 52]
[51, 52, 48]
[52, 48, 51]
[52, 51, 48]
[54, 54, 54]
[0, 38, 62]
[0, 62, 38]
[38, 0, 62]
[38, 62, 0]
[62, 0, 38]
[62, 38, 0]
[1, 37, 62]
[1, 62, 37]
[37, 1, 62]
[37, 62, 1]
[62, 1, 37]
[62, 37, 1]
[3, 38, 59]
[3, 59, 38]
[38, 3, 59]
[38, 59, 3]
[59, 3, 38]
[59, 38, 3]
[4, 35, 60]
[4, 60, 35]
[35, 4, 60]
[35, 60, 4]
[60, 4, 35]
[60, 35, 4]
[5, 37, 59]
[5, 59, 37]
[37, 5, 59]
[37, 59, 5]
[59, 5, 37]
[59, 37, 5]
[6, 38, 61]
[6, 61, 38]
[38, 6, 61]
[38, 61, 6]
[61, 6, 38]
[61, 38, 6]
[7, 34, 58]
[7, 58, 34]
[34, 7, 58]
[34, 58, 7]
[58, 7, 34]
[58, 34, 7]
[7, 39, 57]
[7, 57, 39]
[39, 7, 57]
[39, 57, 7]
[57, 7, 39]
[57, 39, 7]
[8, 35, 59]
[8, 59, 35]
[35, 8, 59]
[35, 59, 8]
[59, 8, 35]
[59, 35, 8]
[9, 38, 60]
[9, 60, 38]
[38, 9, 60]
[38, 60, 9]
[60, 9, 38]
[60, 38, 9]
[14, 36, 55]
[14, 55, 36]
[36, 14, 55]
[36, 55, 14]
[55, 14, 36]
[55, 36, 14]
[16, 44, 58]
[16, 58, 44]
[44, 16, 58]
[44, 58, 16]
[58, 16, 44]
[58, 44, 16]
[19, 45, 55]
[19, 55, 45]
[45, 19, 55]
[45, 55, 19]
[55, 19, 45]
[55, 45, 19]
[21, 42, 58]
[21, 58, 42]
[42, 21, 58]
[42, 58, 21]
[58, 21, 42]
[58, 42, 21]
[21, 51, 57]
[21, 57, 51]
[51, 21, 57]
[51, 57, 21]
[57, 21, 51]
[57, 51, 21]
[22, 41, 56]
[22, 56, 41]
[41, 22, 56]
[41, 56, 22]
[56, 22, 41]
[56, 41, 22]
[24, 47, 58]
[24, 58, 47]
[47, 24, 58]
[47, 58, 24]
[58, 24, 47]
[58, 47, 24]
[31, 33, 62]
[31, 62, 33]
[33, 31, 62]
[33, 62, 31]
[62, 31, 33]
[62, 33, 31]
[41, 45, 53]
[41, 53, 45]
[45, 41, 53]
[45, 53, 41]
[53, 41, 45]
[53, 45, 41]
[42, 44, 56]
[42, 56, 44]
[44, 42, 56]
[44, 56, 42]
[56, 42, 44]
[56, 44, 42]
[42, 49, 55]
[42, 55, 49]
[49, 42, 55]
[49, 55, 42]
[55, 42, 49]
[55, 49, 42]
[42, 50, 54]
[42, 54, 50]
[50, 42, 54]
[50, 54, 42]
[54, 42, 50]
[54, 50, 42]
[55, 55, 55]
[0, 40, 65]
[0, 65, 40]
[40, 0, 65]
[40, 65, 0]
[65, 0, 40]
[65, 40, 0]
[1, 39, 63]
[1, 63, 39]
[39, 1, 63]
[39, 63, 1]
[63, 1, 39]
[63, 39, 1]
[4, 40, 61]
[4, 61, 40]
[40, 4, 61]
[40, 61, 4]
[61, 4, 40]
[61, 40, 4]
[5, 40, 60]
[5, 60, 40]
[40, 5, 60]
[40, 60, 5]
[60, 5, 40]
[60, 40, 5]
[7, 37, 63]
[7, 63, 37]
[37, 7, 63]
[37, 63, 7]
[63, 7, 37]
[63, 37, 7]
[8, 36, 61]
[8, 61, 36]
[36, 8, 61]
[36, 61, 8]
[61, 8, 36]
[61, 36, 8]
[10, 34, 60]
[10, 60, 34]
[34, 10, 60]
[34, 60, 10]
[60, 10, 34]
[60, 34, 10]
[10, 37, 61]
[10, 61, 37]
[37, 10, 61]
[37, 61, 10]
[61, 10, 37]
[61, 37, 10]
[10, 39, 58]
[10, 58, 39]
[39, 10, 58]
[39, 58, 10]
[58, 10, 39]
[58, 39, 10]
[12, 40, 59]
[12, 59, 40]
[40, 12, 59]
[40, 59, 12]
[59, 12, 40]
[59, 40, 12]
[14, 35, 61]
[14, 61, 35]
[35, 14, 61]
[35, 61, 14]
[61, 14, 35]
[61, 35, 14]
[14, 38, 56]
[14, 56, 38]
[38, 14, 56]
[38, 56, 14]
[56, 14, 38]
[56, 38, 14]
[19, 41, 59]
[19, 59, 41]
[41, 19, 59]
[41, 59, 19]
[59, 19, 41]
[59, 41, 19]
[23, 42, 57]
[23, 57, 42]
[42, 23, 57]
[42, 57, 23]
[57, 23, 42]
[57, 42, 23]
[24, 41, 57]
[24, 57, 41]
[41, 24, 57]
[41, 57, 24]
[57, 24, 41]
[57, 41, 24]
[24, 48, 55]
[24, 55, 48]
[48, 24, 55]
[48, 55, 24]
[55, 24, 48]
[55, 48, 24]
[27, 34, 61]
[27, 61, 34]
[34, 27, 61]
[34, 61, 27]
[61, 27, 34]
[61, 34, 27]
[27, 43, 59]
[27, 59, 43]
[43, 27, 59]
[43, 59, 27]
[59, 27, 43]
[59, 43, 27]
[28, 34, 59]
[28, 59, 34]
[34, 28, 59]
[34, 59, 28]
[59, 28, 34]
[59, 34, 28]
[31, 44, 60]
[31, 60, 44]
[44, 31, 60]
[44, 60, 31]
[60, 31, 44]
[60, 44, 31]
[43, 44, 55]
[43, 55, 44]
[44, 43, 55]
[44, 55, 43]
[55, 43, 44]
[55, 44, 43]
[43, 45, 57]
[43, 57, 45]
[45, 43, 57]
[45, 57, 43]
[57, 43, 45]
[57, 45, 43]
[45, 49, 56]
[45, 56, 49]
[49, 45, 56]
[49, 56, 45]
[56, 45, 49]
[56, 49, 45]
[56, 56, 56]
[0, 42, 68]
[0, 68, 42]
[42, 0, 68]
[42, 68, 0]
[68, 0, 42]
[68, 42, 0]
[1, 40, 67]
[1, 67, 40]
[40, 1, 67]
[40, 67, 1]
[67, 1, 40]
[67, 40, 1]
[1, 41, 64]
[1, 64, 41]
[41, 1, 64]
[41, 64, 1]
[64, 1, 41]
[64, 41, 1]
[2, 39, 65]
[2, 65, 39]
[39, 2, 65]
[39, 65, 2]
[65, 2, 39]
[65, 39, 2]
[3, 39, 64]
[3, 64, 39]
[39, 3, 64]
[39, 64, 3]
[64, 3, 39]
[64, 39, 3]
[4, 41, 63]
[4, 63, 41]
[41, 4, 63]
[41, 63, 4]
[63, 4, 41]
[63, 41, 4]
[7, 38, 65]
[7, 65, 38]
[38, 7, 65]
[38, 65, 7]
[65, 7, 38]
[65, 38, 7]
[8, 37, 65]
[8, 65, 37]
[37, 8, 65]
[37, 65, 8]
[65, 8, 37]
[65, 37, 8]
[9, 39, 62]
[9, 62, 39]
[39, 9, 62]
[39, 62, 9]
[62, 9, 39]
[62, 39, 9]
[12, 38, 64]
[12, 64, 38]
[38, 12, 64]
[38, 64, 12]
[64, 12, 38]
[64, 38, 12]
[13, 42, 61]
[13, 61, 42]
[42, 13, 61]
[42, 61, 13]
[61, 13, 42]
[61, 42, 13]
[14, 39, 60]
[14, 60, 39]
[39, 14, 60]
[39, 60, 14]
[60, 14, 39]
[60, 39, 14]
[14, 40, 57]
[14, 57, 40]
[40, 14, 57]
[40, 57, 14]
[57, 14, 40]
[57, 40, 14]
[15, 43, 60]
[15, 60, 43]
[43, 15, 60]
[43, 60, 15]
[60, 15, 43]
[60, 43, 15]
[16, 41, 61]
[16, 61, 41]
[41, 16, 61]
[41, 61, 16]
[61, 16, 41]
[61, 41, 16]
[18, 40, 58]
[18, 58, 40]
[40, 18, 58]
[40, 58, 18]
[58, 18, 40]
[58, 40, 18]
[22, 42, 60]
[22, 60, 42]
[42, 22, 60]
[42, 60, 22]
[60, 22, 42]
[60, 42, 22]
[22, 48, 58]
[22, 58, 48]
[48, 22, 58]
[48, 58, 22]
[58, 22, 48]
[58, 48, 22]
[23, 43, 61]
[23, 61, 43]
[43, 23, 61]
[43, 61, 23]
[61, 23, 43]
[61, 43, 23]
[23, 59, 60]
[23, 60, 59]
[59, 23, 60]
[59, 60, 23]
[60, 23, 59]
[60, 59, 23]
[24, 53, 62]
[24, 62, 53]
[53, 24, 62]
[53, 62, 24]
[62, 24, 53]
[62, 53, 24]
[25, 49, 61]
[25, 61, 49]
[49, 25, 61]
[49, 61, 25]
[61, 25, 49]
[61, 49, 25]
[25, 55, 60]
[25, 60, 55]
[55, 25, 60]
[55, 60, 25]
[60, 25, 55]
[60, 55, 25]
[25, 56, 59]
[25, 59, 56]
[56, 25, 59]
[56, 59, 25]
[59, 25, 56]
[59, 56, 25]
[26, 35, 62]
[26, 62, 35]
[35, 26, 62]
[35, 62, 26]
[62, 26, 35]
[62, 35, 26]
[26, 52, 59]
[26, 59, 52]
[52, 26, 59]
[52, 59, 26]
[59, 26, 52]
[59, 52, 26]
[28, 54, 56]
[28, 56, 54]
[54, 28, 56]
[54, 56, 28]
[56, 28, 54]
[56, 54, 28]
[29, 39, 59]
[29, 59, 39]
[39, 29, 59]
[39, 59, 29]
[59, 29, 39]
[59, 39, 29]
[30, 34, 63]
[30, 63, 34]
[34, 30, 63]
[34, 63, 30]
[63, 30, 34]
[63, 34, 30]
[30, 43, 58]
[30, 58, 43]
[43, 30, 58]
[43, 58, 30]
[58, 30, 43]
[58, 43, 30]
[31, 35, 66]
[31, 66, 35]
[35, 31, 66]
[35, 66, 31]
[66, 31, 35]
[66, 35, 31]
[32, 36, 60]
[32, 60, 36]
[36, 32, 60]
[36, 60, 32]
[60, 32, 36]
[60, 36, 32]
[33, 49, 60]
[33, 60, 49]
[49, 33, 60]
[49, 60, 33]
[60, 33, 49]
[60, 49, 33]
[36, 37, 64]
[36, 64, 37]
[37, 36, 64]
[37, 64, 36]
[64, 36, 37]
[64, 37, 36]
[37, 55, 58]
[37, 58, 55]
[55, 37, 58]
[55, 58, 37]
[58, 37, 55]
[58, 55, 37]
[44, 48, 59]
[44, 59, 48]
[48, 44, 59]
[48, 59, 44]
[59, 44, 48]
[59, 48, 44]
[44, 53, 57]
[44, 57, 53]
[53, 44, 57]
[53, 57, 44]
[57, 44, 53]
[57, 53, 44]
[46, 51, 55]
[46, 55, 51]
[51, 46, 55]
[51, 55, 46]
[55, 46, 51]
[55, 51, 46]
[47, 55, 56]
[47, 56, 55]
[55, 47, 56]
[55, 56, 47]
[56, 47, 55]
[56, 55, 47]
[48, 49, 57]
[48, 57, 49]
[49, 48, 57]
[49, 57, 48]
[57, 48, 49]
[57, 49, 48]
[50, 52, 55]
[50, 55, 52]
[52, 50, 55]
[52, 55, 50]
[55, 50, 52]
[55, 52, 50]
[57, 57, 57]
[0, 43, 70]
[0, 70, 43]
[43, 0, 70]
[43, 70, 0]
[70, 0, 43]
[70, 43, 0]
[2, 41, 66]
[2, 66, 41]
[41, 2, 66]
[41, 66, 2]
[66, 2, 41]
[66, 41, 2]
[4, 45, 65]
[4, 65, 45]
[45, 4, 65]
[45, 65, 4]
[65, 4, 45]
[65, 45, 4]
[6, 39, 70]
[6, 70, 39]
[39, 6, 70]
[39, 70, 6]
[70, 6, 39]
[70, 39, 6]
[7, 44, 66]
[7, 66, 44]
[44, 7, 66]
[44, 66, 7]
[66, 7, 44]
[66, 44, 7]
[8, 39, 66]
[8, 66, 39]
[39, 8, 66]
[39, 66, 8]
[66, 8, 39]
[66, 39, 8]
[8, 42, 64]
[8, 64, 42]
[42, 8, 64]
[42, 64, 8]
[64, 8, 42]
[64, 42, 8]
[9, 41, 65]
[9, 65, 41]
[41, 9, 65]
[41, 65, 9]
[65, 9, 41]
[65, 41, 9]
[10, 38, 67]
[10, 67, 38]
[38, 10, 67]
[38, 67, 10]
[67, 10, 38]
[67, 38, 10]
[11, 40, 63]
[11, 63, 40]
[40, 11, 63]
[40, 63, 11]
[63, 11, 40]
[63, 40, 11]
[13, 37, 66]
[13, 66, 37]
[37, 13, 66]
[37, 66, 13]
[66, 13, 37]
[66, 37, 13]
[16, 43, 64]
[16, 64, 43]
[43, 16, 64]
[43, 64, 16]
[64, 16, 43]
[64, 43, 16]
[17, 43, 63]
[17, 63, 43]
[43, 17, 63]
[43, 63, 17]
[63, 17, 43]
[63, 43, 17]
[17, 47, 64]
[17, 64, 47]
[47, 17, 64]
[47, 64, 17]
[64, 17, 47]
[64, 47, 17]
[18, 46, 62]
[18, 62, 46]
[46, 18, 62]
[46, 62, 18]
[62, 18, 46]
[62, 46, 18]
[20, 42, 63]
[20, 63, 42]
[42, 20, 63]
[42, 63, 20]
[63, 20, 42]
[63, 42, 20]
[20, 45, 62]
[20, 62, 45]
[45, 20, 62]
[45, 62, 20]
[62, 20, 45]
[62, 45, 20]
[21, 44, 61]
[21, 61, 44]
[44, 21, 61]
[44, 61, 21]
[61, 21, 44]
[61, 44, 21]
[24, 51, 63]
[24, 63, 51]
[51, 24, 63]
[51, 63, 24]
[63, 24, 51]
[63, 51, 24]
[26, 57, 63]
[26, 63, 57]
[57, 26, 63]
[57, 63, 26]
[63, 26, 57]
[63, 57, 26]
[26, 58, 60]
[26, 60, 58]
[58, 26, 60]
[58, 60, 26]
[60, 26, 58]
[60, 58, 26]
[27, 58, 62]
[27, 62, 58]
[58, 27, 62]
[58, 62, 27]
[62, 27, 58]
[62, 58, 27]
[28, 38, 66]
[28, 66, 38]
[38, 28, 66]
[38, 66, 28]
[66, 28, 38]
[66, 38, 28]
[28, 39, 61]
[28, 61, 39]
[39, 28, 61]
[39, 61, 28]
[61, 28, 39]
[61, 39, 28]
[28, 50, 60]
[28, 60, 50]
[50, 28, 60]
[50, 60, 28]
[60, 28, 50]
[60, 50, 28]
[34, 40, 62]
[34, 62, 40]
[40, 34, 62]
[40, 62, 34]
[62, 34, 40]
[62, 40, 34]
[35, 49, 64]
[35, 64, 49]
[49, 35, 64]
[49, 64, 35]
[64, 35, 49]
[64, 49, 35]
[36, 41, 62]
[36, 62, 41]
[41, 36, 62]
[41, 62, 36]
[62, 36, 41]
[62, 41, 36]
[36, 52, 63]
[36, 63, 52]
[52, 36, 63]
[52, 63, 36]
[63, 36, 52]
[63, 52, 36]
[38, 48, 63]
[38, 63, 48]
[48, 38, 63]
[48, 63, 38]
[63, 38, 48]
[63, 48, 38]
[45, 51, 61]
[45, 61, 51]
[51, 45, 61]
[51, 61, 45]
[61, 45, 51]
[61, 51, 45]
[46, 48, 60]
[46, 60, 48]
[48, 46, 60]
[48, 60, 46]
[60, 46, 48]
[60, 48, 46]
[47, 52, 60]
[47, 60, 52]
[52, 47, 60]
[52, 60, 47]
[60, 47, 52]
[60, 52, 47]
[49, 53, 58]
[49, 58, 53]
[53, 49, 58]
[53, 58, 49]
[58, 49, 53]
[58, 53, 49]
[58, 58, 58]
[0, 45, 73]
[0, 73, 45]
[45, 0, 73]
[45, 73, 0]
[73, 0, 45]
[73, 45, 0]
[1, 44, 72]
[1, 72, 44]
[44, 1, 72]
[44, 72, 1]
[72, 1, 44]
[72, 44, 1]
[1, 45, 71]
[1, 71, 45]
[45, 1, 71]
[45, 71, 1]
[71, 1, 45]
[71, 45, 1]
[2, 42, 69]
[2, 69, 42]
[42, 2, 69]
[42, 69, 2]
[69, 2, 42]
[69, 42, 2]
[2, 43, 67]
[2, 67, 43]
[43, 2, 67]
[43, 67, 2]
[67, 2, 43]
[67, 43, 2]
[5, 41, 67]
[5, 67, 41]
[41, 5, 67]
[41, 67, 5]
[67, 5, 41]
[67, 41, 5]
[5, 43, 68]
[5, 68, 43]
[43, 5, 68]
[43, 68, 5]
[68, 5, 43]
[68, 43, 5]
[6, 42, 66]
[6, 66, 42]
[42, 6, 66]
[42, 66, 6]
[66, 6, 42]
[66, 42, 6]
[9, 40, 68]
[9, 68, 40]
[40, 9, 68]
[40, 68, 9]
[68, 9, 40]
[68, 40, 9]
[12, 39, 67]
[12, 67, 39]
[39, 12, 67]
[39, 67, 12]
[67, 12, 39]
[67, 39, 12]
[12, 42, 65]
[12, 65, 42]
[42, 12, 65]
[42, 65, 12]
[65, 12, 42]
[65, 42, 12]
[15, 47, 66]
[15, 66, 47]
[47, 15, 66]
[47, 66, 15]
[66, 15, 47]
[66, 47, 15]
[18, 45, 66]
[18, 66, 45]
[45, 18, 66]
[45, 66, 18]
[66, 18, 45]
[66, 45, 18]
[19, 44, 63]
[19, 63, 44]
[44, 19, 63]
[44, 63, 19]
[63, 19, 44]
[63, 44, 19]
[22, 46, 63]
[22, 63, 46]
[46, 22, 63]
[46, 63, 22]
[63, 22, 46]
[63, 46, 22]
[23, 45, 64]
[23, 64, 45]
[45, 23, 64]
[45, 64, 23]
[64, 23, 45]
[64, 45, 23]
[26, 48, 65]
[26, 65, 48]
[48, 26, 65]
[48, 65, 26]
[65, 26, 48]
[65, 48, 26]
[26, 55, 64]
[26, 64, 55]
[55, 26, 64]
[55, 64, 26]
[64, 26, 55]
[64, 55, 26]
[27, 49, 66]
[27, 66, 49]
[49, 27, 66]
[49, 66, 27]
[66, 27, 49]
[66, 49, 27]
[29, 38, 68]
[29, 68, 38]
[38, 29, 68]
[38, 68, 29]
[68, 29, 38]
[68, 38, 29]
[29, 61, 63]
[29, 63, 61]
[61, 29, 63]
[61, 63, 29]
[63, 29, 61]
[63, 61, 29]
[33, 40, 64]
[33, 64, 40]
[40, 33, 64]
[40, 64, 33]
[64, 33, 40]
[64, 40, 33]
[35, 54, 65]
[35, 65, 54]
[54, 35, 65]
[54, 65, 35]
[65, 35, 54]
[65, 54, 35]
[36, 43, 66]
[36, 66, 43]
[43, 36, 66]
[43, 66, 36]
[66, 36, 43]
[66, 43, 36]
[37, 50, 67]
[37, 67, 50]
[50, 37, 67]
[50, 67, 37]
[67, 37, 50]
[67, 50, 37]
[45, 60, 63]
[45, 63, 60]
[60, 45, 63]
[60, 63, 45]
[63, 45, 60]
[63, 60, 45]
[47, 54, 63]
[47, 63, 54]
[54, 47, 63]
[54, 63, 47]
[63, 47, 54]
[63, 54, 47]
[48, 56, 61]
[48, 61, 56]
[56, 48, 61]
[56, 61, 48]
[61, 48, 56]
[61, 56, 48]
[50, 59, 61]
[50, 61, 59]
[59, 50, 61]
[59, 61, 50]
[61, 50, 59]
[61, 59, 50]
[51, 56, 58]
[51, 58, 56]
[56, 51, 58]
[56, 58, 51]
[58, 51, 56]
[58, 56, 51]
[52, 54, 58]
[52, 58, 54]
[54, 52, 58]
[54, 58, 52]
[58, 52, 54]
[58, 54, 52]
[52, 56, 62]
[52, 62, 56]
[56, 52, 62]
[56, 62, 52]
[62, 52, 56]
[62, 56, 52]
[53, 55, 63]
[53, 63, 55]
[55, 53, 63]
[55, 63, 53]
[63, 53, 55]
[63, 55, 53]
[59, 59, 59]
[60, 60, 60]
[0, 46, 75]
[0, 75, 46]
[46, 0, 75]
[46, 75, 0]
[75, 0, 46]
[75, 46, 0]
[2, 44, 74]
[2, 74, 44]
[44, 2, 74]
[44, 74, 2]
[74, 2, 44]
[74, 44, 2]
[3, 42, 72]
[3, 72, 42]
[42, 3, 72]
[42, 72, 3]
[72, 3, 42]
[72, 42, 3]
[3, 43, 71]
[3, 71, 43]
[43, 3, 71]
[43, 71, 3]
[71, 3, 43]
[71, 43, 3]
[3, 45, 69]
[3, 69, 45]
[45, 3, 69]
[45, 69, 3]
[69, 3, 45]
[69, 45, 3]
[4, 42, 70]
[4, 70, 42]
[42, 4, 70]
[42, 70, 4]
[70, 4, 42]
[70, 42, 4]
[6, 44, 69]
[6, 69, 44]
[44, 6, 69]
[44, 69, 6]
[69, 6, 44]
[69, 44, 6]
[7, 41, 72]
[7, 72, 41]
[41, 7, 72]
[41, 72, 7]
[72, 7, 41]
[72, 41, 7]
[8, 43, 69]
[8, 69, 43]
[43, 8, 69]
[43, 69, 8]
[69, 8, 43]
[69, 43, 8]
[9, 42, 67]
[9, 67, 42]
[42, 9, 67]
[42, 67, 9]
[67, 9, 42]
[67, 42, 9]
[10, 41, 71]
[10, 71, 41]
[41, 10, 71]
[41, 71, 10]
[71, 10, 41]
[71, 41, 10]
[10, 45, 68]
[10, 68, 45]
[45, 10, 68]
[45, 68, 10]
[68, 10, 45]
[68, 45, 10]
[11, 41, 68]
[11, 68, 41]
[41, 11, 68]
[41, 68, 11]
[68, 11, 41]
[68, 41, 11]
[13, 39, 69]
[13, 69, 39]
[39, 13, 69]
[39, 69, 13]
[69, 13, 39]
[69, 39, 13]
[14, 45, 67]
[14, 67, 45]
[45, 14, 67]
[45, 67, 14]
[67, 14, 45]
[67, 45, 14]
[20, 46, 65]
[20, 65, 46]
[46, 20, 65]
[46, 65, 20]
[65, 20, 46]
[65, 46, 20]
[21, 47, 67]
[21, 67, 47]
[47, 21, 67]
[47, 67, 21]
[67, 21, 47]
[67, 47, 21]
[24, 54, 67]
[24, 67, 54]
[54, 24, 67]
[54, 67, 24]
[67, 24, 54]
[67, 54, 24]
[25, 50, 64]
[25, 64, 50]
[50, 25, 64]
[50, 64, 25]
[64, 25, 50]
[64, 50, 25]
[26, 66, 70]
[26, 70, 66]
[66, 26, 70]
[66, 70, 26]
[70, 26, 66]
[70, 66, 26]
[29, 62, 66]
[29, 66, 62]
[62, 29, 66]
[62, 66, 29]
[66, 29, 62]
[66, 62, 29]
[30, 62, 64]
[30, 64, 62]
[62, 30, 64]
[62, 64, 30]
[64, 30, 62]
[64, 62, 30]
[32, 57, 65]
[32, 65, 57]
[57, 32, 65]
[57, 65, 32]
[65, 32, 57]
[65, 57, 32]
[33, 39, 71]
[33, 71, 39]
[39, 33, 71]
[39, 71, 33]
[71, 33, 39]
[71, 39, 33]
[33, 44, 65]
[33, 65, 44]
[44, 33, 65]
[44, 65, 33]
[65, 33, 44]
[65, 44, 33]
[39, 56, 68]
[39, 68, 56]
[56, 39, 68]
[56, 68, 39]
[68, 39, 56]
[68, 56, 39]
[52, 57, 66]
[52, 66, 57]
[57, 52, 66]
[57, 66, 52]
[66, 52, 57]
[66, 57, 52]
[54, 57, 59]
[54, 59, 57]
[57, 54, 59]
[57, 59, 54]
[59, 54, 57]
[59, 57, 54]
[61, 61, 61]
[0, 48, 78]
[0, 78, 48]
[48, 0, 78]
[48, 78, 0]
[78, 0, 48]
[78, 48, 0]
[1, 47, 76]
[1, 76, 47]
[47, 1, 76]
[47, 76, 1]
[76, 1, 47]
[76, 47, 1]
[2, 46, 78]
[2, 78, 46]
[46, 2, 78]
[46, 78, 2]
[78, 2, 46]
[78, 46, 2]
[3, 46, 73]
[3, 73, 46]
[46, 3, 73]
[46, 73, 3]
[73, 3, 46]
[73, 46, 3]
[4, 43, 73]
[4, 73, 43]
[43, 4, 73]
[43, 73, 4]
[73, 4, 43]
[73, 43, 4]
[5, 45, 72]
[5, 72, 45]
[45, 5, 72]
[45, 72, 5]
[72, 5, 45]
[72, 45, 5]
[8, 41, 74]
[8, 74, 41]
[41, 8, 74]
[41, 74, 8]
[74, 8, 41]
[74, 41, 8]
[9, 44, 70]
[9, 70, 44]
[44, 9, 70]
[44, 70, 9]
[70, 9, 44]
[70, 44, 9]
[10, 42, 73]
[10, 73, 42]
[42, 10, 73]
[42, 73, 10]
[73, 10, 42]
[73, 42, 10]
[12, 41, 70]
[12, 70, 41]
[41, 12, 70]
[41, 70, 12]
[70, 12, 41]
[70, 41, 12]
[12, 44, 68]
[12, 68, 44]
[44, 12, 68]
[44, 68, 12]
[68, 12, 44]
[68, 44, 12]
[14, 41, 69]
[14, 69, 41]
[41, 14, 69]
[41, 69, 14]
[69, 14, 41]
[69, 41, 14]
[14, 42, 71]
[14, 71, 42]
[42, 14, 71]
[42, 71, 14]
[71, 14, 42]
[71, 42, 14]
[16, 48, 70]
[16, 70, 48]
[48, 16, 70]
[48, 70, 16]
[70, 16, 48]
[70, 48, 16]
[18, 39, 72]
[18, 72, 39]
[39, 18, 72]
[39, 72, 18]
[72, 18, 39]
[72, 39, 18]
[21, 45, 70]
[21, 70, 45]
[45, 21, 70]
[45, 70, 21]
[70, 21, 45]
[70, 45, 21]
[22, 51, 67]
[22, 67, 51]
[51, 22, 67]
[51, 67, 22]
[67, 22, 51]
[67, 51, 22]
[23, 46, 69]
[23, 69, 46]
[46, 23, 69]
[46, 69, 23]
[69, 23, 46]
[69, 46, 23]
[27, 51, 69]
[27, 69, 51]
[51, 27, 69]
[51, 69, 27]
[69, 27, 51]
[69, 51, 27]
[29, 56, 65]
[29, 65, 56]
[56, 29, 65]
[56, 65, 29]
[65, 29, 56]
[65, 56, 29]
[30, 55, 67]
[30, 67, 55]
[55, 30, 67]
[55, 67, 30]
[67, 30, 55]
[67, 55, 30]
[34, 46, 66]
[34, 66, 46]
[46, 34, 66]
[46, 66, 34]
[66, 34, 46]
[66, 46, 34]
[34, 48, 67]
[34, 67, 48]
[48, 34, 67]
[48, 67, 34]
[67, 34, 48]
[67, 48, 34]
[38, 58, 70]
[38, 70, 58]
[58, 38, 70]
[58, 70, 38]
[70, 38, 58]
[70, 58, 38]
[39, 52, 73]
[39, 73, 52]
[52, 39, 73]
[52, 73, 39]
[73, 39, 52]
[73, 52, 39]
[40, 52, 69]
[40, 69, 52]
[52, 40, 69]
[52, 69, 40]
[69, 40, 52]
[69, 52, 40]
[44, 46, 67]
[44, 67, 46]
[46, 44, 67]
[46, 67, 44]
[67, 44, 46]
[67, 46, 44]
[47, 59, 65]
[47, 65, 59]
[59, 47, 65]
[59, 65, 47]
[65, 47, 59]
[65, 59, 47]
[48, 64, 66]
[48, 66, 64]
[64, 48, 66]
[64, 66, 48]
[66, 48, 64]
[66, 64, 48]
[50, 53, 66]
[50, 66, 53]
[53, 50, 66]
[53, 66, 50]
[66, 50, 53]
[66, 53, 50]
[51, 59, 64]
[51, 64, 59]
[59, 51, 64]
[59, 64, 51]
[64, 51, 59]
[64, 59, 51]
[55, 57, 61]
[55, 61, 57]
[57, 55, 61]
[57, 61, 55]
[61, 55, 57]
[61, 57, 55]
[62, 62, 62]
[0, 50, 81]
[0, 81, 50]
[50, 0, 81]
[50, 81, 0]
[81, 0, 50]
[81, 50, 0]
[1, 49, 79]
[1, 79, 49]
[49, 1, 79]
[49, 79, 1]
[79, 1, 49]
[79, 49, 1]
[2, 48, 77]
[2, 77, 48]
[48, 2, 77]
[48, 77, 2]
[77, 2, 48]
[77, 48, 2]
[3, 47, 79]
[3, 79, 47]
[47, 3, 79]
[47, 79, 3]
[79, 3, 47]
[79, 47, 3]
[3, 48, 74]
[3, 74, 48]
[48, 3, 74]
[48, 74, 3]
[74, 3, 48]
[74, 48, 3]
[4, 44, 77]
[4, 77, 44]
[44, 4, 77]
[44, 77, 4]
[77, 4, 44]
[77, 44, 4]
[4, 47, 74]
[4, 74, 47]
[47, 4, 74]
[47, 74, 4]
[74, 4, 47]
[74, 47, 4]
[5, 46, 74]
[5, 74, 46]
[46, 5, 74]
[46, 74, 5]
[74, 5, 46]
[74, 46, 5]
[6, 45, 74]
[6, 74, 45]
[45, 6, 74]
[45, 74, 6]
[74, 6, 45]
[74, 45, 6]
[7, 48, 73]
[7, 73, 48]
[48, 7, 73]
[48, 73, 7]
[73, 7, 48]
[73, 48, 7]
[9, 43, 75]
[9, 75, 43]
[43, 9, 75]
[43, 75, 9]
[75, 9, 43]
[75, 43, 9]
[11, 44, 73]
[11, 73, 44]
[44, 11, 73]
[44, 73, 11]
[73, 11, 44]
[73, 44, 11]
[11, 46, 71]
[11, 71, 46]
[46, 11, 71]
[46, 71, 11]
[71, 11, 46]
[71, 46, 11]
[12, 43, 74]
[12, 74, 43]
[43, 12, 74]
[43, 74, 12]
[74, 12, 43]
[74, 43, 12]
[13, 46, 68]
[13, 68, 46]
[46, 13, 68]
[46, 68, 13]
[68, 13, 46]
[68, 46, 13]
[17, 50, 69]
[17, 69, 50]
[50, 17, 69]
[50, 69, 17]
[69, 17, 50]
[69, 50, 17]
[21, 43, 72]
[21, 72, 43]
[43, 21, 72]
[43, 72, 21]
[72, 21, 43]
[72, 43, 21]
[27, 70, 71]
[27, 71, 70]
[70, 27, 71]
[70, 71, 27]
[71, 27, 70]
[71, 70, 27]
[28, 53, 69]
[28, 69, 53]
[53, 28, 69]
[53, 69, 28]
[69, 28, 53]
[69, 53, 28]
[29, 64, 67]
[29, 67, 64]
[64, 29, 67]
[64, 67, 29]
[67, 29, 64]
[67, 64, 29]
[31, 56, 70]
[31, 70, 56]
[56, 31, 70]
[56, 70, 31]
[70, 31, 56]
[70, 56, 31]
[32, 41, 75]
[32, 75, 41]
[41, 32, 75]
[41, 75, 32]
[75, 32, 41]
[75, 41, 32]
[34, 68, 70]
[34, 70, 68]
[68, 34, 70]
[68, 70, 34]
[70, 34, 68]
[70, 68, 34]
[35, 50, 68]
[35, 68, 50]
[50, 35, 68]
[50, 68, 35]
[68, 35, 50]
[68, 50, 35]
[37, 54, 72]
[37, 72, 54]
[54, 37, 72]
[54, 72, 37]
[72, 37, 54]
[72, 54, 37]
[37, 57, 68]
[37, 68, 57]
[57, 37, 68]
[57, 68, 37]
[68, 37, 57]
[68, 57, 37]
[44, 62, 71]
[44, 71, 62]
[62, 44, 71]
[62, 71, 44]
[71, 44, 62]
[71, 62, 44]
[47, 57, 70]
[47, 70, 57]
[57, 47, 70]
[57, 70, 47]
[70, 47, 57]
[70, 57, 47]
[50, 58, 65]
[50, 65, 58]
[58, 50, 65]
[58, 65, 50]
[65, 50, 58]
[65, 58, 50]
[51, 54, 68]
[51, 68, 54]
[54, 51, 68]
[54, 68, 51]
[68, 51, 54]
[68, 54, 51]
[51, 65, 66]
[51, 66, 65]
[65, 51, 66]
[65, 66, 51]
[66, 51, 65]
[66, 65, 51]
[53, 60, 65]
[53, 65, 60]
[60, 53, 65]
[60, 65, 53]
[65, 53, 60]
[65, 60, 53]
[56, 66, 67]
[56, 67, 66]
[66, 56, 67]
[66, 67, 56]
[67, 56, 66]
[67, 66, 56]
[58, 59, 66]
[58, 66, 59]
[59, 58, 66]
[59, 66, 58]
[66, 58, 59]
[66, 59, 58]
[63, 63, 63]
[0, 51, 83]
[0, 83, 51]
[51, 0, 83]
[51, 83, 0]
[83, 0, 51]
[83, 51, 0]
[1, 50, 83]
[1, 83, 50]
[50, 1, 83]
[50, 83, 1]
[83, 1, 50]
[83, 50, 1]
[1, 51, 82]
[1, 82, 51]
[51, 1, 82]
[51, 82, 1]
[82, 1, 51]
[82, 51, 1]
[2, 49, 82]
[2, 82, 49]
[49, 2, 82]
[49, 82, 2]
[82, 2, 49]
[82, 49, 2]
[2, 52, 80]
[2, 80, 52]
[52, 2, 80]
[52, 80, 2]
[80, 2, 52]
[80, 52, 2]
[3, 49, 78]
[3, 78, 49]
[49, 3, 78]
[49, 78, 3]
[78, 3, 49]
[78, 49, 3]
[4, 48, 80]
[4, 80, 48]
[48, 4, 80]
[48, 80, 4]
[80, 4, 48]
[80, 48, 4]
[5, 47, 77]
[5, 77, 47]
[47, 5, 77]
[47, 77, 5]
[77, 5, 47]
[77, 47, 5]
[6, 46, 79]
[6, 79, 46]
[46, 6, 79]
[46, 79, 6]
[79, 6, 46]
[79, 46, 6]
[6, 49, 75]
[6, 75, 49]
[49, 6, 75]
[49, 75, 6]
[75, 6, 49]
[75, 49, 6]
[7, 45, 78]
[7, 78, 45]
[45, 7, 78]
[45, 78, 7]
[78, 7, 45]
[78, 45, 7]
[7, 47, 75]
[7, 75, 47]
[47, 7, 75]
[47, 75, 7]
[75, 7, 47]
[75, 47, 7]
[9, 50, 77]
[9, 77, 50]
[50, 9, 77]
[50, 77, 9]
[77, 9, 50]
[77, 50, 9]
[10, 44, 76]
[10, 76, 44]
[44, 10, 76]
[44, 76, 10]
[76, 10, 44]
[76, 44, 10]
[10, 48, 75]
[10, 75, 48]
[48, 10, 75]
[48, 75, 10]
[75, 10, 48]
[75, 48, 10]
[11, 43, 78]
[11, 78, 43]
[43, 11, 78]
[43, 78, 11]
[78, 11, 43]
[78, 43, 11]
[12, 45, 75]
[12, 75, 45]
[45, 12, 75]
[45, 75, 12]
[75, 12, 45]
[75, 45, 12]
[12, 49, 71]
[12, 71, 49]
[49, 12, 71]
[49, 71, 12]
[71, 12, 49]
[71, 49, 12]
[13, 43, 77]
[13, 77, 43]
[43, 13, 77]
[43, 77, 13]
[77, 13, 43]
[77, 43, 13]
[13, 47, 73]
[13, 73, 47]
[47, 13, 73]
[47, 73, 13]
[73, 13, 47]
[73, 47, 13]
[13, 49, 74]
[13, 74, 49]
[49, 13, 74]
[49, 74, 13]
[74, 13, 49]
[74, 49, 13]
[14, 47, 72]
[14, 72, 47]
[47, 14, 72]
[47, 72, 14]
[72, 14, 47]
[72, 47, 14]
[15, 44, 75]
[15, 75, 44]
[44, 15, 75]
[44, 75, 15]
[75, 15, 44]
[75, 44, 15]
[15, 46, 72]
[15, 72, 46]
[46, 15, 72]
[46, 72, 15]
[72, 15, 46]
[72, 46, 15]
[18, 49, 73]
[18, 73, 49]
[49, 18, 73]
[49, 73, 18]
[73, 18, 49]
[73, 49, 18]
[19, 46, 70]
[19, 70, 46]
[46, 19, 70]
[46, 70, 19]
[70, 19, 46]
[70, 46, 19]
[19, 47, 68]
[19, 68, 47]
[47, 19, 68]
[47, 68, 19]
[68, 19, 47]
[68, 47, 19]
[23, 47, 71]
[23, 71, 47]
[47, 23, 71]
[47, 71, 23]
[71, 23, 47]
[71, 47, 23]
[25, 62, 73]
[25, 73, 62]
[62, 25, 73]
[62, 73, 25]
[73, 25, 62]
[73, 62, 25]
[27, 63, 72]
[27, 72, 63]
[63, 27, 72]
[63, 72, 27]
[72, 27, 63]
[72, 63, 27]
[28, 55, 68]
[28, 68, 55]
[55, 28, 68]
[55, 68, 28]
[68, 28, 55]
[68, 55, 28]
[33, 42, 77]
[33, 77, 42]
[42, 33, 77]
[42, 77, 33]
[77, 33, 42]
[77, 42, 33]
[33, 58, 72]
[33, 72, 58]
[58, 33, 72]
[58, 72, 33]
[72, 33, 58]
[72, 58, 33]
[35, 67, 69]
[35, 69, 67]
[67, 35, 69]
[67, 69, 35]
[69, 35, 67]
[69, 67, 35]
[42, 62, 75]
[42, 75, 62]
[62, 42, 75]
[62, 75, 42]
[75, 42, 62]
[75, 62, 42]
[50, 57, 71]
[50, 71, 57]
[57, 50, 71]
[57, 71, 50]
[71, 50, 57]
[71, 57, 50]
[52, 61, 71]
[52, 71, 61]
[61, 52, 71]
[61, 71, 52]
[71, 52, 61]
[71, 61, 52]
[53, 56, 71]
[53, 71, 56]
[56, 53, 71]
[56, 71, 53]
[71, 53, 56]
[71, 56, 53]
[57, 60, 67]
[57, 67, 60]
[60, 57, 67]
[60, 67, 57]
[67, 57, 60]
[67, 60, 57]
[61, 64, 65]
[61, 65, 64]
[64, 61, 65]
[64, 65, 61]
[65, 61, 64]
[65, 64, 61]
[64, 64, 64]
[66, 66, 66]
[0, 53, 86]
[0, 86, 53]
[53, 0, 86]
[53, 86, 0]
[86, 0, 53]
[86, 53, 0]
[1, 52, 84]
[1, 84, 52]
[52, 1, 84]
[52, 84, 1]
[84, 1, 52]
[84, 52, 1]
[3, 50, 86]
[3, 86, 50]
[50, 3, 86]
[50, 86, 3]
[86, 3, 50]
[86, 50, 3]
[4, 52, 81]
[4, 81, 52]
[52, 4, 81]
[52, 81, 4]
[81, 4, 52]
[81, 52, 4]
[5, 48, 79]
[5, 79, 48]
[48, 5, 79]
[48, 79, 5]
[79, 5, 48]
[79, 48, 5]
[5, 49, 81]
[5, 81, 49]
[49, 5, 81]
[49, 81, 5]
[81, 5, 49]
[81, 49, 5]
[6, 50, 82]
[6, 82, 50]
[50, 6, 82]
[50, 82, 6]
[82, 6, 50]
[82, 50, 6]
[6, 51, 81]
[6, 81, 51]
[51, 6, 81]
[51, 81, 6]
[81, 6, 51]
[81, 51, 6]
[8, 49, 80]
[8, 80, 49]
[49, 8, 80]
[49, 80, 8]
[80, 8, 49]
[80, 49, 8]
[9, 45, 81]
[9, 81, 45]
[45, 9, 81]
[45, 81, 9]
[81, 9, 45]
[81, 45, 9]
[10, 49, 77]
[10, 77, 49]
[49, 10, 77]
[49, 77, 10]
[77, 10, 49]
[77, 49, 10]
[10, 55, 80]
[10, 80, 55]
[55, 10, 80]
[55, 80, 10]
[80, 10, 55]
[80, 55, 10]
[11, 47, 80]
[11, 80, 47]
[47, 11, 80]
[47, 80, 11]
[80, 11, 47]
[80, 47, 11]
[11, 50, 76]
[11, 76, 50]
[50, 11, 76]
[50, 76, 11]
[76, 11, 50]
[76, 50, 11]
[12, 46, 80]
[12, 80, 46]
[46, 12, 80]
[46, 80, 12]
[80, 12, 46]
[80, 46, 12]
[13, 44, 80]
[13, 80, 44]
[44, 13, 80]
[44, 80, 13]
[80, 13, 44]
[80, 44, 13]
[14, 46, 76]
[14, 76, 46]
[46, 14, 76]
[46, 76, 14]
[76, 14, 46]
[76, 46, 14]
[15, 48, 76]
[15, 76, 48]
[48, 15, 76]
[48, 76, 15]
[76, 15, 48]
[76, 48, 15]
[16, 45, 76]
[16, 76, 45]
[45, 16, 76]
[45, 76, 16]
[76, 16, 45]
[76, 45, 16]
[16, 51, 74]
[16, 74, 51]
[51, 16, 74]
[51, 74, 16]
[74, 16, 51]
[74, 51, 16]
[18, 53, 75]
[18, 75, 53]
[53, 18, 75]
[53, 75, 18]
[75, 18, 53]
[75, 53, 18]
[19, 49, 69]
[19, 69, 49]
[49, 19, 69]
[49, 69, 19]
[69, 19, 49]
[69, 49, 19]
[19, 50, 75]
[19, 75, 50]
[50, 19, 75]
[50, 75, 19]
[75, 19, 50]
[75, 50, 19]
[20, 47, 81]
[20, 81, 47]
[47, 20, 81]
[47, 81, 20]
[81, 20, 47]
[81, 47, 20]
[20, 48, 72]
[20, 72, 48]
[48, 20, 72]
[48, 72, 20]
[72, 20, 48]
[72, 48, 20]
[23, 50, 72]
[23, 72, 50]
[50, 23, 72]
[50, 72, 23]
[72, 23, 50]
[72, 50, 23]
[27, 54, 73]
[27, 73, 54]
[54, 27, 73]
[54, 73, 27]
[73, 27, 54]
[73, 54, 27]
[29, 55, 71]
[29, 71, 55]
[55, 29, 71]
[55, 71, 29]
[71, 29, 55]
[71, 55, 29]
[29, 60, 70]
[29, 70, 60]
[60, 29, 70]
[60, 70, 29]
[70, 29, 60]
[70, 60, 29]
[30, 48, 68]
[30, 68, 48]
[48, 30, 68]
[48, 68, 30]
[68, 30, 48]
[68, 48, 30]
[31, 68, 75]
[31, 75, 68]
[68, 31, 75]
[68, 75, 31]
[75, 31, 68]
[75, 68, 31]
[32, 72, 74]
[32, 74, 72]
[72, 32, 74]
[72, 74, 32]
[74, 32, 72]
[74, 72, 32]
[35, 44, 78]
[35, 78, 44]
[44, 35, 78]
[44, 78, 35]
[78, 35, 44]
[78, 44, 35]
[35, 63, 75]
[35, 75, 63]
[63, 35, 75]
[63, 75, 35]
[75, 35, 63]
[75, 63, 35]
[36, 65, 72]
[36, 72, 65]
[65, 36, 72]
[65, 72, 36]
[72, 36, 65]
[72, 65, 36]
[40, 66, 74]
[40, 74, 66]
[66, 40, 74]
[66, 74, 40]
[74, 40, 66]
[74, 66, 40]
[41, 47, 78]
[41, 78, 47]
[47, 41, 78]
[47, 78, 41]
[78, 41, 47]
[78, 47, 41]
[47, 62, 69]
[47, 69, 62]
[62, 47, 69]
[62, 69, 47]
[69, 47, 62]
[69, 62, 47]
[49, 51, 70]
[49, 70, 51]
[51, 49, 70]
[51, 70, 49]
[70, 49, 51]
[70, 51, 49]
[53, 61, 68]
[53, 68, 61]
[61, 53, 68]
[61, 68, 53]
[68, 53, 61]
[68, 61, 53]
[60, 62, 68]
[60, 68, 62]
[62, 60, 68]
[62, 68, 60]
[68, 60, 62]
[68, 62, 60]
[65, 65, 65]
[0, 55, 89]
[0, 89, 55]
[55, 0, 89]
[55, 89, 0]
[89, 0, 55]
[89, 55, 0]
[1, 53, 88]
[1, 88, 53]
[53, 1, 88]
[53, 88, 1]
[88, 1, 53]
[88, 53, 1]
[2, 53, 87]
[2, 87, 53]
[53, 2, 87]
[53, 87, 2]
[87, 2, 53]
[87, 53, 2]
[2, 54, 85]
[2, 85, 54]
[54, 2, 85]
[54, 85, 2]
[85, 2, 54]
[85, 54, 2]
[4, 51, 88]
[4, 88, 51]
[51, 4, 88]
[51, 88, 4]
[88, 4, 51]
[88, 51, 4]
[4, 53, 84]
[4, 84, 53]
[53, 4, 84]
[53, 84, 4]
[84, 4, 53]
[84, 53, 4]
[5, 52, 85]
[5, 85, 52]
[52, 5, 85]
[52, 85, 5]
[85, 5, 52]
[85, 52, 5]
[5, 53, 82]
[5, 82, 53]
[53, 5, 82]
[53, 82, 5]
[82, 5, 53]
[82, 53, 5]
[7, 49, 84]
[7, 84, 49]
[49, 7, 84]
[49, 84, 7]
[84, 7, 49]
[84, 49, 7]
[7, 51, 85]
[7, 85, 51]
[51, 7, 85]
[51, 85, 7]
[85, 7, 51]
[85, 51, 7]
[7, 52, 82]
[7, 82, 52]
[52, 7, 82]
[52, 82, 7]
[82, 7, 52]
[82, 52, 7]
[7, 54, 83]
[7, 83, 54]
[54, 7, 83]
[54, 83, 7]
[83, 7, 54]
[83, 54, 7]
[9, 48, 82]
[9, 82, 48]
[48, 9, 82]
[48, 82, 9]
[82, 9, 48]
[82, 48, 9]
[9, 51, 80]
[9, 80, 51]
[51, 9, 80]
[51, 80, 9]
[80, 9, 51]
[80, 51, 9]
[10, 46, 82]
[10, 82, 46]
[46, 10, 82]
[46, 82, 10]
[82, 10, 46]
[82, 46, 10]
[11, 49, 85]
[11, 85, 49]
[49, 11, 85]
[49, 85, 11]
[85, 11, 49]
[85, 49, 11]
[11, 57, 81]
[11, 81, 57]
[57, 11, 81]
[57, 81, 11]
[81, 11, 57]
[81, 57, 11]
[12, 51, 78]
[12, 78, 51]
[51, 12, 78]
[51, 78, 12]
[78, 12, 51]
[78, 51, 12]
[13, 52, 79]
[13, 79, 52]
[52, 13, 79]
[52, 79, 13]
[79, 13, 52]
[79, 52, 13]
[13, 53, 81]
[13, 81, 53]
[53, 13, 81]
[53, 81, 13]
[81, 13, 53]
[81, 53, 13]
[14, 48, 81]
[14, 81, 48]
[48, 14, 81]
[48, 81, 14]
[81, 14, 48]
[81, 48, 14]
[15, 50, 79]
[15, 79, 50]
[50, 15, 79]
[50, 79, 15]
[79, 15, 50]
[79, 50, 15]
[15, 52, 77]
[15, 77, 52]
[52, 15, 77]
[52, 77, 15]
[77, 15, 52]
[77, 52, 15]
[16, 50, 78]
[16, 78, 50]
[50, 16, 78]
[50, 78, 16]
[78, 16, 50]
[78, 50, 16]
[17, 52, 76]
[17, 76, 52]
[52, 17, 76]
[52, 76, 17]
[76, 17, 52]
[76, 52, 17]
[19, 51, 79]
[19, 79, 51]
[51, 19, 79]
[51, 79, 19]
[79, 19, 51]
[79, 51, 19]
[20, 51, 76]
[20, 76, 51]
[51, 20, 76]
[51, 76, 20]
[76, 20, 51]
[76, 51, 20]
[20, 52, 74]
[20, 74, 52]
[52, 20, 74]
[52, 74, 20]
[74, 20, 52]
[74, 52, 20]
[23, 49, 76]
[23, 76, 49]
[49, 23, 76]
[49, 76, 23]
[76, 23, 49]
[76, 49, 23]
[25, 58, 77]
[25, 77, 58]
[58, 25, 77]
[58, 77, 25]
[77, 25, 58]
[77, 58, 25]
[26, 53, 74]
[26, 74, 53]
[53, 26, 74]
[53, 74, 26]
[74, 26, 53]
[74, 53, 26]
[26, 61, 72]
[26, 72, 61]
[61, 26, 72]
[61, 72, 26]
[72, 26, 61]
[72, 61, 26]
[28, 58, 76]
[28, 76, 58]
[58, 28, 76]
[58, 76, 28]
[76, 28, 58]
[76, 58, 28]
[30, 45, 77]
[30, 77, 45]
[45, 30, 77]
[45, 77, 30]
[77, 30, 45]
[77, 45, 30]
[30, 66, 75]
[30, 75, 66]
[66, 30, 75]
[66, 75, 30]
[75, 30, 66]
[75, 66, 30]
[32, 46, 81]
[32, 81, 46]
[46, 32, 81]
[46, 81, 32]
[81, 32, 46]
[81, 46, 32]
[32, 73, 79]
[32, 79, 73]
[73, 32, 79]
[73, 79, 32]
[79, 32, 73]
[79, 73, 32]
[33, 69, 76]
[33, 76, 69]
[69, 33, 76]
[69, 76, 33]
[76, 33, 69]
[76, 69, 33]
[36, 44, 81]
[36, 81, 44]
[44, 36, 81]
[44, 81, 36]
[81, 36, 44]
[81, 44, 36]
[38, 55, 74]
[38, 74, 55]
[55, 38, 74]
[55, 74, 38]
[74, 38, 55]
[74, 55, 38]
[44, 45, 79]
[44, 79, 45]
[45, 44, 79]
[45, 79, 44]
[79, 44, 45]
[79, 45, 44]
[49, 62, 72]
[49, 72, 62]
[62, 49, 72]
[62, 72, 49]
[72, 49, 62]
[72, 62, 49]
[50, 56, 80]
[50, 80, 56]
[56, 50, 80]
[56, 80, 50]
[80, 50, 56]
[80, 56, 50]
[50, 62, 70]
[50, 70, 62]
[62, 50, 70]
[62, 70, 50]
[70, 50, 62]
[70, 62, 50]
[51, 60, 72]
[51, 72, 60]
[60, 51, 72]
[60, 72, 51]
[72, 51, 60]
[72, 60, 51]
[53, 72, 73]
[53, 73, 72]
[72, 53, 73]
[72, 73, 53]
[73, 53, 72]
[73, 72, 53]
[54, 55, 69]
[54, 69, 55]
[55, 54, 69]
[55, 69, 54]
[69, 54, 55]
[69, 55, 54]
[58, 61, 75]
[58, 75, 61]
[61, 58, 75]
[61, 75, 58]
[75, 58, 61]
[75, 61, 58]
[59, 63, 68]
[59, 68, 63]
[63, 59, 68]
[63, 68, 59]
[68, 59, 63]
[68, 63, 59]
[60, 64, 71]
[60, 71, 64]
[64, 60, 71]
[64, 71, 60]
[71, 60, 64]
[71, 64, 60]
[65, 67, 71]
[65, 71, 67]
[67, 65, 71]
[67, 71, 65]
[71, 65, 67]
[71, 67, 65]
[67, 67, 67]
[0, 56, 91]
[0, 91, 56]
[56, 0, 91]
[56, 91, 0]
[91, 0, 56]
[91, 56, 0]
[3, 54, 88]
[3, 88, 54]
[54, 3, 88]
[54, 88, 3]
[88, 3, 54]
[88, 54, 3]
[6, 53, 89]
[6, 89, 53]
[53, 6, 89]
[53, 89, 6]
[89, 6, 53]
[89, 53, 6]
[6, 56, 84]
[6, 84, 56]
[56, 6, 84]
[56, 84, 6]
[84, 6, 56]
[84, 56, 6]
[7, 56, 88]
[7, 88, 56]
[56, 7, 88]
[56, 88, 7]
[88, 7, 56]
[88, 56, 7]
[8, 51, 87]
[8, 87, 51]
[51, 8, 87]
[51, 87, 8]
[87, 8, 51]
[87, 51, 8]
[8, 55, 84]
[8, 84, 55]
[55, 8, 84]
[55, 84, 8]
[84, 8, 55]
[84, 55, 8]
[9, 52, 83]
[9, 83, 52]
[52, 9, 83]
[52, 83, 9]
[83, 9, 52]
[83, 52, 9]
[10, 50, 84]
[10, 84, 50]
[50, 10, 84]
[50, 84, 10]
[84, 10, 50]
[84, 50, 10]
[11, 54, 82]
[11, 82, 54]
[54, 11, 82]
[54, 82, 11]
[82, 11, 54]
[82, 54, 11]
[12, 53, 85]
[12, 85, 53]
[53, 12, 85]
[53, 85, 12]
[85, 12, 53]
[85, 53, 12]
[12, 54, 79]
[12, 79, 54]
[54, 12, 79]
[54, 79, 12]
[79, 12, 54]
[79, 54, 12]
[14, 49, 87]
[14, 87, 49]
[49, 14, 87]
[49, 87, 14]
[87, 14, 49]
[87, 49, 14]
[14, 51, 86]
[14, 86, 51]
[51, 14, 86]
[51, 86, 14]
[86, 14, 51]
[86, 51, 14]
[14, 53, 80]
[14, 80, 53]
[53, 14, 80]
[53, 80, 14]
[80, 14, 53]
[80, 53, 14]
[15, 49, 83]
[15, 83, 49]
[49, 15, 83]
[49, 83, 15]
[83, 15, 49]
[83, 49, 15]
[17, 48, 85]
[17, 85, 48]
[48, 17, 85]
[48, 85, 17]
[85, 17, 48]
[85, 48, 17]
[18, 54, 77]
[18, 77, 54]
[54, 18, 77]
[54, 77, 18]
[77, 18, 54]
[77, 54, 18]
[19, 48, 83]
[19, 83, 48]
[48, 19, 83]
[48, 83, 19]
[83, 19, 48]
[83, 48, 19]
[21, 56, 77]
[21, 77, 56]
[56, 21, 77]
[56, 77, 21]
[77, 21, 56]
[77, 56, 21]
[22, 53, 77]
[22, 77, 53]
[53, 22, 77]
[53, 77, 22]
[77, 22, 53]
[77, 53, 22]
[23, 51, 84]
[23, 84, 51]
[51, 23, 84]
[51, 84, 23]
[84, 23, 51]
[84, 51, 23]
[24, 56, 75]
[24, 75, 56]
[56, 24, 75]
[56, 75, 24]
[75, 24, 56]
[75, 56, 24]
[27, 55, 76]
[27, 76, 55]
[55, 27, 76]
[55, 76, 27]
[76, 27, 55]
[76, 55, 27]
[30, 59, 81]
[30, 81, 59]
[59, 30, 81]
[59, 81, 30]
[81, 30, 59]
[81, 59, 30]
[35, 58, 82]
[35, 82, 58]
[58, 35, 82]
[58, 82, 35]
[82, 35, 58]
[82, 58, 35]
[39, 54, 76]
[39, 76, 54]
[54, 39, 76]
[54, 76, 39]
[76, 39, 54]
[76, 54, 39]
[40, 45, 80]
[40, 80, 45]
[45, 40, 80]
[45, 80, 40]
[80, 40, 45]
[80, 45, 40]
[44, 47, 82]
[44, 82, 47]
[47, 44, 82]
[47, 82, 44]
[82, 44, 47]
[82, 47, 44]
[46, 64, 77]
[46, 77, 64]
[64, 46, 77]
[64, 77, 46]
[77, 46, 64]
[77, 64, 46]
[51, 62, 77]
[51, 77, 62]
[62, 51, 77]
[62, 77, 51]
[77, 51, 62]
[77, 62, 51]
[53, 54, 78]
[53, 78, 54]
[54, 53, 78]
[54, 78, 53]
[78, 53, 54]
[78, 54, 53]
[54, 61, 70]
[54, 70, 61]
[61, 54, 70]
[61, 70, 54]
[70, 54, 61]
[70, 61, 54]
[54, 64, 74]
[54, 74, 64]
[64, 54, 74]
[64, 74, 54]
[74, 54, 64]
[74, 64, 54]
[54, 66, 71]
[54, 71, 66]
[66, 54, 71]
[66, 71, 54]
[71, 54, 66]
[71, 66, 54]
[55, 59, 70]
[55, 70, 59]
[59, 55, 70]
[59, 70, 55]
[70, 55, 59]
[70, 59, 55]
[55, 65, 73]
[55, 73, 65]
[65, 55, 73]
[65, 73, 55]
[73, 55, 65]
[73, 65, 55]
[56, 57, 72]
[56, 72, 57]
[57, 56, 72]
[57, 72, 56]
[72, 56, 57]
[72, 57, 56]
[56, 63, 69]
[56, 69, 63]
[63, 56, 69]
[63, 69, 56]
[69, 56, 63]
[69, 63, 56]
[57, 58, 73]
[57, 73, 58]
[58, 57, 73]
[58, 73, 57]
[73, 57, 58]
[73, 58, 57]
[60, 66, 69]
[60, 69, 66]
[66, 60, 69]
[66, 69, 60]
[69, 60, 66]
[69, 66, 60]
[68, 68, 68]
[0, 58, 94]
[0, 94, 58]
[58, 0, 94]
[58, 94, 0]
[94, 0, 58]
[94, 58, 0]
[1, 57, 93]
[1, 93, 57]
[57, 1, 93]
[57, 93, 1]
[93, 1, 57]
[93, 57, 1]
[1, 58, 92]
[1, 92, 58]
[58, 1, 92]
[58, 92, 1]
[92, 1, 58]
[92, 58, 1]
[2, 57, 92]
[2, 92, 57]
[57, 2, 92]
[57, 92, 2]
[92, 2, 57]
[92, 57, 2]
[3, 55, 90]
[3, 90, 55]
[55, 3, 90]
[55, 90, 3]
[90, 3, 55]
[90, 55, 3]
[4, 54, 90]
[4, 90, 54]
[54, 4, 90]
[54, 90, 4]
[90, 4, 54]
[90, 54, 4]
[5, 54, 89]
[5, 89, 54]
[54, 5, 89]
[54, 89, 5]
[89, 5, 54]
[89, 54, 5]
[8, 52, 89]
[8, 89, 52]
[52, 8, 89]
[52, 89, 8]
[89, 8, 52]
[89, 52, 8]
[8, 58, 88]
[8, 88, 58]
[58, 8, 88]
[58, 88, 8]
[88, 8, 58]
[88, 58, 8]
[9, 54, 84]
[9, 84, 54]
[54, 9, 84]
[54, 84, 9]
[84, 9, 54]
[84, 54, 9]
[10, 56, 89]
[10, 89, 56]
[56, 10, 89]
[56, 89, 10]
[89, 10, 56]
[89, 56, 10]
[11, 51, 91]
[11, 91, 51]
[51, 11, 91]
[51, 91, 11]
[91, 11, 51]
[91, 51, 11]
[11, 55, 86]
[11, 86, 55]
[55, 11, 86]
[55, 86, 11]
[86, 11, 55]
[86, 55, 11]
[12, 50, 87]
[12, 87, 50]
[50, 12, 87]
[50, 87, 12]
[87, 12, 50]
[87, 50, 12]
[13, 50, 85]
[13, 85, 50]
[50, 13, 85]
[50, 85, 13]
[85, 13, 50]
[85, 50, 13]
[15, 54, 81]
[15, 81, 54]
[54, 15, 81]
[54, 81, 15]
[81, 15, 54]
[81, 54, 15]
[16, 49, 86]
[16, 86, 49]
[49, 16, 86]
[49, 86, 16]
[86, 16, 49]
[86, 49, 16]
[16, 53, 83]
[16, 83, 53]
[53, 16, 83]
[53, 83, 16]
[83, 16, 53]
[83, 53, 16]
[16, 56, 85]
[16, 85, 56]
[56, 16, 85]
[56, 85, 16]
[85, 16, 56]
[85, 56, 16]
[17, 49, 88]
[17, 88, 49]
[49, 17, 88]
[49, 88, 17]
[88, 17, 49]
[88, 49, 17]
[18, 56, 81]
[18, 81, 56]
[56, 18, 81]
[56, 81, 18]
[81, 18, 56]
[81, 56, 18]
[19, 56, 78]
[19, 78, 56]
[56, 19, 78]
[56, 78, 19]
[78, 19, 56]
[78, 56, 19]
[20, 55, 83]
[20, 83, 55]
[55, 20, 83]
[55, 83, 20]
[83, 20, 55]
[83, 55, 20]
[21, 48, 84]
[21, 84, 48]
[48, 21, 84]
[48, 84, 21]
[84, 21, 48]
[84, 48, 21]
[22, 59, 79]
[22, 79, 59]
[59, 22, 79]
[59, 79, 22]
[79, 22, 59]
[79, 59, 22]
[24, 60, 78]
[24, 78, 60]
[60, 24, 78]
[60, 78, 24]
[78, 24, 60]
[78, 60, 24]
[25, 57, 82]
[25, 82, 57]
[57, 25, 82]
[57, 82, 25]
[82, 25, 57]
[82, 57, 25]
[25, 63, 79]
[25, 79, 63]
[63, 25, 79]
[63, 79, 25]
[79, 25, 63]
[79, 63, 25]
[28, 57, 78]
[28, 78, 57]
[57, 28, 78]
[57, 78, 28]
[78, 28, 57]
[78, 57, 28]
[31, 59, 77]
[31, 77, 59]
[59, 31, 77]
[59, 77, 31]
[77, 31, 59]
[77, 59, 31]
[32, 59, 82]
[32, 82, 59]
[59, 32, 82]
[59, 82, 32]
[82, 32, 59]
[82, 59, 32]
[38, 73, 78]
[38, 78, 73]
[73, 38, 78]
[73, 78, 38]
[78, 38, 73]
[78, 73, 38]
[39, 77, 83]
[39, 83, 77]
[77, 39, 83]
[77, 83, 39]
[83, 39, 77]
[83, 77, 39]
[41, 73, 77]
[41, 77, 73]
[73, 41, 77]
[73, 77, 41]
[77, 41, 73]
[77, 73, 41]
[42, 51, 90]
[42, 90, 51]
[51, 42, 90]
[51, 90, 42]
[90, 42, 51]
[90, 51, 42]
[43, 76, 80]
[43, 80, 76]
[76, 43, 80]
[76, 80, 43]
[80, 43, 76]
[80, 76, 43]
[55, 62, 79]
[55, 79, 62]
[62, 55, 79]
[62, 79, 55]
[79, 55, 62]
[79, 62, 55]
[55, 66, 78]
[55, 78, 66]
[66, 55, 78]
[66, 78, 55]
[78, 55, 66]
[78, 66, 55]
[56, 64, 73]
[56, 73, 64]
[64, 56, 73]
[64, 73, 56]
[73, 56, 64]
[73, 64, 56]
[57, 62, 74]
[57, 74, 62]
[62, 57, 74]
[62, 74, 57]
[74, 57, 62]
[74, 62, 57]
[57, 69, 77]
[57, 77, 69]
[69, 57, 77]
[69, 77, 57]
[77, 57, 69]
[77, 69, 57]
[58, 68, 71]
[58, 71, 68]
[68, 58, 71]
[68, 71, 58]
[71, 58, 68]
[71, 68, 58]
[59, 71, 72]
[59, 72, 71]
[71, 59, 72]
[71, 72, 59]
[72, 59, 71]
[72, 71, 59]
[64, 69, 72]
[64, 72, 69]
[69, 64, 72]
[69, 72, 64]
[72, 64, 69]
[72, 69, 64]
[69, 69, 69]
[0, 59, 96]
[0, 96, 59]
[59, 0, 96]
[59, 96, 0]
[96, 0, 59]
[96, 59, 0]
[2, 58, 95]
[2, 95, 58]
[58, 2, 95]
[58, 95, 2]
[95, 2, 58]
[95, 58, 2]
[3, 57, 94]
[3, 94, 57]
[57, 3, 94]
[57, 94, 3]
[94, 3, 57]
[94, 57, 3]
[3, 58, 91]
[3, 91, 58]
[58, 3, 91]
[58, 91, 3]
[91, 3, 58]
[91, 58, 3]
[4, 56, 94]
[4, 94, 56]
[56, 4, 94]
[56, 94, 4]
[94, 4, 56]
[94, 56, 4]
[4, 58, 93]
[4, 93, 58]
[58, 4, 93]
[58, 93, 4]
[93, 4, 58]
[93, 58, 4]
[5, 55, 91]
[5, 91, 55]
[55, 5, 91]
[55, 91, 5]
[91, 5, 55]
[91, 55, 5]
[6, 54, 93]
[6, 93, 54]
[54, 6, 93]
[54, 93, 6]
[93, 6, 54]
[93, 54, 6]
[8, 56, 90]
[8, 90, 56]
[56, 8, 90]
[56, 90, 8]
[90, 8, 56]
[90, 56, 8]
[8, 60, 92]
[8, 92, 60]
[60, 8, 92]
[60, 92, 8]
[92, 8, 60]
[92, 60, 8]
[9, 53, 90]
[9, 90, 53]
[53, 9, 90]
[53, 90, 9]
[90, 9, 53]
[90, 53, 9]
[9, 55, 88]
[9, 88, 55]
[55, 9, 88]
[55, 88, 9]
[88, 9, 55]
[88, 55, 9]
[11, 58, 90]
[11, 90, 58]
[58, 11, 90]
[58, 90, 11]
[90, 11, 58]
[90, 58, 11]
[11, 59, 89]
[11, 89, 59]
[59, 11, 89]
[59, 89, 11]
[89, 11, 59]
[89, 59, 11]
[12, 57, 90]
[12, 90, 57]
[57, 12, 90]
[57, 90, 12]
[90, 12, 57]
[90, 57, 12]
[13, 55, 87]
[13, 87, 55]
[55, 13, 87]
[55, 87, 13]
[87, 13, 55]
[87, 55, 13]
[13, 58, 89]
[13, 89, 58]
[58, 13, 89]
[58, 89, 13]
[89, 13, 58]
[89, 58, 13]
[14, 52, 93]
[14, 93, 52]
[52, 14, 93]
[52, 93, 14]
[93, 14, 52]
[93, 52, 14]
[15, 56, 86]
[15, 86, 56]
[56, 15, 86]
[56, 86, 15]
[86, 15, 56]
[86, 56, 15]
[16, 52, 87]
[16, 87, 52]
[52, 16, 87]
[52, 87, 16]
[87, 16, 52]
[87, 52, 16]
[17, 55, 82]
[17, 82, 55]
[55, 17, 82]
[55, 82, 17]
[82, 17, 55]
[82, 55, 17]
[18, 51, 92]
[18, 92, 51]
[51, 18, 92]
[51, 92, 18]
[92, 18, 51]
[92, 51, 18]
[19, 57, 84]
[19, 84, 57]
[57, 19, 84]
[57, 84, 19]
[84, 19, 57]
[84, 57, 19]
[20, 49, 99]
[20, 99, 49]
[49, 20, 99]
[49, 99, 20]
[99, 20, 49]
[99, 49, 20]
[20, 50, 89]
[20, 89, 50]
[50, 20, 89]
[50, 89, 20]
[89, 20, 50]
[89, 50, 20]
[20, 54, 92]
[20, 92, 54]
[54, 20, 92]
[54, 92, 20]
[92, 20, 54]
[92, 54, 20]
[21, 54, 91]
[21, 91, 54]
[54, 21, 91]
[54, 91, 21]
[91, 21, 54]
[91, 54, 21]
[23, 52, 86]
[23, 86, 52]
[52, 23, 86]
[52, 86, 23]
[86, 23, 52]
[86, 52, 23]
[23, 55, 85]
[23, 85, 55]
[55, 23, 85]
[55, 85, 23]
[85, 23, 55]
[85, 55, 23]
[24, 61, 81]
[24, 81, 61]
[61, 24, 81]
[61, 81, 24]
[81, 24, 61]
[81, 61, 24]
[25, 65, 83]
[25, 83, 65]
[65, 25, 83]
[65, 83, 25]
[83, 25, 65]
[83, 65, 25]
[28, 62, 86]
[28, 86, 62]
[62, 28, 86]
[62, 86, 28]
[86, 28, 62]
[86, 62, 28]
[28, 64, 83]
[28, 83, 64]
[64, 28, 83]
[64, 83, 28]
[83, 28, 64]
[83, 64, 28]
[29, 57, 80]
[29, 80, 57]
[57, 29, 80]
[57, 80, 29]
[80, 29, 57]
[80, 57, 29]
[29, 58, 79]
[29, 79, 58]
[58, 29, 79]
[58, 79, 29]
[79, 29, 58]
[79, 58, 29]
[30, 61, 79]
[30, 79, 61]
[61, 30, 79]
[61, 79, 30]
[79, 30, 61]
[79, 61, 30]
[31, 61, 82]
[31, 82, 61]
[61, 31, 82]
[61, 82, 31]
[82, 31, 61]
[82, 61, 31]
[31, 69, 80]
[31, 80, 69]
[69, 31, 80]
[69, 80, 31]
[80, 31, 69]
[80, 69, 31]
[33, 61, 78]
[33, 78, 61]
[61, 33, 78]
[61, 78, 33]
[78, 33, 61]
[78, 61, 33]
[34, 49, 90]
[34, 90, 49]
[49, 34, 90]
[49, 90, 34]
[90, 34, 49]
[90, 49, 34]
[34, 64, 78]
[34, 78, 64]
[64, 34, 78]
[64, 78, 34]
[78, 34, 64]
[78, 64, 34]
[37, 49, 89]
[37, 89, 49]
[49, 37, 89]
[49, 89, 37]
[89, 37, 49]
[89, 49, 37]
[37, 78, 82]
[37, 82, 78]
[78, 37, 82]
[78, 82, 37]
[82, 37, 78]
[82, 78, 37]
[40, 48, 86]
[40, 86, 48]
[48, 40, 86]
[48, 86, 40]
[86, 40, 48]
[86, 48, 40]
[41, 50, 88]
[41, 88, 50]
[50, 41, 88]
[50, 88, 41]
[88, 41, 50]
[88, 50, 41]
[41, 58, 86]
[41, 86, 58]
[58, 41, 86]
[58, 86, 41]
[86, 41, 58]
[86, 58, 41]
[41, 60, 84]
[41, 84, 60]
[60, 41, 84]
[60, 84, 41]
[84, 41, 60]
[84, 60, 41]
[41, 76, 82]
[41, 82, 76]
[76, 41, 82]
[76, 82, 41]
[82, 41, 76]
[82, 76, 41]
[42, 59, 83]
[42, 83, 59]
[59, 42, 83]
[59, 83, 42]
[83, 42, 59]
[83, 59, 42]
[43, 56, 83]
[43, 83, 56]
[56, 43, 83]
[56, 83, 43]
[83, 43, 56]
[83, 56, 43]
[43, 65, 81]
[43, 81, 65]
[65, 43, 81]
[65, 81, 43]
[81, 43, 65]
[81, 65, 43]
[56, 74, 79]
[56, 79, 74]
[74, 56, 79]
[74, 79, 56]
[79, 56, 74]
[79, 74, 56]
[57, 76, 79]
[57, 79, 76]
[76, 57, 79]
[76, 79, 57]
[79, 57, 76]
[79, 76, 57]
[59, 67, 74]
[59, 74, 67]
[67, 59, 74]
[67, 74, 59]
[74, 59, 67]
[74, 67, 59]
[59, 73, 75]
[59, 75, 73]
[73, 59, 75]
[73, 75, 59]
[75, 59, 73]
[75, 73, 59]
[60, 73, 74]
[60, 74, 73]
[73, 60, 74]
[73, 74, 60]
[74, 60, 73]
[74, 73, 60]
[61, 62, 76]
[61, 76, 62]
[62, 61, 76]
[62, 76, 61]
[76, 61, 62]
[76, 62, 61]
[64, 70, 75]
[64, 75, 70]
[70, 64, 75]
[70, 75, 64]
[75, 64, 70]
[75, 70, 64]
[70, 70, 70]
[71, 71, 71]
[0, 61, 99]
[0, 99, 61]
[61, 0, 99]
[61, 99, 0]
[99, 0, 61]
[99, 61, 0]
[1, 59, 98]
[1, 98, 59]
[59, 1, 98]
[59, 98, 1]
[98, 1, 59]
[98, 59, 1]
[1, 60, 97]
[1, 97, 60]
[60, 1, 97]
[60, 97, 1]
[97, 1, 60]
[97, 60, 1]
[2, 60, 96]
[2, 96, 60]
[60, 2, 96]
[60, 96, 2]
[96, 2, 60]
[96, 60, 2]
[3, 61, 92]
[3, 92, 61]
[61, 3, 92]
[61, 92, 3]
[92, 3, 61]
[92, 61, 3]
[5, 58, 97]
[5, 97, 58]
[58, 5, 97]
[58, 97, 5]
[97, 5, 58]
[97, 58, 5]
[6, 59, 94]
[6, 94, 59]
[59, 6, 94]
[59, 94, 6]
[94, 6, 59]
[94, 59, 6]
[8, 57, 95]
[8, 95, 57]
[57, 8, 95]
[57, 95, 8]
[95, 8, 57]
[95, 57, 8]
[11, 56, 95]
[11, 95, 56]
[56, 11, 95]
[56, 95, 11]
[95, 11, 56]
[95, 56, 11]
[12, 55, 93]
[12, 93, 55]
[55, 12, 93]
[55, 93, 12]
[93, 12, 55]
[93, 55, 12]
[12, 56, 92]
[12, 92, 56]
[56, 12, 92]
[56, 92, 12]
[92, 12, 56]
[92, 56, 12]
[13, 59, 92]
[13, 92, 59]
[59, 13, 92]
[59, 92, 13]
[92, 13, 59]
[92, 59, 13]
[14, 54, 94]
[14, 94, 54]
[54, 14, 94]
[54, 94, 14]
[94, 14, 54]
[94, 54, 14]
[14, 59, 91]
[14, 91, 59]
[59, 14, 91]
[59, 91, 14]
[91, 14, 59]
[91, 59, 14]
[15, 53, 91]
[15, 91, 53]
[53, 15, 91]
[53, 91, 15]
[91, 15, 53]
[91, 53, 15]
[15, 55, 92]
[15, 92, 55]
[55, 15, 92]
[55, 92, 15]
[92, 15, 55]
[92, 55, 15]
[15, 57, 89]
[15, 89, 57]
[57, 15, 89]
[57, 89, 15]
[89, 15, 57]
[89, 57, 15]
[17, 59, 90]
[17, 90, 59]
[59, 17, 90]
[59, 90, 17]
[90, 17, 59]
[90, 59, 17]
[19, 58, 87]
[19, 87, 58]
[58, 19, 87]
[58, 87, 19]
[87, 19, 58]
[87, 58, 19]
[20, 57, 88]
[20, 88, 57]
[57, 20, 88]
[57, 88, 20]
[88, 20, 57]
[88, 57, 20]
[20, 59, 85]
[20, 85, 59]
[59, 20, 85]
[59, 85, 20]
[85, 20, 59]
[85, 59, 20]
[22, 57, 85]
[22, 85, 57]
[57, 22, 85]
[57, 85, 22]
[85, 22, 57]
[85, 57, 22]
[26, 56, 87]
[26, 87, 56]
[56, 26, 87]
[56, 87, 26]
[87, 26, 56]
[87, 56, 26]
[26, 69, 88]
[26, 88, 69]
[69, 26, 88]
[69, 88, 26]
[88, 26, 69]
[88, 69, 26]
[27, 60, 82]
[27, 82, 60]
[60, 27, 82]
[60, 82, 27]
[82, 27, 60]
[82, 60, 27]
[31, 63, 86]
[31, 86, 63]
[63, 31, 86]
[63, 86, 31]
[86, 31, 63]
[86, 63, 31]
[32, 62, 84]
[32, 84, 62]
[62, 32, 84]
[62, 84, 32]
[84, 32, 62]
[84, 62, 32]
[33, 63, 83]
[33, 83, 63]
[63, 33, 83]
[63, 83, 33]
[83, 33, 63]
[83, 63, 33]
[33, 75, 81]
[33, 81, 75]
[75, 33, 81]
[75, 81, 33]
[81, 33, 75]
[81, 75, 33]
[34, 65, 82]
[34, 82, 65]
[65, 34, 82]
[65, 82, 34]
[82, 34, 65]
[82, 65, 34]
[34, 69, 84]
[34, 84, 69]
[69, 34, 84]
[69, 84, 34]
[84, 34, 69]
[84, 69, 34]
[34, 73, 83]
[34, 83, 73]
[73, 34, 83]
[73, 83, 34]
[83, 34, 73]
[83, 73, 34]
[35, 72, 80]
[35, 80, 72]
[72, 35, 80]
[72, 80, 35]
[80, 35, 72]
[80, 72, 35]
[40, 70, 79]
[40, 79, 70]
[70, 40, 79]
[70, 79, 40]
[79, 40, 70]
[79, 70, 40]
[41, 52, 91]
[41, 91, 52]
[52, 41, 91]
[52, 91, 41]
[91, 41, 52]
[91, 52, 41]
[42, 52, 88]
[42, 88, 52]
[52, 42, 88]
[52, 88, 42]
[88, 42, 52]
[88, 52, 42]
[43, 49, 91]
[43, 91, 49]
[49, 43, 91]
[49, 91, 43]
[91, 43, 49]
[91, 49, 43]
[43, 54, 87]
[43, 87, 54]
[54, 43, 87]
[54, 87, 43]
[87, 43, 54]
[87, 54, 43]
[43, 62, 85]
[43, 85, 62]
[62, 43, 85]
[62, 85, 43]
[85, 43, 62]
[85, 62, 43]
[45, 48, 87]
[45, 87, 48]
[48, 45, 87]
[48, 87, 45]
[87, 45, 48]
[87, 48, 45]
[45, 58, 85]
[45, 85, 58]
[58, 45, 85]
[58, 85, 45]
[85, 45, 58]
[85, 58, 45]
[46, 58, 83]
[46, 83, 58]
[58, 46, 83]
[58, 83, 46]
[83, 46, 58]
[83, 58, 46]
[47, 61, 84]
[47, 84, 61]
[61, 47, 84]
[61, 84, 47]
[84, 47, 61]
[84, 61, 47]
[48, 50, 90]
[48, 90, 50]
[50, 48, 90]
[50, 90, 48]
[90, 48, 50]
[90, 50, 48]
[58, 64, 81]
[58, 81, 64]
[64, 58, 81]
[64, 81, 58]
[81, 58, 64]
[81, 64, 58]
[58, 74, 80]
[58, 80, 74]
[74, 58, 80]
[74, 80, 58]
[80, 58, 74]
[80, 74, 58]
[59, 69, 78]
[59, 78, 69]
[69, 59, 78]
[69, 78, 59]
[78, 59, 69]
[78, 69, 59]
[61, 67, 77]
[61, 77, 67]
[67, 61, 77]
[67, 77, 61]
[77, 61, 67]
[77, 67, 61]
[62, 63, 81]
[62, 81, 63]
[63, 62, 81]
[63, 81, 62]
[81, 62, 63]
[81, 63, 62]
[62, 65, 78]
[62, 78, 65]
[65, 62, 78]
[65, 78, 62]
[78, 62, 65]
[78, 65, 62]
[63, 65, 76]
[63, 76, 65]
[65, 63, 76]
[65, 76, 63]
[76, 63, 65]
[76, 65, 63]
[64, 68, 80]
[64, 80, 68]
[68, 64, 80]
[68, 80, 64]
[80, 64, 68]
[80, 68, 64]
[65, 69, 74]
[65, 74, 69]
[69, 65, 74]
[69, 74, 65]
[74, 65, 69]
[74, 69, 65]
[72, 72, 72]
[73, 73, 73]
[74, 74, 74]
[2, 61, 100]
[2, 100, 61]
[61, 2, 100]
[61, 100, 2]
[100, 2, 61]
[100, 61, 2]
[3, 60, 98]
[3, 98, 60]
[60, 3, 98]
[60, 98, 3]
[98, 3, 60]
[98, 60, 3]
[4, 64, 98]
[4, 98, 64]
[64, 4, 98]
[64, 98, 4]
[98, 4, 64]
[98, 64, 4]
[5, 61, 98]
[5, 98, 61]
[61, 5, 98]
[61, 98, 5]
[98, 5, 61]
[98, 61, 5]
[5, 62, 96]
[5, 96, 62]
[62, 5, 96]
[62, 96, 5]
[96, 5, 62]
[96, 62, 5]
[7, 59, 97]
[7, 97, 59]
[59, 7, 97]
[59, 97, 7]
[97, 7, 59]
[97, 59, 7]
[9, 58, 96]
[9, 96, 58]
[58, 9, 96]
[58, 96, 9]
[96, 9, 58]
[96, 58, 9]
[10, 57, 96]
[10, 96, 57]
[57, 10, 96]
[57, 96, 10]
[96, 10, 57]
[96, 57, 10]
[11, 60, 94]
[11, 94, 60]
[60, 11, 94]
[60, 94, 11]
[94, 11, 60]
[94, 60, 11]
[12, 58, 98]
[12, 98, 58]
[58, 12, 98]
[58, 98, 12]
[98, 12, 58]
[98, 58, 12]
[13, 56, 96]
[13, 96, 56]
[56, 13, 96]
[56, 96, 13]
[96, 13, 56]
[96, 56, 13]
[14, 64, 95]
[14, 95, 64]
[64, 14, 95]
[64, 95, 14]
[95, 14, 64]
[95, 64, 14]
[15, 59, 95]
[15, 95, 59]
[59, 15, 95]
[59, 95, 15]
[95, 15, 59]
[95, 59, 15]
[15, 61, 94]
[15, 94, 61]
[61, 15, 94]
[61, 94, 15]
[94, 15, 61]
[94, 61, 15]
[16, 54, 95]
[16, 95, 54]
[54, 16, 95]
[54, 95, 16]
[95, 16, 54]
[95, 54, 16]
[16, 57, 91]
[16, 91, 57]
[57, 16, 91]
[57, 91, 16]
[91, 16, 57]
[91, 57, 16]
[16, 60, 93]
[16, 93, 60]
[60, 16, 93]
[60, 93, 16]
[93, 16, 60]
[93, 60, 16]
[17, 53, 95]
[17, 95, 53]
[53, 17, 95]
[53, 95, 17]
[95, 17, 53]
[95, 53, 17]
[17, 61, 91]
[17, 91, 61]
[61, 17, 91]
[61, 91, 17]
[91, 17, 61]
[91, 61, 17]
[18, 55, 98]
[18, 98, 55]
[55, 18, 98]
[55, 98, 18]
[98, 18, 55]
[98, 55, 18]
[19, 53, 93]
[19, 93, 53]
[53, 19, 93]
[53, 93, 19]
[93, 19, 53]
[93, 53, 19]
[19, 60, 90]
[19, 90, 60]
[60, 19, 90]
[60, 90, 19]
[90, 19, 60]
[90, 60, 19]
[20, 56, 93]
[20, 93, 56]
[56, 20, 93]
[56, 93, 20]
[93, 20, 56]
[93, 56, 20]
[21, 60, 86]
[21, 86, 60]
[60, 21, 86]
[60, 86, 21]
[86, 21, 60]
[86, 60, 21]
[22, 55, 94]
[22, 94, 55]
[55, 22, 94]
[55, 94, 22]
[94, 22, 55]
[94, 55, 22]
[22, 61, 88]
[22, 88, 61]
[61, 22, 88]
[61, 88, 22]
[88, 22, 61]
[88, 61, 22]
[23, 54, 96]
[23, 96, 54]
[54, 23, 96]
[54, 96, 23]
[96, 23, 54]
[96, 54, 23]
[23, 63, 88]
[23, 88, 63]
[63, 23, 88]
[63, 88, 23]
[88, 23, 63]
[88, 63, 23]
[24, 59, 88]
[24, 88, 59]
[59, 24, 88]
[59, 88, 24]
[88, 24, 59]
[88, 59, 24]
[27, 64, 92]
[27, 92, 64]
[64, 27, 92]
[64, 92, 27]
[92, 27, 64]
[92, 64, 27]
[28, 63, 92]
[28, 92, 63]
[63, 28, 92]
[63, 92, 28]
[92, 28, 63]
[92, 63, 28]
[30, 65, 89]
[30, 89, 65]
[65, 30, 89]
[65, 89, 30]
[89, 30, 65]
[89, 65, 30]
[31, 64, 89]
[31, 89, 64]
[64, 31, 89]
[64, 89, 31]
[89, 31, 64]
[89, 64, 31]
[32, 61, 87]
[32, 87, 61]
[61, 32, 87]
[61, 87, 32]
[87, 32, 61]
[87, 61, 32]
[33, 66, 85]
[33, 85, 66]
[66, 33, 85]
[66, 85, 33]
[85, 33, 66]
[85, 66, 33]
[34, 77, 85]
[34, 85, 77]
[77, 34, 85]
[77, 85, 34]
[85, 34, 77]
[85, 77, 34]
[36, 78, 86]
[36, 86, 78]
[78, 36, 86]
[78, 86, 36]
[86, 36, 78]
[86, 78, 36]
[38, 71, 84]
[38, 84, 71]
[71, 38, 84]
[71, 84, 38]
[84, 38, 71]
[84, 71, 38]
[38, 72, 82]
[38, 82, 72]
[72, 38, 82]
[72, 82, 38]
[82, 38, 72]
[82, 72, 38]
[39, 79, 86]
[39, 86, 79]
[79, 39, 86]
[79, 86, 39]
[86, 39, 79]
[86, 79, 39]
[41, 55, 96]
[41, 96, 55]
[55, 41, 96]
[55, 96, 41]
[96, 41, 55]
[96, 55, 41]
[43, 50, 93]
[43, 93, 50]
[50, 43, 93]
[50, 93, 43]
[93, 43, 50]
[93, 50, 43]
[44, 64, 87]
[44, 87, 64]
[64, 44, 87]
[64, 87, 44]
[87, 44, 64]
[87, 64, 44]
[46, 49, 92]
[46, 92, 49]
[49, 46, 92]
[49, 92, 46]
[92, 46, 49]
[92, 49, 46]
[46, 59, 86]
[46, 86, 59]
[59, 46, 86]
[59, 86, 46]
[86, 46, 59]
[86, 59, 46]
[60, 75, 83]
[60, 83, 75]
[75, 60, 83]
[75, 83, 60]
[83, 60, 75]
[83, 75, 60]
[61, 73, 85]
[61, 85, 73]
[73, 61, 85]
[73, 85, 61]
[85, 61, 73]
[85, 73, 61]
[61, 80, 83]
[61, 83, 80]
[80, 61, 83]
[80, 83, 61]
[83, 61, 80]
[83, 80, 61]
[62, 67, 83]
[62, 83, 67]
[67, 62, 83]
[67, 83, 62]
[83, 62, 67]
[83, 67, 62]
[63, 64, 82]
[63, 82, 64]
[64, 63, 82]
[64, 82, 63]
[82, 63, 64]
[82, 64, 63]
[63, 70, 78]
[63, 78, 70]
[70, 63, 78]
[70, 78, 63]
[78, 63, 70]
[78, 70, 63]
[63, 71, 77]
[63, 77, 71]
[71, 63, 77]
[71, 77, 63]
[77, 63, 71]
[77, 71, 63]
[65, 68, 77]
[65, 77, 68]
[68, 65, 77]
[68, 77, 65]
[77, 65, 68]
[77, 68, 65]
[66, 68, 87]
[66, 87, 68]
[68, 66, 87]
[68, 87, 66]
[87, 66, 68]
[87, 68, 66]
[66, 73, 81]
[66, 81, 73]
[73, 66, 81]
[73, 81, 66]
[81, 66, 73]
[81, 73, 66]
[67, 68, 86]
[67, 86, 68]
[68, 67, 86]
[68, 86, 67]
[86, 67, 68]
[86, 68, 67]
[67, 70, 81]
[67, 81, 70]
[70, 67, 81]
[70, 81, 67]
[81, 67, 70]
[81, 70, 67]
[68, 72, 78]
[68, 78, 72]
[72, 68, 78]
[72, 78, 68]
[78, 68, 72]
[78, 72, 68]
[70, 72, 77]
[70, 77, 72]
[72, 70, 77]
[72, 77, 70]
[77, 70, 72]
[77, 72, 70]
[70, 73, 76]
[70, 76, 73]
[73, 70, 76]
[73, 76, 70]
[76, 70, 73]
[76, 73, 70]
[71, 75, 76]
[71, 76, 75]
[75, 71, 76]
[75, 76, 71]
[76, 71, 75]
[76, 75, 71]
[75, 75, 75]
[6, 62, 99]
[6, 99, 62]
[62, 6, 99]
[62, 99, 6]
[99, 6, 62]
[99, 62, 6]
[6, 63, 97]
[6, 97, 63]
[63, 6, 97]
[63, 97, 6]
[97, 6, 63]
[97, 63, 6]
[7, 60, 99]
[7, 99, 60]
[60, 7, 99]
[60, 99, 7]
[99, 7, 60]
[99, 60, 7]
[8, 62, 97]
[8, 97, 62]
[62, 8, 97]
[62, 97, 8]
[97, 8, 62]
[97, 62, 8]
[9, 59, 100]
[9, 100, 59]
[59, 9, 100]
[59, 100, 9]
[100, 9, 59]
[100, 59, 9]
[10, 59, 99]
[10, 99, 59]
[59, 10, 99]
[59, 99, 10]
[99, 10, 59]
[99, 59, 10]
[14, 62, 98]
[14, 98, 62]
[62, 14, 98]
[62, 98, 14]
[98, 14, 62]
[98, 62, 14]
[15, 58, 99]
[15, 99, 58]
[58, 15, 99]
[58, 99, 15]
[99, 15, 58]
[99, 58, 15]
[17, 57, 97]
[17, 97, 57]
[57, 17, 97]
[57, 97, 17]
[97, 17, 57]
[97, 57, 17]
[17, 62, 94]
[17, 94, 62]
[62, 17, 94]
[62, 94, 17]
[94, 17, 62]
[94, 62, 17]
[18, 59, 93]
[18, 93, 59]
[59, 18, 93]
[59, 93, 18]
[93, 18, 59]
[93, 59, 18]
[18, 60, 91]
[18, 91, 60]
[60, 18, 91]
[60, 91, 18]
[91, 18, 60]
[91, 60, 18]
[18, 64, 96]
[18, 96, 64]
[64, 18, 96]
[64, 96, 18]
[96, 18, 64]
[96, 64, 18]
[19, 61, 97]
[19, 97, 61]
[61, 19, 97]
[61, 97, 19]
[97, 19, 61]
[97, 61, 19]
[20, 60, 95]
[20, 95, 60]
[60, 20, 95]
[60, 95, 20]
[95, 20, 60]
[95, 60, 20]
[21, 62, 89]
[21, 89, 62]
[62, 21, 89]
[62, 89, 21]
[89, 21, 62]
[89, 62, 21]
[23, 56, 97]
[23, 97, 56]
[56, 23, 97]
[56, 97, 23]
[97, 23, 56]
[97, 56, 23]
[29, 72, 94]
[29, 94, 72]
[72, 29, 94]
[72, 94, 29]
[94, 29, 72]
[94, 72, 29]
[32, 63, 91]
[32, 91, 63]
[63, 32, 91]
[63, 91, 32]
[91, 32, 63]
[91, 63, 32]
[36, 76, 89]
[36, 89, 76]
[76, 36, 89]
[76, 89, 36]
[89, 36, 76]
[89, 76, 36]
[38, 69, 89]
[38, 89, 69]
[69, 38, 89]
[69, 89, 38]
[89, 38, 69]
[89, 69, 38]
[38, 83, 86]
[38, 86, 83]
[83, 38, 86]
[83, 86, 38]
[86, 38, 83]
[86, 83, 38]
[39, 75, 88]
[39, 88, 75]
[75, 39, 88]
[75, 88, 39]
[88, 39, 75]
[88, 75, 39]
[41, 80, 89]
[41, 89, 80]
[80, 41, 89]
[80, 89, 41]
[89, 41, 80]
[89, 80, 41]
[42, 76, 85]
[42, 85, 76]
[76, 42, 85]
[76, 85, 42]
[85, 42, 76]
[85, 76, 42]
[43, 51, 95]
[43, 95, 51]
[51, 43, 95]
[51, 95, 43]
[95, 43, 51]
[95, 51, 43]
[44, 54, 100]
[44, 100, 54]
[54, 44, 100]
[54, 100, 44]
[100, 44, 54]
[100, 54, 44]
[45, 86, 88]
[45, 88, 86]
[86, 45, 88]
[86, 88, 45]
[88, 45, 86]
[88, 86, 45]
[46, 56, 98]
[46, 98, 56]
[56, 46, 98]
[56, 98, 46]
[98, 46, 56]
[98, 56, 46]
[46, 61, 89]
[46, 89, 61]
[61, 46, 89]
[61, 89, 46]
[89, 46, 61]
[89, 61, 46]
[47, 49, 94]
[47, 94, 49]
[49, 47, 94]
[49, 94, 47]
[94, 47, 49]
[94, 49, 47]
[48, 54, 97]
[48, 97, 54]
[54, 48, 97]
[54, 97, 48]
[97, 48, 54]
[97, 54, 48]
[48, 62, 88]
[48, 88, 62]
[62, 48, 88]
[62, 88, 48]
[88, 48, 62]
[88, 62, 48]
[49, 63, 95]
[49, 95, 63]
[63, 49, 95]
[63, 95, 49]
[95, 49, 63]
[95, 63, 49]
[62, 80, 87]
[62, 87, 80]
[80, 62, 87]
[80, 87, 62]
[87, 62, 80]
[87, 80, 62]
[63, 66, 89]
[63, 89, 66]
[66, 63, 89]
[66, 89, 63]
[89, 63, 66]
[89, 66, 63]
[63, 67, 87]
[63, 87, 67]
[67, 63, 87]
[67, 87, 63]
[87, 63, 67]
[87, 67, 63]
[63, 84, 85]
[63, 85, 84]
[84, 63, 85]
[84, 85, 63]
[85, 63, 84]
[85, 84, 63]
[64, 79, 85]
[64, 85, 79]
[79, 64, 85]
[79, 85, 64]
[85, 64, 79]
[85, 79, 64]
[65, 70, 84]
[65, 84, 70]
[70, 65, 84]
[70, 84, 65]
[84, 65, 70]
[84, 70, 65]
[65, 79, 80]
[65, 80, 79]
[79, 65, 80]
[79, 80, 65]
[80, 65, 79]
[80, 79, 65]
[66, 72, 90]
[66, 90, 72]
[72, 66, 90]
[72, 90, 66]
[90, 66, 72]
[90, 72, 66]
[66, 77, 79]
[66, 79, 77]
[77, 66, 79]
[77, 79, 66]
[79, 66, 77]
[79, 77, 66]
[67, 75, 79]
[67, 79, 75]
[75, 67, 79]
[75, 79, 67]
[79, 67, 75]
[79, 75, 67]
[68, 74, 84]
[68, 84, 74]
[74, 68, 84]
[74, 84, 68]
[84, 68, 74]
[84, 74, 68]
[68, 82, 83]
[68, 83, 82]
[82, 68, 83]
[82, 83, 68]
[83, 68, 82]
[83, 82, 68]
[69, 71, 85]
[69, 85, 71]
[71, 69, 85]
[71, 85, 69]
[85, 69, 71]
[85, 71, 69]
[69, 73, 86]
[69, 86, 73]
[73, 69, 86]
[73, 86, 69]
[86, 69, 73]
[86, 73, 69]
[70, 74, 82]
[70, 82, 74]
[74, 70, 82]
[74, 82, 70]
[82, 70, 74]
[82, 74, 70]
[73, 80, 82]
[73, 82, 80]
[80, 73, 82]
[80, 82, 73]
[82, 73, 80]
[82, 80, 73]
[74, 76, 83]
[74, 83, 76]
[76, 74, 83]
[76, 83, 74]
[83, 74, 76]
[83, 76, 74]
[76, 76, 76]
[7, 64, 100]
[7, 100, 64]
[64, 7, 100]
[64, 100, 7]
[100, 7, 64]
[100, 64, 7]
[9, 63, 98]
[9, 98, 63]
[63, 9, 98]
[63, 98, 9]
[98, 9, 63]
[98, 63, 9]
[10, 62, 100]
[10, 100, 62]
[62, 10, 100]
[62, 100, 10]
[100, 10, 62]
[100, 62, 10]
[14, 65, 99]
[14, 99, 65]
[65, 14, 99]
[65, 99, 14]
[99, 14, 65]
[99, 65, 14]
[16, 63, 99]
[16, 99, 63]
[63, 16, 99]
[63, 99, 16]
[99, 16, 63]
[99, 63, 16]
[16, 65, 97]
[16, 97, 65]
[65, 16, 97]
[65, 97, 16]
[97, 16, 65]
[97, 65, 16]
[18, 57, 99]
[18, 99, 57]
[57, 18, 99]
[57, 99, 18]
[99, 18, 57]
[99, 57, 18]
[20, 64, 97]
[20, 97, 64]
[64, 20, 97]
[64, 97, 20]
[97, 20, 64]
[97, 64, 20]
[21, 63, 94]
[21, 94, 63]
[63, 21, 94]
[63, 94, 21]
[94, 21, 63]
[94, 63, 21]
[22, 62, 93]
[22, 93, 62]
[62, 22, 93]
[62, 93, 22]
[93, 22, 62]
[93, 62, 22]
[22, 65, 95]
[22, 95, 65]
[65, 22, 95]
[65, 95, 22]
[95, 22, 65]
[95, 65, 22]
[25, 68, 92]
[25, 92, 68]
[68, 25, 92]
[68, 92, 25]
[92, 25, 68]
[92, 68, 25]
[26, 71, 93]
[26, 93, 71]
[71, 26, 93]
[71, 93, 26]
[93, 26, 71]
[93, 71, 26]
[30, 60, 100]
[30, 100, 60]
[60, 30, 100]
[60, 100, 30]
[100, 30, 60]
[100, 60, 30]
[30, 69, 94]
[30, 94, 69]
[69, 30, 94]
[69, 94, 30]
[94, 30, 69]
[94, 69, 30]
[33, 67, 89]
[33, 89, 67]
[67, 33, 89]
[67, 89, 33]
[89, 33, 67]
[89, 67, 33]
[40, 71, 94]
[40, 94, 71]
[71, 40, 94]
[71, 94, 40]
[94, 40, 71]
[94, 71, 40]
[40, 77, 89]
[40, 89, 77]
[77, 40, 89]
[77, 89, 40]
[89, 40, 77]
[89, 77, 40]
[40, 85, 88]
[40, 88, 85]
[85, 40, 88]
[85, 88, 40]
[88, 40, 85]
[88, 85, 40]
[42, 78, 89]
[42, 89, 78]
[78, 42, 89]
[78, 89, 42]
[89, 42, 78]
[89, 78, 42]
[42, 87, 92]
[42, 92, 87]
[87, 42, 92]
[87, 92, 42]
[92, 42, 87]
[92, 87, 42]
[43, 79, 92]
[43, 92, 79]
[79, 43, 92]
[79, 92, 43]
[92, 43, 79]
[92, 79, 43]
[44, 84, 90]
[44, 90, 84]
[84, 44, 90]
[84, 90, 44]
[90, 44, 84]
[90, 84, 44]
[45, 83, 89]
[45, 89, 83]
[83, 45, 89]
[83, 89, 45]
[89, 45, 83]
[89, 83, 45]
[48, 71, 89]
[48, 89, 71]
[71, 48, 89]
[71, 89, 48]
[89, 48, 71]
[89, 71, 48]
[49, 52, 96]
[49, 96, 52]
[52, 49, 96]
[52, 96, 49]
[96, 49, 52]
[96, 52, 49]
[51, 53, 96]
[51, 96, 53]
[53, 51, 96]
[53, 96, 51]
[96, 51, 53]
[96, 53, 51]
[60, 76, 87]
[60, 87, 76]
[76, 60, 87]
[76, 87, 60]
[87, 60, 76]
[87, 76, 60]
[60, 79, 88]
[60, 88, 79]
[79, 60, 88]
[79, 88, 60]
[88, 60, 79]
[88, 79, 60]
[62, 90, 91]
[62, 91, 90]
[90, 62, 91]
[90, 91, 62]
[91, 62, 90]
[91, 90, 62]
[64, 88, 90]
[64, 90, 88]
[88, 64, 90]
[88, 90, 64]
[90, 64, 88]
[90, 88, 64]
[65, 75, 92]
[65, 92, 75]
[75, 65, 92]
[75, 92, 65]
[92, 65, 75]
[92, 75, 65]
[65, 85, 91]
[65, 91, 85]
[85, 65, 91]
[85, 91, 65]
[91, 65, 85]
[91, 85, 65]
[66, 80, 86]
[66, 86, 80]
[80, 66, 86]
[80, 86, 66]
[86, 66, 80]
[86, 80, 66]
[67, 76, 84]
[67, 84, 76]
[76, 67, 84]
[76, 84, 67]
[84, 67, 76]
[84, 76, 67]
[67, 78, 85]
[67, 85, 78]
[78, 67, 85]
[78, 85, 67]
[85, 67, 78]
[85, 78, 67]
[67, 82, 91]
[67, 91, 82]
[82, 67, 91]
[82, 91, 67]
[91, 67, 82]
[91, 82, 67]
[69, 70, 87]
[69, 87, 70]
[70, 69, 87]
[70, 87, 69]
[87, 69, 70]
[87, 70, 69]
[69, 79, 81]
[69, 81, 79]
[79, 69, 81]
[79, 81, 69]
[81, 69, 79]
[81, 79, 69]
[70, 85, 86]
[70, 86, 85]
[85, 70, 86]
[85, 86, 70]
[86, 70, 85]
[86, 85, 70]
[71, 78, 83]
[71, 83, 78]
[78, 71, 83]
[78, 83, 71]
[83, 71, 78]
[83, 78, 71]
[71, 79, 87]
[71, 87, 79]
[79, 71, 87]
[79, 87, 71]
[87, 71, 79]
[87, 79, 71]
[72, 81, 83]
[72, 83, 81]
[81, 72, 83]
[81, 83, 72]
[83, 72, 81]
[83, 81, 72]
[74, 75, 89]
[74, 89, 75]
[75, 74, 89]
[75, 89, 74]
[89, 74, 75]
[89, 75, 74]
[74, 77, 88]
[74, 88, 77]
[77, 74, 88]
[77, 88, 74]
[88, 74, 77]
[88, 77, 74]
[75, 78, 80]
[75, 80, 78]
[78, 75, 80]
[78, 80, 75]
[80, 75, 78]
[80, 78, 75]
[77, 77, 77]
[79, 79, 79]
[14, 63, 100]
[14, 100, 63]
[63, 14, 100]
[63, 100, 14]
[100, 14, 63]
[100, 63, 14]
[17, 65, 100]
[17, 100, 65]
[65, 17, 100]
[65, 100, 17]
[100, 17, 65]
[100, 65, 17]
[21, 65, 98]
[21, 98, 65]
[65, 21, 98]
[65, 98, 21]
[98, 21, 65]
[98, 65, 21]
[22, 68, 97]
[22, 97, 68]
[68, 22, 97]
[68, 97, 22]
[97, 22, 68]
[97, 68, 22]
[24, 64, 99]
[24, 99, 64]
[64, 24, 99]
[64, 99, 24]
[99, 24, 64]
[99, 64, 24]
[24, 65, 96]
[24, 96, 65]
[65, 24, 96]
[65, 96, 24]
[96, 24, 65]
[96, 65, 24]
[25, 66, 95]
[25, 95, 66]
[66, 25, 95]
[66, 95, 25]
[95, 25, 66]
[95, 66, 25]
[27, 65, 94]
[27, 94, 65]
[65, 27, 94]
[65, 94, 27]
[94, 27, 65]
[94, 65, 27]
[31, 67, 94]
[31, 94, 67]
[67, 31, 94]
[67, 94, 31]
[94, 31, 67]
[94, 67, 31]
[32, 64, 93]
[32, 93, 64]
[64, 32, 93]
[64, 93, 32]
[93, 32, 64]
[93, 64, 32]
[33, 68, 91]
[33, 91, 68]
[68, 33, 91]
[68, 91, 33]
[91, 33, 68]
[91, 68, 33]
[35, 70, 90]
[35, 90, 70]
[70, 35, 90]
[70, 90, 35]
[90, 35, 70]
[90, 70, 35]
[36, 67, 93]
[36, 93, 67]
[67, 36, 93]
[67, 93, 36]
[93, 36, 67]
[93, 67, 36]
[41, 83, 95]
[41, 95, 83]
[83, 41, 95]
[83, 95, 41]
[95, 41, 83]
[95, 83, 41]
[44, 92, 95]
[44, 95, 92]
[92, 44, 95]
[92, 95, 44]
[95, 44, 92]
[95, 92, 44]
[52, 78, 92]
[52, 92, 78]
[78, 52, 92]
[78, 92, 52]
[92, 52, 78]
[92, 78, 52]
[57, 87, 98]
[57, 98, 87]
[87, 57, 98]
[87, 98, 57]
[98, 57, 87]
[98, 87, 57]
[61, 90, 95]
[61, 95, 90]
[90, 61, 95]
[90, 95, 61]
[95, 61, 90]
[95, 90, 61]
[63, 90, 93]
[63, 93, 90]
[90, 63, 93]
[90, 93, 63]
[93, 63, 90]
[93, 90, 63]
[66, 76, 91]
[66, 91, 76]
[76, 66, 91]
[76, 91, 66]
[91, 66, 76]
[91, 76, 66]
[68, 79, 90]
[68, 90, 79]
[79, 68, 90]
[79, 90, 68]
[90, 68, 79]
[90, 79, 68]
[68, 81, 88]
[68, 88, 81]
[81, 68, 88]
[81, 88, 68]
[88, 68, 81]
[88, 81, 68]
[70, 83, 92]
[70, 92, 83]
[83, 70, 92]
[83, 92, 70]
[92, 70, 83]
[92, 83, 70]
[72, 84, 87]
[72, 87, 84]
[84, 72, 87]
[84, 87, 72]
[87, 72, 84]
[87, 84, 72]
[73, 87, 90]
[73, 90, 87]
[87, 73, 90]
[87, 90, 73]
[90, 73, 87]
[90, 87, 73]
[74, 81, 87]
[74, 87, 81]
[81, 74, 87]
[81, 87, 74]
[87, 74, 81]
[87, 81, 74]
[75, 82, 86]
[75, 86, 82]
[82, 75, 86]
[82, 86, 75]
[86, 75, 82]
[86, 82, 75]
[76, 77, 93]
[76, 93, 77]
[77, 76, 93]
[77, 93, 76]
[93, 76, 77]
[93, 77, 76]
[77, 80, 84]
[77, 84, 80]
[80, 77, 84]
[80, 84, 77]
[84, 77, 80]
[84, 80, 77]
[78, 78, 78]
[80, 80, 80]
[82, 82, 82]
[83, 83, 83]
[23, 66, 98]
[23, 98, 66]
[66, 23, 98]
[66, 98, 23]
[98, 23, 66]
[98, 66, 23]
[24, 69, 97]
[24, 97, 69]
[69, 24, 97]
[69, 97, 24]
[97, 24, 69]
[97, 69, 24]
[25, 69, 96]
[25, 96, 69]
[69, 25, 96]
[69, 96, 25]
[96, 25, 69]
[96, 69, 25]
[27, 68, 98]
[27, 98, 68]
[68, 27, 98]
[68, 98, 27]
[98, 27, 68]
[98, 68, 27]
[28, 67, 97]
[28, 97, 67]
[67, 28, 97]
[67, 97, 28]
[97, 28, 67]
[97, 67, 28]
[32, 66, 96]
[32, 96, 66]
[66, 32, 96]
[66, 96, 32]
[96, 32, 66]
[96, 66, 32]
[32, 80, 94]
[32, 94, 80]
[80, 32, 94]
[80, 94, 32]
[94, 32, 80]
[94, 80, 32]
[35, 73, 92]
[35, 92, 73]
[73, 35, 92]
[73, 92, 35]
[92, 35, 73]
[92, 73, 35]
[36, 70, 94]
[36, 94, 70]
[70, 36, 94]
[70, 94, 36]
[94, 36, 70]
[94, 70, 36]
[37, 69, 95]
[37, 95, 69]
[69, 37, 95]
[69, 95, 37]
[95, 37, 69]
[95, 69, 37]
[38, 75, 93]
[38, 93, 75]
[75, 38, 93]
[75, 93, 38]
[93, 38, 75]
[93, 75, 38]
[39, 87, 91]
[39, 91, 87]
[87, 39, 91]
[87, 91, 39]
[91, 39, 87]
[91, 87, 39]
[42, 74, 91]
[42, 91, 74]
[74, 42, 91]
[74, 91, 42]
[91, 42, 74]
[91, 74, 42]
[43, 90, 97]
[43, 97, 90]
[90, 43, 97]
[90, 97, 43]
[97, 43, 90]
[97, 90, 43]
[44, 94, 99]
[44, 99, 94]
[94, 44, 99]
[94, 99, 44]
[99, 44, 94]
[99, 94, 44]
[53, 64, 94]
[53, 94, 64]
[64, 53, 94]
[64, 94, 53]
[94, 53, 64]
[94, 64, 53]
[68, 89, 94]
[68, 94, 89]
[89, 68, 94]
[89, 94, 68]
[94, 68, 89]
[94, 89, 68]
[70, 80, 93]
[70, 93, 80]
[80, 70, 93]
[80, 93, 70]
[93, 70, 80]
[93, 80, 70]
[72, 85, 89]
[72, 89, 85]
[85, 72, 89]
[85, 89, 72]
[89, 72, 85]
[89, 85, 72]
[73, 84, 89]
[73, 89, 84]
[84, 73, 89]
[84, 89, 73]
[89, 73, 84]
[89, 84, 73]
[77, 78, 94]
[77, 94, 78]
[78, 77, 94]
[78, 94, 77]
[94, 77, 78]
[94, 78, 77]
[77, 82, 87]
[77, 87, 82]
[82, 77, 87]
[82, 87, 77]
[87, 77, 82]
[87, 82, 77]
[81, 81, 81]
[84, 84, 84]
[87, 87, 87]
[24, 68, 100]
[24, 100, 68]
[68, 24, 100]
[68, 100, 24]
[100, 24, 68]
[100, 68, 24]
[25, 70, 100]
[25, 100, 70]
[70, 25, 100]
[70, 100, 25]
[100, 25, 70]
[100, 70, 25]
[26, 67, 99]
[26, 99, 67]
[67, 26, 99]
[67, 99, 26]
[99, 26, 67]
[99, 67, 26]
[29, 69, 98]
[29, 98, 69]
[69, 29, 98]
[69, 98, 29]
[98, 29, 69]
[98, 69, 29]
[30, 70, 96]
[30, 96, 70]
[70, 30, 96]
[70, 96, 30]
[96, 30, 70]
[96, 70, 30]
[32, 67, 98]
[32, 98, 67]
[67, 32, 98]
[67, 98, 32]
[98, 32, 67]
[98, 67, 32]
[33, 70, 97]
[33, 97, 70]
[70, 33, 97]
[70, 97, 33]
[97, 33, 70]
[97, 70, 33]
[36, 68, 99]
[36, 99, 68]
[68, 36, 99]
[68, 99, 36]
[99, 36, 68]
[99, 68, 36]
[37, 71, 98]
[37, 98, 71]
[71, 37, 98]
[71, 98, 37]
[98, 37, 71]
[98, 71, 37]
[39, 74, 97]
[39, 97, 74]
[74, 39, 97]
[74, 97, 39]
[97, 39, 74]
[97, 74, 39]
[39, 78, 95]
[39, 95, 78]
[78, 39, 95]
[78, 95, 39]
[95, 39, 78]
[95, 78, 39]
[40, 72, 96]
[40, 96, 72]
[72, 40, 96]
[72, 96, 40]
[96, 40, 72]
[96, 72, 40]
[41, 85, 99]
[41, 99, 85]
[85, 41, 99]
[85, 99, 41]
[99, 41, 85]
[99, 85, 41]
[46, 84, 99]
[46, 99, 84]
[84, 46, 99]
[84, 99, 46]
[99, 46, 84]
[99, 84, 46]
[48, 96, 99]
[48, 99, 96]
[96, 48, 99]
[96, 99, 48]
[99, 48, 96]
[99, 96, 48]
[66, 84, 97]
[66, 97, 84]
[84, 66, 97]
[84, 97, 66]
[97, 66, 84]
[97, 84, 66]
[67, 73, 95]
[67, 95, 73]
[73, 67, 95]
[73, 95, 67]
[95, 67, 73]
[95, 73, 67]
[69, 83, 93]
[69, 93, 83]
[83, 69, 93]
[83, 93, 69]
[93, 69, 83]
[93, 83, 69]
[70, 89, 95]
[70, 95, 89]
[89, 70, 95]
[89, 95, 70]
[95, 70, 89]
[95, 89, 70]
[71, 74, 95]
[71, 95, 74]
[74, 71, 95]
[74, 95, 71]
[95, 71, 74]
[95, 74, 71]
[72, 75, 91]
[72, 91, 75]
[75, 72, 91]
[75, 91, 72]
[91, 72, 75]
[91, 75, 72]
[74, 78, 93]
[74, 93, 78]
[78, 74, 93]
[78, 93, 74]
[93, 74, 78]
[93, 78, 74]
[74, 90, 92]
[74, 92, 90]
[90, 74, 92]
[90, 92, 74]
[92, 74, 90]
[92, 90, 74]
[75, 77, 95]
[75, 95, 77]
[77, 75, 95]
[77, 95, 75]
[95, 75, 77]
[95, 77, 75]
[75, 87, 94]
[75, 94, 87]
[87, 75, 94]
[87, 94, 75]
[94, 75, 87]
[94, 87, 75]
[79, 91, 93]
[79, 93, 91]
[91, 79, 93]
[91, 93, 79]
[93, 79, 91]
[93, 91, 79]
[81, 84, 93]
[81, 93, 84]
[84, 81, 93]
[84, 93, 81]
[93, 81, 84]
[93, 84, 81]
[81, 85, 90]
[81, 90, 85]
[85, 81, 90]
[85, 90, 81]
[90, 81, 85]
[90, 85, 81]
[82, 84, 92]
[82, 92, 84]
[84, 82, 92]
[84, 92, 82]
[92, 82, 84]
[92, 84, 82]
[85, 85, 85]
[86, 86, 86]
[88, 88, 88]
[30, 72, 99]
[30, 99, 72]
[72, 30, 99]
[72, 99, 30]
[99, 30, 72]
[99, 72, 30]
[34, 71, 99]
[34, 99, 71]
[71, 34, 99]
[71, 99, 34]
[99, 34, 71]
[99, 71, 34]
[34, 72, 98]
[34, 98, 72]
[72, 34, 98]
[72, 98, 34]
[98, 34, 72]
[98, 72, 34]
[35, 71, 97]
[35, 97, 71]
[71, 35, 97]
[71, 97, 35]
[97, 35, 71]
[97, 71, 35]
[37, 70, 99]
[37, 99, 70]
[70, 37, 99]
[70, 99, 37]
[99, 37, 70]
[99, 70, 37]
[40, 73, 98]
[40, 98, 73]
[73, 40, 98]
[73, 98, 40]
[98, 40, 73]
[98, 73, 40]
[43, 82, 96]
[43, 96, 82]
[82, 43, 96]
[82, 96, 43]
[96, 43, 82]
[96, 82, 43]
[49, 67, 100]
[49, 100, 67]
[67, 49, 100]
[67, 100, 49]
[100, 49, 67]
[100, 67, 49]
[50, 91, 97]
[50, 97, 91]
[91, 50, 97]
[91, 97, 50]
[97, 50, 91]
[97, 91, 50]
[51, 75, 98]
[51, 98, 75]
[75, 51, 98]
[75, 98, 51]
[98, 51, 75]
[98, 75, 51]
[53, 70, 98]
[53, 98, 70]
[70, 53, 98]
[70, 98, 53]
[98, 53, 70]
[98, 70, 53]
[71, 81, 96]
[71, 96, 81]
[81, 71, 96]
[81, 96, 71]
[96, 71, 81]
[96, 81, 71]
[72, 76, 95]
[72, 95, 76]
[76, 72, 95]
[76, 95, 72]
[95, 72, 76]
[95, 76, 72]
[72, 79, 97]
[72, 97, 79]
[79, 72, 97]
[79, 97, 72]
[97, 72, 79]
[97, 79, 72]
[72, 86, 92]
[72, 92, 86]
[86, 72, 92]
[86, 92, 72]
[92, 72, 86]
[92, 86, 72]
[75, 96, 97]
[75, 97, 96]
[96, 75, 97]
[96, 97, 75]
[97, 75, 96]
[97, 96, 75]
[76, 78, 97]
[76, 97, 78]
[78, 76, 97]
[78, 97, 76]
[97, 76, 78]
[97, 78, 76]
[76, 81, 92]
[76, 92, 81]
[81, 76, 92]
[81, 92, 76]
[92, 76, 81]
[92, 81, 76]
[81, 89, 91]
[81, 91, 89]
[89, 81, 91]
[89, 91, 81]
[91, 81, 89]
[91, 89, 81]
[82, 88, 93]
[82, 93, 88]
[88, 82, 93]
[88, 93, 82]
[93, 82, 88]
[93, 88, 82]
[83, 88, 91]
[83, 91, 88]
[88, 83, 91]
[88, 91, 83]
[91, 83, 88]
[91, 88, 83]
[85, 93, 94]
[85, 94, 93]
[93, 85, 94]
[93, 94, 85]
[94, 85, 93]
[94, 93, 85]
[89, 89, 89]
[36, 71, 100]
[36, 100, 71]
[71, 36, 100]
[71, 100, 36]
[100, 36, 71]
[100, 71, 36]
[37, 75, 100]
[37, 100, 75]
[75, 37, 100]
[75, 100, 37]
[100, 37, 75]
[100, 75, 37]
[39, 82, 100]
[39, 100, 82]
[82, 39, 100]
[82, 100, 39]
[100, 39, 82]
[100, 82, 39]
[43, 99, 100]
[43, 100, 99]
[99, 43, 100]
[99, 100, 43]
[100, 43, 99]
[100, 99, 43]
[47, 83, 100]
[47, 100, 83]
[83, 47, 100]
[83, 100, 47]
[100, 47, 83]
[100, 83, 47]
[50, 73, 100]
[50, 100, 73]
[73, 50, 100]
[73, 100, 50]
[100, 50, 73]
[100, 73, 50]
[51, 73, 99]
[51, 99, 73]
[73, 51, 99]
[73, 99, 51]
[99, 51, 73]
[99, 73, 51]
[53, 79, 99]
[53, 99, 79]
[79, 53, 99]
[79, 99, 53]
[99, 53, 79]
[99, 79, 53]
[73, 88, 97]
[73, 97, 88]
[88, 73, 97]
[88, 97, 73]
[97, 73, 88]
[97, 88, 73]
[74, 98, 99]
[74, 99, 98]
[98, 74, 99]
[98, 99, 74]
[99, 74, 98]
[99, 98, 74]
[76, 86, 94]
[76, 94, 86]
[86, 76, 94]
[86, 94, 76]
[94, 76, 86]
[94, 86, 76]
[77, 81, 100]
[77, 100, 81]
[81, 77, 100]
[81, 100, 77]
[100, 77, 81]
[100, 81, 77]
[77, 86, 96]
[77, 96, 86]
[86, 77, 96]
[86, 96, 77]
[96, 77, 86]
[96, 86, 77]
[78, 84, 98]
[78, 98, 84]
[84, 78, 98]
[84, 98, 78]
[98, 78, 84]
[98, 84, 78]
[79, 94, 98]
[79, 98, 94]
[94, 79, 98]
[94, 98, 79]
[98, 79, 94]
[98, 94, 79]
[80, 81, 98]
[80, 98, 81]
[81, 80, 98]
[81, 98, 80]
[98, 80, 81]
[98, 81, 80]
[80, 91, 92]
[80, 92, 91]
[91, 80, 92]
[91, 92, 80]
[92, 80, 91]
[92, 91, 80]
[81, 82, 97]
[81, 97, 82]
[82, 81, 97]
[82, 97, 81]
[97, 81, 82]
[97, 82, 81]
[82, 89, 98]
[82, 98, 89]
[89, 82, 98]
[89, 98, 82]
[98, 82, 89]
[98, 89, 82]
[83, 87, 97]
[83, 97, 87]
[87, 83, 97]
[87, 97, 83]
[97, 83, 87]
[97, 87, 83]
[83, 90, 96]
[83, 96, 90]
[90, 83, 96]
[90, 96, 83]
[96, 83, 90]
[96, 90, 83]
[86, 89, 100]
[86, 100, 89]
[89, 86, 100]
[89, 100, 86]
[100, 86, 89]
[100, 89, 86]
[88, 92, 94]
[88, 94, 92]
[92, 88, 94]
[92, 94, 88]
[94, 88, 92]
[94, 92, 88]
[90, 90, 90]
[91, 91, 91]
[76, 88, 98]
[76, 98, 88]
[88, 76, 98]
[88, 98, 76]
[98, 76, 88]
[98, 88, 76]
[77, 91, 98]
[77, 98, 91]
[91, 77, 98]
[91, 98, 77]
[98, 77, 91]
[98, 91, 77]
[78, 87, 100]
[78, 100, 87]
[87, 78, 100]
[87, 100, 78]
[100, 78, 87]
[100, 87, 78]
[79, 95, 100]
[79, 100, 95]
[95, 79, 100]
[95, 100, 79]
[100, 79, 95]
[100, 95, 79]
[80, 85, 100]
[80, 100, 85]
[85, 80, 100]
[85, 100, 80]
[100, 80, 85]
[100, 85, 80]
[80, 88, 96]
[80, 96, 88]
[88, 80, 96]
[88, 96, 80]
[96, 80, 88]
[96, 88, 80]
[80, 97, 99]
[80, 99, 97]
[97, 80, 99]
[97, 99, 80]
[99, 80, 97]
[99, 97, 80]
[81, 95, 99]
[81, 99, 95]
[95, 81, 99]
[95, 99, 81]
[99, 81, 95]
[99, 95, 81]
[86, 87, 99]
[86, 99, 87]
[87, 86, 99]
[87, 99, 86]
[99, 86, 87]
[99, 87, 86]
[86, 95, 97]
[86, 97, 95]
[95, 86, 97]
[95, 97, 86]
[97, 86, 95]
[97, 95, 86]
[89, 92, 97]
[89, 97, 92]
[92, 89, 97]
[92, 97, 89]
[97, 89, 92]
[97, 92, 89]
[92, 92, 92]
[94, 94, 94]
[84, 95, 96]
[84, 96, 95]
[95, 84, 96]
[95, 96, 84]
[96, 84, 95]
[96, 95, 84]
[92, 93, 100]
[92, 100, 93]
[93, 92, 100]
[93, 100, 92]
[100, 92, 93]
[100, 93, 92]
[93, 93, 93]
[97, 97, 97]
[93, 96, 98]
[93, 98, 96]
[96, 93, 98]
[96, 98, 93]
[98, 93, 96]
[98, 96, 93]
[95, 95, 95]
[96, 96, 96]
[99, 99, 99]
[98, 98, 98]
[100, 100, 100]
