[0, 0, 0]
[0, 1, 2]
[0, 3, 5]
[0, 4, 7]
[0, 6, 10]
[0, 8, 13]
[0, 9, 15]
[0, 11, 18]
[0, 12, 20]
[0, 14, 23]
[0, 16, 26]
[0, 17, 28]
[0, 19, 31]
[0, 21, 34]
[0, 22, 36]
[0, 24, 39]
[0, 25, 41]
[0, 27, 44]
[0, 29, 47]
[0, 30, 49]
[0, 32, 52]
[0, 33, 54]
[0, 35, 57]
[0, 37, 60]
[0, 38, 62]
[0, 40, 65]
[0, 42, 68]
[0, 43, 70]
[0, 45, 73]
[0, 46, 75]
[0, 48, 78]
[0, 50, 81]
[0, 51, 83]
[0, 53, 86]
[0, 55, 89]
[0, 56, 91]
[0, 58, 94]
[0, 59, 96]
[0, 61, 99]
[1, 1, 1]
[1, 3, 4]
[1, 5, 8]
[1, 6, 12]
[1, 7, 11]
[1, 9, 14]
[1, 10, 17]
[1, 13, 21]
[1, 15, 24]
[1, 16, 28]
[1, 18, 29]
[1, 19, 33]
[1, 20, 30]
[1, 22, 35]
[1, 23, 38]
[1, 25, 43]
[1, 26, 42]
[1, 27, 46]
[1, 31, 48]
[1, 32, 54]
[1, 34, 55]
[1, 36, 56]
[1, 37, 62]
[1, 39, 63]
[1, 40, 67]
[1, 41, 64]
[1, 44, 72]
[1, 45, 71]
[1, 47, 76]
[1, 49, 79]
[1, 50, 83]
[1, 51, 82]
[1, 52, 84]
[1, 53, 88]
[1, 57, 93]
[1, 58, 92]
[1, 59, 98]
[1, 60, 97]
[2, 2, 2]
[2, 3, 6]
[2, 4, 8]
[2, 5, 7]
[2, 9, 16]
[2, 10, 15]
[2, 11, 19]
[2, 12, 18]
[2, 13, 23]
[2, 14, 26]
[2, 17, 31]
[2, 20, 29]
[2, 21, 32]
[2, 22, 37]
[2, 24, 40]
[2, 25, 38]
[2, 27, 45]
[2, 28, 47]
[2, 30, 50]
[2, 33, 55]
[2, 34, 51]
[2, 35, 56]
[2, 36, 59]
[2, 39, 65]
[2, 41, 66]
[2, 42, 69]
[2, 43, 67]
[2, 44, 74]
[2, 46, 78]
[2, 48, 77]
[2, 49, 82]
[2, 52, 80]
[2, 53, 87]
[2, 54, 85]
[2, 57, 92]
[2, 58, 95]
[2, 60, 96]
[2, 61, 100]
[3, 3, 3]
[3, 7, 9]
[3, 8, 14]
[3, 10, 11]
[3, 12, 21]
[3, 13, 20]
[3, 15, 23]
[3, 16, 27]
[3, 17, 29]
[3, 18, 32]
[3, 19, 36]
[3, 22, 40]
[3, 24, 37]
[3, 25, 35]
[3, 26, 41]
[3, 28, 44]
[3, 30, 53]
[3, 31, 51]
[3, 33, 52]
[3, 34, 56]
[3, 38, 59]
[3, 39, 64]
[3, 42, 72]
[3, 43, 71]
[3, 45, 69]
[3, 46, 73]
[3, 47, 79]
[3, 48, 74]
[3, 49, 78]
[3, 50, 86]
[3, 54, 88]
[3, 55, 90]
[3, 57, 94]
[3, 58, 91]
[3, 60, 98]
[3, 61, 92]
[4, 4, 4]
[4, 5, 10]
[4, 6, 9]
[4, 11, 12]
[4, 13, 22]
[4, 14, 24]
[4, 15, 19]
[4, 16, 29]
[4, 17, 25]
[4, 18, 30]
[4, 20, 34]
[4, 21, 36]
[4, 23, 39]
[4, 26, 37]
[4, 27, 50]
[4, 28, 46]
[4, 31, 55]
[4, 32, 49]
[4, 33, 59]
[4, 35, 60]
[4, 38, 57]
[4, 40, 61]
[4, 41, 63]
[4, 42, 70]
[4, 43, 73]
[4, 44, 77]
[4, 45, 65]
[4, 47, 74]
[4, 48, 80]
[4, 51, 88]
[4, 52, 81]
[4, 53, 84]
[4, 54, 90]
[4, 56, 94]
[4, 58, 93]
[4, 64, 98]
[5, 5, 5]
[5, 6, 14]
[5, 9, 11]
[5, 12, 13]
[5, 15, 26]
[5, 16, 20]
[5, 17, 27]
[5, 18, 35]
[5, 19, 28]
[5, 21, 33]
[5, 22, 38]
[5, 23, 36]
[5, 24, 42]
[5, 25, 39]
[5, 29, 44]
[5, 30, 51]
[5, 31, 50]
[5, 32, 56]
[5, 34, 57]
[5, 37, 59]
[5, 40, 60]
[5, 41, 67]
[5, 43, 68]
[5, 45, 72]
[5, 46, 74]
[5, 47, 77]
[5, 48, 79]
[5, 49, 81]
[5, 52, 85]
[5, 53, 82]
[5, 54, 89]
[5, 55, 91]
[5, 58, 97]
[5, 61, 98]
[5, 62, 96]
[6, 6, 6]
[6, 7, 13]
[6, 8, 11]
[6, 15, 28]
[6, 16, 23]
[6, 17, 21]
[6, 18, 33]
[6, 19, 40]
[6, 20, 22]
[6, 24, 32]
[6, 25, 37]
[6, 26, 43]
[6, 27, 41]
[6, 29, 48]
[6, 30, 57]
[6, 31, 47]
[6, 34, 52]
[6, 35, 55]
[6, 36, 58]
[6, 38, 61]
[6, 39, 70]
[6, 42, 66]
[6, 44, 69]
[6, 45, 74]
[6, 46, 79]
[6, 49, 75]
[6, 50, 82]
[6, 51, 81]
[6, 53, 89]
[6, 54, 93]
[6, 56, 84]
[6, 59, 94]
[6, 62, 99]
[6, 63, 97]
[7, 7, 7]
[7, 8, 16]
[7, 10, 12]
[7, 14, 19]
[7, 15, 31]
[7, 17, 30]
[7, 18, 27]
[7, 20, 21]
[7, 22, 33]
[7, 23, 35]
[7, 24, 43]
[7, 25, 40]
[7, 26, 46]
[7, 28, 42]
[7, 29, 50]
[7, 32, 55]
[7, 34, 58]
[7, 36, 53]
[7, 37, 63]
[7, 38, 65]
[7, 39, 57]
[7, 41, 72]
[7, 44, 66]
[7, 45, 78]
[7, 47, 75]
[7, 48, 73]
[7, 49, 84]
[7, 51, 85]
[7, 52, 82]
[7, 54, 83]
[7, 56, 88]
[7, 59, 97]
[7, 60, 99]
[7, 64, 100]
[8, 8, 8]
[8, 9, 17]
[8, 10, 20]
[8, 12, 19]
[8, 15, 18]
[8, 21, 22]
[8, 23, 29]
[8, 24, 38]
[8, 25, 45]
[8, 26, 44]
[8, 27, 48]
[8, 28, 40]
[8, 30, 46]
[8, 31, 54]
[8, 32, 47]
[8, 33, 50]
[8, 34, 53]
[8, 35, 59]
[8, 36, 61]
[8, 37, 65]
[8, 39, 66]
[8, 41, 74]
[8, 42, 64]
[8, 43, 69]
[8, 49, 80]
[8, 51, 87]
[8, 52, 89]
[8, 55, 84]
[8, 56, 90]
[8, 57, 95]
[8, 58, 88]
[8, 60, 92]
[8, 62, 97]
[9, 9, 9]
[9, 10, 18]
[9, 12, 22]
[9, 13, 24]
[9, 19, 35]
[9, 20, 32]
[9, 21, 28]
[9, 23, 26]
[9, 25, 30]
[9, 27, 47]
[9, 29, 46]
[9, 31, 49]
[9, 33, 34]
[9, 36, 57]
[9, 37, 56]
[9, 38, 60]
[9, 39, 62]
[9, 40, 68]
[9, 41, 65]
[9, 42, 67]
[9, 43, 75]
[9, 44, 70]
[9, 45, 81]
[9, 48, 82]
[9, 50, 77]
[9, 51, 80]
[9, 52, 83]
[9, 53, 90]
[9, 54, 84]
[9, 55, 88]
[9, 58, 96]
[9, 59, 100]
[9, 63, 98]
[10, 10, 10]
[10, 13, 16]
[10, 14, 21]
[10, 19, 23]
[10, 22, 32]
[10, 24, 35]
[10, 25, 27]
[10, 26, 40]
[10, 28, 43]
[10, 29, 51]
[10, 30, 47]
[10, 31, 52]
[10, 33, 53]
[10, 34, 60]
[10, 36, 54]
[10, 37, 61]
[10, 38, 67]
[10, 39, 58]
[10, 41, 71]
[10, 42, 73]
[10, 44, 76]
[10, 45, 68]
[10, 46, 82]
[10, 48, 75]
[10, 49, 77]
[10, 50, 84]
[10, 55, 80]
[10, 56, 89]
[10, 57, 96]
[10, 59, 99]
[10, 62, 100]
[11, 11, 11]
[11, 13, 14]
[11, 15, 25]
[11, 16, 21]
[11, 17, 36]
[11, 20, 31]
[11, 22, 34]
[11, 23, 37]
[11, 24, 33]
[11, 26, 39]
[11, 27, 42]
[11, 28, 48]
[11, 29, 45]
[11, 30, 52]
[11, 32, 53]
[11, 35, 38]
[11, 40, 63]
[11, 41, 68]
[11, 43, 78]
[11, 44, 73]
[11, 46, 71]
[11, 47, 80]
[11, 49, 85]
[11, 50, 76]
[11, 51, 91]
[11, 54, 82]
[11, 55, 86]
[11, 56, 95]
[11, 57, 81]
[11, 58, 90]
[11, 59, 89]
[11, 60, 94]
[12, 12, 12]
[12, 14, 15]
[12, 16, 30]
[12, 17, 23]
[12, 24, 36]
[12, 25, 34]
[12, 26, 47]
[12, 27, 37]
[12, 28, 32]
[12, 29, 31]
[12, 33, 48]
[12, 35, 52]
[12, 38, 64]
[12, 39, 67]
[12, 40, 59]
[12, 41, 70]
[12, 42, 65]
[12, 43, 74]
[12, 44, 68]
[12, 45, 75]
[12, 46, 80]
[12, 49, 71]
[12, 50, 87]
[12, 51, 78]
[12, 53, 85]
[12, 54, 79]
[12, 55, 93]
[12, 56, 92]
[12, 57, 90]
[12, 58, 98]
[13, 13, 13]
[13, 15, 17]
[13, 18, 28]
[13, 19, 30]
[13, 25, 48]
[13, 26, 31]
[13, 27, 36]
[13, 29, 41]
[13, 32, 45]
[13, 33, 57]
[13, 34, 38]
[13, 35, 51]
[13, 37, 66]
[13, 39, 69]
[13, 40, 54]
[13, 42, 61]
[13, 43, 77]
[13, 44, 80]
[13, 46, 68]
[13, 47, 73]
[13, 49, 74]
[13, 50, 85]
[13, 52, 79]
[13, 53, 81]
[13, 55, 87]
[13, 56, 96]
[13, 58, 89]
[13, 59, 92]
[14, 14, 14]
[14, 16, 22]
[14, 17, 32]
[14, 18, 31]
[14, 20, 27]
[14, 25, 29]
[14, 28, 37]
[14, 30, 44]
[14, 33, 43]
[14, 34, 50]
[14, 35, 61]
[14, 36, 55]
[14, 38, 56]
[14, 39, 60]
[14, 40, 57]
[14, 41, 69]
[14, 42, 71]
[14, 45, 67]
[14, 46, 76]
[14, 47, 72]
[14, 48, 81]
[14, 49, 87]
[14, 51, 86]
[14, 52, 93]
[14, 53, 80]
[14, 54, 94]
[14, 59, 91]
[14, 62, 98]
[14, 63, 100]
[14, 64, 95]
[14, 65, 99]
[15, 15, 15]
[15, 16, 34]
[15, 20, 33]
[15, 21, 37]
[15, 22, 27]
[15, 29, 40]
[15, 30, 36]
[15, 32, 35]
[15, 38, 45]
[15, 39, 51]
[15, 41, 42]
[15, 43, 60]
[15, 44, 75]
[15, 46, 72]
[15, 47, 66]
[15, 48, 76]
[15, 49, 83]
[15, 50, 79]
[15, 52, 77]
[15, 53, 91]
[15, 54, 81]
[15, 55, 92]
[15, 56, 86]
[15, 57, 89]
[15, 58, 99]
[15, 59, 95]
[15, 61, 94]
[16, 16, 16]
[16, 17, 19]
[16, 18, 24]
[16, 25, 36]
[16, 31, 40]
[16, 32, 37]
[16, 33, 46]
[16, 35, 47]
[16, 38, 42]
[16, 39, 55]
[16, 41, 61]
[16, 43, 64]
[16, 44, 58]
[16, 45, 76]
[16, 48, 70]
[16, 49, 86]
[16, 50, 78]
[16, 51, 74]
[16, 52, 87]
[16, 53, 83]
[16, 54, 95]
[16, 56, 85]
[16, 57, 91]
[16, 60, 93]
[16, 63, 99]
[16, 65, 97]
[17, 17, 17]
[17, 18, 22]
[17, 20, 26]
[17, 24, 34]
[17, 33, 45]
[17, 35, 42]
[17, 37, 51]
[17, 38, 46]
[17, 39, 44]
[17, 40, 56]
[17, 41, 54]
[17, 43, 63]
[17, 47, 64]
[17, 48, 85]
[17, 49, 88]
[17, 50, 69]
[17, 52, 76]
[17, 53, 95]
[17, 55, 82]
[17, 57, 97]
[17, 59, 90]
[17, 61, 91]
[17, 62, 94]
[17, 65, 100]
[18, 18, 18]
[18, 19, 21]
[18, 20, 23]
[18, 25, 44]
[18, 26, 38]
[18, 34, 47]
[18, 36, 50]
[18, 37, 41]
[18, 39, 72]
[18, 40, 58]
[18, 42, 48]
[18, 43, 52]
[18, 45, 66]
[18, 46, 62]
[18, 49, 73]
[18, 51, 92]
[18, 53, 75]
[18, 54, 77]
[18, 55, 98]
[18, 56, 81]
[18, 57, 99]
[18, 59, 93]
[18, 60, 91]
[18, 64, 96]
[19, 19, 19]
[19, 20, 25]
[19, 22, 24]
[19, 26, 32]
[19, 27, 39]
[19, 29, 43]
[19, 34, 42]
[19, 37, 52]
[19, 38, 54]
[19, 41, 59]
[19, 44, 63]
[19, 45, 55]
[19, 46, 70]
[19, 47, 68]
[19, 48, 83]
[19, 49, 69]
[19, 50, 75]
[19, 51, 79]
[19, 53, 93]
[19, 56, 78]
[19, 57, 84]
[19, 58, 87]
[19, 60, 90]
[19, 61, 97]
[20, 20, 20]
[20, 24, 28]
[20, 35, 43]
[20, 36, 39]
[20, 37, 44]
[20, 38, 53]
[20, 40, 41]
[20, 42, 63]
[20, 45, 62]
[20, 46, 65]
[20, 47, 81]
[20, 48, 72]
[20, 49, 99]
[20, 50, 89]
[20, 51, 76]
[20, 52, 74]
[20, 54, 92]
[20, 55, 83]
[20, 56, 93]
[20, 57, 88]
[20, 59, 85]
[20, 60, 95]
[20, 64, 97]
[21, 21, 21]
[21, 23, 25]
[21, 24, 27]
[21, 26, 50]
[21, 29, 52]
[21, 30, 38]
[21, 31, 41]
[21, 35, 53]
[21, 39, 46]
[21, 40, 55]
[21, 42, 58]
[21, 43, 72]
[21, 44, 61]
[21, 45, 70]
[21, 47, 67]
[21, 48, 84]
[21, 51, 57]
[21, 54, 91]
[21, 56, 77]
[21, 60, 86]
[21, 62, 89]
[21, 63, 94]
[21, 65, 98]
[22, 22, 22]
[22, 23, 30]
[22, 25, 31]
[22, 26, 45]
[22, 28, 49]
[22, 29, 54]
[22, 39, 50]
[22, 41, 56]
[22, 42, 60]
[22, 43, 47]
[22, 44, 52]
[22, 46, 63]
[22, 48, 58]
[22, 51, 67]
[22, 53, 77]
[22, 55, 94]
[22, 57, 85]
[22, 59, 79]
[22, 61, 88]
[22, 62, 93]
[22, 65, 95]
[22, 68, 97]
[23, 23, 23]
[23, 24, 44]
[23, 27, 33]
[23, 28, 31]
[23, 32, 48]
[23, 34, 41]
[23, 40, 53]
[23, 42, 57]
[23, 43, 61]
[23, 45, 64]
[23, 46, 69]
[23, 47, 71]
[23, 49, 76]
[23, 50, 72]
[23, 51, 84]
[23, 52, 86]
[23, 54, 96]
[23, 55, 85]
[23, 56, 97]
[23, 59, 60]
[23, 63, 88]
[23, 66, 98]
[24, 24, 24]
[24, 25, 52]
[24, 26, 49]
[24, 29, 30]
[24, 31, 46]
[24, 41, 57]
[24, 45, 50]
[24, 47, 58]
[24, 48, 55]
[24, 51, 63]
[24, 53, 62]
[24, 54, 67]
[24, 56, 75]
[24, 59, 88]
[24, 60, 78]
[24, 61, 81]
[24, 64, 99]
[24, 65, 96]
[24, 68, 100]
[24, 69, 97]
[25, 25, 25]
[25, 26, 33]
[25, 28, 51]
[25, 32, 42]
[25, 46, 54]
[25, 47, 53]
[25, 49, 61]
[25, 50, 64]
[25, 55, 60]
[25, 56, 59]
[25, 57, 82]
[25, 58, 77]
[25, 62, 73]
[25, 63, 79]
[25, 65, 83]
[25, 66, 95]
[25, 68, 92]
[25, 69, 96]
[25, 70, 100]
[26, 26, 26]
[26, 27, 28]
[26, 29, 34]
[26, 30, 54]
[26, 35, 62]
[26, 36, 51]
[26, 48, 65]
[26, 52, 59]
[26, 53, 74]
[26, 55, 64]
[26, 56, 87]
[26, 57, 63]
[26, 58, 60]
[26, 61, 72]
[26, 66, 70]
[26, 67, 99]
[26, 69, 88]
[26, 71, 93]
[27, 27, 27]
[27, 29, 53]
[27, 30, 35]
[27, 31, 57]
[27, 32, 40]
[27, 34, 61]
[27, 38, 52]
[27, 43, 59]
[27, 49, 66]
[27, 51, 69]
[27, 54, 73]
[27, 55, 76]
[27, 58, 62]
[27, 60, 82]
[27, 63, 72]
[27, 64, 92]
[27, 65, 94]
[27, 68, 98]
[27, 70, 71]
[28, 28, 28]
[28, 29, 35]
[28, 30, 41]
[28, 33, 36]
[28, 34, 59]
[28, 38, 66]
[28, 39, 61]
[28, 45, 52]
[28, 50, 60]
[28, 53, 69]
[28, 54, 56]
[28, 55, 68]
[28, 57, 78]
[28, 58, 76]
[28, 62, 86]
[28, 63, 92]
[28, 64, 83]
[28, 67, 97]
[29, 29, 29]
[29, 32, 33]
[29, 36, 49]
[29, 37, 42]
[29, 38, 68]
[29, 39, 59]
[29, 55, 71]
[29, 56, 65]
[29, 57, 80]
[29, 58, 79]
[29, 60, 70]
[29, 61, 63]
[29, 62, 66]
[29, 64, 67]
[29, 69, 98]
[29, 72, 94]
[30, 30, 30]
[30, 31, 42]
[30, 32, 39]
[30, 33, 56]
[30, 34, 63]
[30, 37, 40]
[30, 43, 58]
[30, 45, 77]
[30, 48, 68]
[30, 55, 67]
[30, 59, 81]
[30, 60, 100]
[30, 61, 79]
[30, 62, 64]
[30, 65, 89]
[30, 66, 75]
[30, 69, 94]
[30, 70, 96]
[30, 72, 99]
[31, 31, 31]
[31, 32, 58]
[31, 33, 62]
[31, 34, 36]
[31, 35, 66]
[31, 37, 38]
[31, 39, 45]
[31, 43, 53]
[31, 44, 60]
[31, 56, 70]
[31, 59, 77]
[31, 61, 82]
[31, 63, 86]
[31, 64, 89]
[31, 67, 94]
[31, 68, 75]
[31, 69, 80]
[32, 32, 32]
[32, 34, 44]
[32, 36, 60]
[32, 38, 43]
[32, 41, 75]
[32, 46, 81]
[32, 50, 51]
[32, 57, 65]
[32, 59, 82]
[32, 61, 87]
[32, 62, 84]
[32, 63, 91]
[32, 64, 93]
[32, 66, 96]
[32, 67, 98]
[32, 72, 74]
[32, 73, 79]
[32, 80, 94]
[33, 33, 33]
[33, 35, 37]
[33, 38, 47]
[33, 39, 71]
[33, 40, 64]
[33, 41, 51]
[33, 42, 77]
[33, 44, 65]
[33, 49, 60]
[33, 58, 72]
[33, 61, 78]
[33, 63, 83]
[33, 66, 85]
[33, 67, 89]
[33, 68, 91]
[33, 69, 76]
[33, 70, 97]
[33, 75, 81]
[34, 34, 34]
[34, 35, 39]
[34, 37, 43]
[34, 40, 62]
[34, 45, 54]
[34, 46, 66]
[34, 48, 67]
[34, 49, 90]
[34, 64, 78]
[34, 65, 82]
[34, 68, 70]
[34, 69, 84]
[34, 71, 99]
[34, 72, 98]
[34, 73, 83]
[34, 77, 85]
[35, 35, 35]
[35, 36, 45]
[35, 40, 46]
[35, 41, 48]
[35, 44, 78]
[35, 49, 64]
[35, 50, 68]
[35, 54, 65]
[35, 58, 82]
[35, 63, 75]
[35, 67, 69]
[35, 70, 90]
[35, 71, 97]
[35, 72, 80]
[35, 73, 92]
[36, 36, 36]
[36, 37, 64]
[36, 38, 40]
[36, 41, 62]
[36, 42, 46]
[36, 43, 66]
[36, 44, 81]
[36, 47, 48]
[36, 52, 63]
[36, 65, 72]
[36, 67, 93]
[36, 68, 99]
[36, 70, 94]
[36, 71, 100]
[36, 76, 89]
[36, 78, 86]
[37, 37, 37]
[37, 39, 47]
[37, 45, 46]
[37, 48, 53]
[37, 49, 89]
[37, 50, 67]
[37, 54, 72]
[37, 55, 58]
[37, 57, 68]
[37, 69, 95]
[37, 70, 99]
[37, 71, 98]
[37, 75, 100]
[37, 78, 82]
[38, 38, 38]
[38, 39, 41]
[38, 44, 51]
[38, 48, 63]
[38, 49, 50]
[38, 55, 74]
[38, 58, 70]
[38, 69, 89]
[38, 71, 84]
[38, 72, 82]
[38, 73, 78]
[38, 75, 93]
[38, 83, 86]
[39, 39, 39]
[39, 40, 49]
[39, 42, 53]
[39, 43, 48]
[39, 52, 73]
[39, 54, 76]
[39, 56, 68]
[39, 74, 97]
[39, 75, 88]
[39, 77, 83]
[39, 78, 95]
[39, 79, 86]
[39, 82, 100]
[39, 87, 91]
[40, 40, 40]
[40, 42, 43]
[40, 44, 50]
[40, 45, 80]
[40, 47, 51]
[40, 48, 86]
[40, 52, 69]
[40, 66, 74]
[40, 70, 79]
[40, 71, 94]
[40, 72, 96]
[40, 73, 98]
[40, 77, 89]
[40, 85, 88]
[41, 41, 41]
[41, 43, 46]
[41, 44, 49]
[41, 45, 53]
[41, 47, 78]
[41, 50, 88]
[41, 52, 91]
[41, 55, 96]
[41, 58, 86]
[41, 60, 84]
[41, 73, 77]
[41, 76, 82]
[41, 80, 89]
[41, 83, 95]
[41, 85, 99]
[42, 42, 42]
[42, 44, 56]
[42, 45, 47]
[42, 49, 55]
[42, 50, 54]
[42, 51, 90]
[42, 52, 88]
[42, 59, 83]
[42, 62, 75]
[42, 74, 91]
[42, 76, 85]
[42, 78, 89]
[42, 87, 92]
[43, 43, 43]
[43, 44, 55]
[43, 45, 57]
[43, 49, 91]
[43, 50, 93]
[43, 51, 95]
[43, 54, 87]
[43, 56, 83]
[43, 62, 85]
[43, 65, 81]
[43, 76, 80]
[43, 79, 92]
[43, 82, 96]
[43, 90, 97]
[43, 99, 100]
[44, 44, 44]
[44, 45, 79]
[44, 46, 67]
[44, 47, 82]
[44, 48, 59]
[44, 53, 57]
[44, 54, 100]
[44, 62, 71]
[44, 64, 87]
[44, 84, 90]
[44, 92, 95]
[44, 94, 99]
[45, 45, 45]
[45, 48, 87]
[45, 49, 56]
[45, 51, 61]
[45, 58, 85]
[45, 60, 63]
[45, 83, 89]
[45, 86, 88]
[46, 46, 46]
[46, 47, 50]
[46, 48, 60]
[46, 49, 92]
[46, 51, 55]
[46, 52, 53]
[46, 56, 98]
[46, 58, 83]
[46, 59, 86]
[46, 61, 89]
[46, 64, 77]
[46, 84, 99]
[47, 47, 47]
[47, 49, 94]
[47, 52, 60]
[47, 54, 63]
[47, 55, 56]
[47, 57, 70]
[47, 59, 65]
[47, 61, 84]
[47, 62, 69]
[47, 83, 100]
[48, 48, 48]
[48, 49, 57]
[48, 50, 90]
[48, 51, 52]
[48, 54, 97]
[48, 56, 61]
[48, 62, 88]
[48, 64, 66]
[48, 71, 89]
[48, 96, 99]
[49, 49, 49]
[49, 51, 70]
[49, 52, 96]
[49, 53, 58]
[49, 62, 72]
[49, 63, 95]
[49, 67, 100]
[50, 50, 50]
[50, 52, 55]
[50, 53, 66]
[50, 56, 80]
[50, 57, 71]
[50, 58, 65]
[50, 59, 61]
[50, 62, 70]
[50, 73, 100]
[50, 91, 97]
[51, 51, 51]
[51, 53, 96]
[51, 54, 68]
[51, 56, 58]
[51, 59, 64]
[51, 60, 72]
[51, 62, 77]
[51, 65, 66]
[51, 73, 99]
[51, 75, 98]
[52, 52, 52]
[52, 54, 58]
[52, 56, 62]
[52, 57, 66]
[52, 61, 71]
[52, 78, 92]
[53, 53, 53]
[53, 54, 78]
[53, 55, 63]
[53, 56, 71]
[53, 60, 65]
[53, 61, 68]
[53, 64, 94]
[53, 70, 98]
[53, 72, 73]
[53, 79, 99]
[54, 54, 54]
[54, 55, 69]
[54, 57, 59]
[54, 61, 70]
[54, 64, 74]
[54, 66, 71]
[55, 55, 55]
[55, 57, 61]
[55, 59, 70]
[55, 62, 79]
[55, 65, 73]
[55, 66, 78]
[56, 56, 56]
[56, 57, 72]
[56, 63, 69]
[56, 64, 73]
[56, 66, 67]
[56, 74, 79]
[57, 57, 57]
[57, 58, 73]
[57, 60, 67]
[57, 62, 74]
[57, 69, 77]
[57, 76, 79]
[57, 87, 98]
[58, 58, 58]
[58, 59, 66]
[58, 61, 75]
[58, 64, 81]
[58, 68, 71]
[58, 74, 80]
[59, 59, 59]
[59, 63, 68]
[59, 67, 74]
[59, 69, 78]
[59, 71, 72]
[59, 73, 75]
[60, 60, 60]
[60, 62, 68]
[60, 64, 71]
[60, 66, 69]
[60, 73, 74]
[60, 75, 83]
[60, 76, 87]
[60, 79, 88]
[61, 61, 61]
[61, 62, 76]
[61, 64, 65]
[61, 67, 77]
[61, 73, 85]
[61, 80, 83]
[61, 90, 95]
[62, 62, 62]
[62, 63, 81]
[62, 65, 78]
[62, 67, 83]
[62, 80, 87]
[62, 90, 91]
[63, 63, 63]
[63, 64, 82]
[63, 65, 76]
[63, 66, 89]
[63, 67, 87]
[63, 70, 78]
[63, 71, 77]
[63, 84, 85]
[63, 90, 93]
[64, 64, 64]
[64, 68, 80]
[64, 69, 72]
[64, 70, 75]
[64, 79, 85]
[64, 88, 90]
[65, 65, 65]
[65, 67, 71]
[65, 68, 77]
[65, 69, 74]
[65, 70, 84]
[65, 75, 92]
[65, 79, 80]
[65, 85, 91]
[66, 66, 66]
[66, 68, 87]
[66, 72, 90]
[66, 73, 81]
[66, 76, 91]
[66, 77, 79]
[66, 80, 86]
[66, 84, 97]
[67, 67, 67]
[67, 68, 86]
[67, 70, 81]
[67, 73, 95]
[67, 75, 79]
[67, 76, 84]
[67, 78, 85]
[67, 82, 91]
[68, 68, 68]
[68, 72, 78]
[68, 74, 84]
[68, 79, 90]
[68, 81, 88]
[68, 82, 83]
[68, 89, 94]
[69, 69, 69]
[69, 70, 87]
[69, 71, 85]
[69, 73, 86]
[69, 79, 81]
[69, 83, 93]
[70, 70, 70]
[70, 72, 77]
[70, 73, 76]
[70, 74, 82]
[70, 80, 93]
[70, 83, 92]
[70, 85, 86]
[70, 89, 95]
[71, 71, 71]
[71, 74, 95]
[71, 75, 76]
[71, 78, 83]
[71, 79, 87]
[71, 81, 96]
[72, 72, 72]
[72, 75, 91]
[72, 76, 95]
[72, 79, 97]
[72, 81, 83]
[72, 84, 87]
[72, 85, 89]
[72, 86, 92]
[73, 73, 73]
[73, 80, 82]
[73, 84, 89]
[73, 87, 90]
[73, 88, 97]
[74, 74, 74]
[74, 75, 89]
[74, 76, 83]
[74, 77, 88]
[74, 78, 93]
[74, 81, 87]
[74, 90, 92]
[74, 98, 99]
[75, 75, 75]
[75, 77, 95]
[75, 78, 80]
[75, 82, 86]
[75, 87, 94]
[75, 96, 97]
[76, 76, 76]
[76, 77, 93]
[76, 78, 97]
[76, 81, 92]
[76, 86, 94]
[76, 88, 98]
[77, 77, 77]
[77, 78, 94]
[77, 80, 84]
[77, 81, 100]
[77, 82, 87]
[77, 86, 96]
[77, 91, 98]
[78, 78, 78]
[78, 84, 98]
[78, 87, 100]
[79, 79, 79]
[79, 91, 93]
[79, 94, 98]
[79, 95, 100]
[80, 80, 80]
[80, 81, 98]
[80, 85, 100]
[80, 88, 96]
[80, 91, 92]
[80, 97, 99]
[81, 81, 81]
[81, 82, 97]
[81, 84, 93]
[81, 85, 90]
[81, 89, 91]
[81, 95, 99]
[82, 82, 82]
[82, 84, 92]
[82, 88, 93]
[82, 89, 98]
[83, 83, 83]
[83, 87, 97]
[83, 88, 91]
[83, 90, 96]
[84, 84, 84]
[84, 95, 96]
[85, 85, 85]
[85, 93, 94]
[86, 86, 86]
[86, 87, 99]
[86, 89, 100]
[86, 95, 97]
[87, 87, 87]
[88, 88, 88]
[88, 92, 94]
[89, 89, 89]
[89, 92, 97]
[90, 90, 90]
[91, 91, 91]
[92, 92, 92]
[92, 93, 100]
[93, 93, 93]
[93, 96, 98]
[94, 94, 94]
[95, 95, 95]
[96, 96, 96]
[97, 97, 97]
[98, 98, 98]
[99, 99, 99]
[100, 100, 100]
