[0, 0, 0, 0]
[0, 0, 1, 2]
[0, 0, 3, 5]
[0, 0, 4, 7]
[0, 0, 6, 10]
[0, 0, 8, 13]
[0, 0, 9, 15]
[0, 0, 11, 18]
[0, 0, 12, 20]
[0, 1, 1, 1]
[0, 1, 3, 4]
[0, 1, 5, 8]
[0, 1, 6, 12]
[0, 1, 7, 11]
[0, 1, 9, 14]
[0, 1, 10, 17]
[0, 2, 2, 2]
[0, 2, 3, 6]
[0, 2, 4, 8]
[0, 2, 5, 7]
[0, 2, 9, 16]
[0, 2, 10, 15]
[0, 2, 11, 19]
[0, 2, 12, 18]
[0, 3, 3, 3]
[0, 3, 7, 9]
[0, 3, 8, 14]
[0, 3, 10, 11]
[0, 3, 13, 20]
[0, 4, 4, 4]
[0, 4, 5, 10]
[0, 4, 6, 9]
[0, 4, 11, 12]
[0, 4, 15, 19]
[0, 5, 5, 5]
[0, 5, 6, 14]
[0, 5, 9, 11]
[0, 5, 12, 13]
[0, 5, 16, 20]
[0, 6, 6, 6]
[0, 6, 7, 13]
[0, 6, 8, 11]
[0, 7, 7, 7]
[0, 7, 8, 16]
[0, 7, 10, 12]
[0, 7, 14, 19]
[0, 8, 8, 8]
[0, 8, 9, 17]
[0, 8, 10, 20]
[0, 8, 12, 19]
[0, 8, 15, 18]
[0, 9, 9, 9]
[0, 9, 10, 18]
[0, 10, 10, 10]
[0, 10, 13, 16]
[0, 11, 11, 11]
[0, 11, 13, 14]
[0, 12, 12, 12]
[0, 12, 14, 15]
[0, 13, 13, 13]
[0, 13, 15, 17]
[0, 14, 14, 14]
[0, 15, 15, 15]
[0, 16, 16, 16]
[0, 16, 17, 19]
[0, 17, 17, 17]
[0, 18, 18, 18]
[0, 19, 19, 19]
[0, 20, 20, 20]
[1, 1, 2, 2]
[1, 1, 3, 6]
[1, 1, 4, 8]
[1, 1, 5, 7]
[1, 1, 9, 16]
[1, 1, 10, 15]
[1, 1, 11, 19]
[1, 1, 12, 18]
[1, 2, 3, 5]
[1, 2, 4, 7]
[1, 2, 6, 10]
[1, 2, 8, 13]
[1, 2, 9, 15]
[1, 2, 11, 18]
[1, 2, 12, 20]
[1, 3, 3, 9]
[1, 3, 7, 8]
[1, 3, 10, 10]
[1, 3, 11, 13]
[1, 3, 12, 19]
[1, 4, 4, 6]
[1, 4, 5, 9]
[1, 4, 10, 16]
[1, 4, 13, 13]
[1, 4, 14, 15]
[1, 5, 5, 12]
[1, 5, 6, 6]
[1, 5, 10, 13]
[1, 5, 11, 20]
[1, 5, 17, 19]
[1, 6, 7, 16]
[1, 6, 8, 14]
[1, 6, 9, 13]
[1, 6, 15, 20]
[1, 7, 7, 10]
[1, 7, 9, 9]
[1, 7, 13, 14]
[1, 8, 8, 15]
[1, 8, 9, 11]
[1, 8, 10, 19]
[1, 8, 12, 12]
[1, 8, 16, 17]
[1, 9, 12, 17]
[1, 10, 11, 12]
[1, 10, 14, 20]
[1, 11, 11, 14]
[1, 11, 15, 15]
[1, 13, 15, 16]
[1, 13, 17, 17]
[1, 13, 18, 20]
[1, 14, 14, 17]
[1, 14, 18, 19]
[1, 16, 16, 19]
[1, 16, 18, 18]
[2, 2, 3, 4]
[2, 2, 5, 8]
[2, 2, 6, 12]
[2, 2, 7, 11]
[2, 2, 9, 14]
[2, 2, 10, 18]
[2, 3, 3, 8]
[2, 3, 7, 7]
[2, 3, 9, 10]
[2, 3, 12, 15]
[2, 4, 4, 9]
[2, 4, 5, 5]
[2, 4, 6, 15]
[2, 4, 10, 12]
[2, 4, 13, 17]
[2, 4, 16, 19]
[2, 5, 6, 9]
[2, 5, 10, 19]
[2, 5, 11, 15]
[2, 5, 12, 12]
[2, 6, 6, 7]
[2, 6, 8, 8]
[2, 6, 11, 13]
[2, 6, 14, 19]
[2, 7, 8, 15]
[2, 7, 9, 17]
[2, 7, 10, 20]
[2, 7, 13, 19]
[2, 7, 14, 16]
[2, 8, 11, 12]
[2, 8, 14, 20]
[2, 9, 9, 12]
[2, 9, 11, 20]
[2, 9, 13, 18]
[2, 10, 10, 11]
[2, 10, 13, 13]
[2, 11, 11, 17]
[2, 12, 13, 14]
[2, 13, 20, 20]
[2, 14, 15, 18]
[2, 15, 15, 20]
[2, 15, 16, 16]
[2, 16, 17, 17]
[2, 18, 19, 19]
[3, 3, 4, 6]
[3, 3, 5, 5]
[3, 3, 7, 14]
[3, 3, 10, 19]
[3, 3, 11, 12]
[3, 3, 13, 17]
[3, 3, 15, 20]
[3, 4, 4, 11]
[3, 4, 5, 7]
[3, 4, 8, 12]
[3, 4, 9, 17]
[3, 4, 13, 19]
[3, 5, 6, 11]
[3, 5, 8, 15]
[3, 5, 9, 19]
[3, 5, 10, 18]
[3, 5, 14, 20]
[3, 6, 6, 10]
[3, 6, 7, 12]
[3, 6, 8, 17]
[3, 6, 15, 18]
[3, 7, 11, 11]
[3, 7, 13, 15]
[3, 7, 17, 20]
[3, 8, 8, 13]
[3, 8, 9, 9]
[3, 8, 16, 18]
[3, 9, 11, 14]
[3, 9, 12, 12]
[3, 9, 16, 20]
[3, 10, 12, 16]
[3, 10, 14, 15]
[3, 11, 16, 19]
[3, 12, 13, 13]
[3, 13, 14, 16]
[3, 14, 17, 17]
[3, 15, 15, 17]
[3, 17, 18, 19]
[3, 18, 20, 20]
[4, 4, 5, 15]
[4, 4, 7, 7]
[4, 4, 8, 10]
[4, 4, 12, 13]
[4, 4, 14, 17]
[4, 5, 6, 13]
[4, 5, 8, 8]
[4, 5, 11, 16]
[4, 5, 12, 18]
[4, 6, 6, 12]
[4, 6, 7, 14]
[4, 6, 8, 19]
[4, 6, 10, 20]
[4, 6, 17, 18]
[4, 7, 8, 18]
[4, 7, 9, 15]
[4, 7, 12, 17]
[4, 7, 16, 20]
[4, 8, 13, 14]
[4, 8, 15, 20]
[4, 9, 9, 16]
[4, 9, 10, 10]
[4, 9, 14, 19]
[4, 10, 11, 17]
[4, 10, 14, 14]
[4, 10, 15, 18]
[4, 11, 11, 13]
[4, 11, 14, 18]
[4, 11, 19, 19]
[4, 12, 12, 14]
[4, 16, 16, 18]
[4, 17, 17, 19]
[4, 17, 20, 20]
[4, 18, 18, 20]
[5, 5, 6, 15]
[5, 5, 7, 8]
[5, 5, 9, 13]
[5, 5, 10, 16]
[5, 5, 17, 20]
[5, 6, 7, 10]
[5, 6, 16, 16]
[5, 6, 18, 19]
[5, 7, 7, 13]
[5, 7, 9, 14]
[5, 7, 11, 18]
[5, 8, 9, 18]
[5, 8, 10, 17]
[5, 8, 11, 14]
[5, 8, 12, 20]
[5, 8, 13, 19]
[5, 9, 10, 12]
[5, 9, 15, 15]
[5, 10, 11, 11]
[5, 11, 12, 17]
[5, 13, 13, 16]
[5, 14, 14, 18]
[5, 19, 19, 20]
[6, 6, 8, 9]
[6, 6, 11, 11]
[6, 6, 13, 16]
[6, 6, 15, 17]
[6, 7, 7, 8]
[6, 7, 9, 20]
[6, 7, 11, 17]
[6, 7, 15, 15]
[6, 8, 12, 13]
[6, 9, 9, 14]
[6, 9, 11, 18]
[6, 9, 16, 17]
[6, 9, 19, 19]
[6, 10, 10, 17]
[6, 10, 11, 16]
[6, 11, 12, 19]
[6, 11, 14, 15]
[6, 11, 20, 20]
[6, 12, 17, 20]
[6, 13, 14, 14]
[6, 14, 18, 20]
[7, 7, 9, 12]
[7, 7, 11, 16]
[7, 7, 14, 18]
[7, 8, 8, 19]
[7, 8, 14, 17]
[7, 9, 10, 16]
[7, 9, 13, 13]
[7, 9, 18, 19]
[7, 10, 10, 13]
[7, 10, 17, 19]
[7, 11, 12, 15]
[7, 11, 13, 20]
[7, 12, 12, 18]
[7, 12, 19, 20]
[7, 15, 16, 18]
[7, 15, 17, 17]
[7, 16, 19, 19]
[8, 8, 9, 20]
[8, 8, 10, 10]
[8, 8, 12, 14]
[8, 9, 15, 19]
[8, 10, 11, 15]
[8, 11, 16, 16]
[8, 11, 18, 19]
[8, 12, 18, 18]
[8, 13, 13, 15]
[8, 14, 14, 16]
[8, 14, 19, 19]
[8, 17, 17, 18]
[9, 9, 10, 11]
[9, 9, 13, 20]
[9, 9, 15, 18]
[9, 10, 17, 17]
[9, 11, 13, 15]
[9, 12, 16, 18]
[10, 10, 12, 19]
[10, 10, 16, 20]
[10, 12, 13, 18]
[10, 12, 14, 17]
[10, 13, 14, 19]
[10, 16, 16, 17]
[11, 11, 16, 18]
[11, 11, 19, 20]
[11, 12, 12, 13]
[11, 12, 14, 16]
[12, 12, 15, 15]
[12, 15, 20, 20]
[13, 13, 14, 20]
[13, 13, 17, 18]
[13, 13, 19, 19]
[13, 15, 15, 18]
[13, 18, 18, 19]
[14, 15, 15, 16]
[14, 15, 17, 19]
[15, 16, 17, 20]
[16, 16, 20, 20]
