[0, 0, 0]
[0, 1, 1]
[1, 0, 1]
[1, 1, 0]
[0, 2, 2]
[2, 0, 2]
[2, 2, 0]
[0, 3, 3]
[3, 0, 3]
[3, 3, 0]
[1, 2, 3]
[1, 3, 2]
[2, 1, 3]
[2, 3, 1]
[3, 1, 2]
[3, 2, 1]
[0, 4, 4]
[4, 0, 4]
[4, 4, 0]
[0, 5, 5]
[5, 0, 5]
[5, 5, 0]
[1, 4, 5]
[1, 5, 4]
[4, 1, 5]
[4, 5, 1]
[5, 1, 4]
[5, 4, 1]
[0, 6, 6]
[6, 0, 6]
[6, 6, 0]
[2, 4, 6]
[2, 6, 4]
[4, 2, 6]
[4, 6, 2]
[6, 2, 4]
[6, 4, 2]
[0, 7, 7]
[7, 0, 7]
[7, 7, 0]
[1, 6, 7]
[1, 7, 6]
[6, 1, 7]
[6, 7, 1]
[7, 1, 6]
[7, 6, 1]
[2, 5, 7]
[2, 7, 5]
[5, 2, 7]
[5, 7, 2]
[7, 2, 5]
[7, 5, 2]
[3, 4, 7]
[3, 7, 4]
[4, 3, 7]
[4, 7, 3]
[7, 3, 4]
[7, 4, 3]
[3, 5, 6]
[3, 6, 5]
[5, 3, 6]
[5, 6, 3]
[6, 3, 5]
[6, 5, 3]
[0, 8, 8]
[8, 0, 8]
[8, 8, 0]
[0, 9, 9]
[9, 0, 9]
[9, 9, 0]
[1, 8, 9]
[1, 9, 8]
[8, 1, 9]
[8, 9, 1]
[9, 1, 8]
[9, 8, 1]
[0, 10, 10]
[10, 0, 10]
[10, 10, 0]
[2, 8, 10]
[2, 10, 8]
[8, 2, 10]
[8, 10, 2]
[10, 2, 8]
[10, 8, 2]
[0, 11, 11]
[11, 0, 11]
[11, 11, 0]
[1, 10, 11]
[1, 11, 10]
[10, 1, 11]
[10, 11, 1]
[11, 1, 10]
[11, 10, 1]
[2, 9, 11]
[2, 11, 9]
[9, 2, 11]
[9, 11, 2]
[11, 2, 9]
[11, 9, 2]
[3, 8, 11]
[3, 11, 8]
[8, 3, 11]
[8, 11, 3]
[11, 3, 8]
[11, 8, 3]
[3, 9, 10]
[3, 10, 9]
[9, 3, 10]
[9, 10, 3]
[10, 3, 9]
[10, 9, 3]
[0, 12, 12]
[12, 0, 12]
[12, 12, 0]
[4, 8, 12]
[4, 12, 8]
[8, 4, 12]
[8, 12, 4]
[12, 4, 8]
[12, 8, 4]
[0, 13, 13]
[13, 0, 13]
[13, 13, 0]
[1, 12, 13]
[1, 13, 12]
[12, 1, 13]
[12, 13, 1]
[13, 1, 12]
[13, 12, 1]
[4, 9, 13]
[4, 13, 9]
[9, 4, 13]
[9, 13, 4]
[13, 4, 9]
[13, 9, 4]
[5, 8, 13]
[5, 13, 8]
[8, 5, 13]
[8, 13, 5]
[13, 5, 8]
[13, 8, 5]
[5, 9, 12]
[5, 12, 9]
[9, 5, 12]
[9, 12, 5]
[12, 5, 9]
[12, 9, 5]
[0, 14, 14]
[14, 0, 14]
[14, 14, 0]
[2, 12, 14]
[2, 14, 12]
[12, 2, 14]
[12, 14, 2]
[14, 2, 12]
[14, 12, 2]
[4, 10, 14]
[4, 14, 10]
[10, 4, 14]
[10, 14, 4]
[14, 4, 10]
[14, 10, 4]
[6, 8, 14]
[6, 14, 8]
[8, 6, 14]
[8, 14, 6]
[14, 6, 8]
[14, 8, 6]
[6, 10, 12]
[6, 12, 10]
[10, 6, 12]
[10, 12, 6]
[12, 6, 10]
[12, 10, 6]
[0, 15, 15]
[15, 0, 15]
[15, 15, 0]
[1, 14, 15]
[1, 15, 14]
[14, 1, 15]
[14, 15, 1]
[15, 1, 14]
[15, 14, 1]
[2, 13, 15]
[2, 15, 13]
[13, 2, 15]
[13, 15, 2]
[15, 2, 13]
[15, 13, 2]
[3, 12, 15]
[3, 15, 12]
[12, 3, 15]
[12, 15, 3]
[15, 3, 12]
[15, 12, 3]
[3, 13, 14]
[3, 14, 13]
[13, 3, 14]
[13, 14, 3]
[14, 3, 13]
[14, 13, 3]
[4, 11, 15]
[4, 15, 11]
[11, 4, 15]
[11, 15, 4]
[15, 4, 11]
[15, 11, 4]
[5, 10, 15]
[5, 15, 10]
[10, 5, 15]
[10, 15, 5]
[15, 5, 10]
[15, 10, 5]
[5, 11, 14]
[5, 14, 11]
[11, 5, 14]
[11, 14, 5]
[14, 5, 11]
[14, 11, 5]
[6, 9, 15]
[6, 15, 9]
[9, 6, 15]
[9, 15, 6]
[15, 6, 9]
[15, 9, 6]
[6, 11, 13]
[6, 13, 11]
[11, 6, 13]
[11, 13, 6]
[13, 6, 11]
[13, 11, 6]
[7, 8, 15]
[7, 15, 8]
[8, 7, 15]
[8, 15, 7]
[15, 7, 8]
[15, 8, 7]
[7, 9, 14]
[7, 14, 9]
[9, 7, 14]
[9, 14, 7]
[14, 7, 9]
[14, 9, 7]
[7, 10, 13]
[7, 13, 10]
[10, 7, 13]
[10, 13, 7]
[13, 7, 10]
[13, 10, 7]
[7, 11, 12]
[7, 12, 11]
[11, 7, 12]
[11, 12, 7]
[12, 7, 11]
[12, 11, 7]
[0, 16, 16]
[16, 0, 16]
[16, 16, 0]
[0, 17, 17]
[17, 0, 17]
[17, 17, 0]
[1, 16, 17]
[1, 17, 16]
[16, 1, 17]
[16, 17, 1]
[17, 1, 16]
[17, 16, 1]
[0, 18, 18]
[18, 0, 18]
[18, 18, 0]
[2, 16, 18]
[2, 18, 16]
[16, 2, 18]
[16, 18, 2]
[18, 2, 16]
[18, 16, 2]
[0, 19, 19]
[19, 0, 19]
[19, 19, 0]
[1, 18, 19]
[1, 19, 18]
[18, 1, 19]
[18, 19, 1]
[19, 1, 18]
[19, 18, 1]
[2, 17, 19]
[2, 19, 17]
[17, 2, 19]
[17, 19, 2]
[19, 2, 17]
[19, 17, 2]
[3, 16, 19]
[3, 19, 16]
[16, 3, 19]
[16, 19, 3]
[19, 3, 16]
[19, 16, 3]
[3, 17, 18]
[3, 18, 17]
[17, 3, 18]
[17, 18, 3]
[18, 3, 17]
[18, 17, 3]
[0, 20, 20]
[20, 0, 20]
[20, 20, 0]
[4, 16, 20]
[4, 20, 16]
[16, 4, 20]
[16, 20, 4]
[20, 4, 16]
[20, 16, 4]
[0, 21, 21]
[21, 0, 21]
[21, 21, 0]
[1, 20, 21]
[1, 21, 20]
[20, 1, 21]
[20, 21, 1]
[21, 1, 20]
[21, 20, 1]
[4, 17, 21]
[4, 21, 17]
[17, 4, 21]
[17, 21, 4]
[21, 4, 17]
[21, 17, 4]
[5, 16, 21]
[5, 21, 16]
[16, 5, 21]
[16, 21, 5]
[21, 5, 16]
[21, 16, 5]
[5, 17, 20]
[5, 20, 17]
[17, 5, 20]
[17, 20, 5]
[20, 5, 17]
[20, 17, 5]
[0, 22, 22]
[22, 0, 22]
[22, 22, 0]
[2, 20, 22]
[2, 22, 20]
[20, 2, 22]
[20, 22, 2]
[22, 2, 20]
[22, 20, 2]
[4, 18, 22]
[4, 22, 18]
[18, 4, 22]
[18, 22, 4]
[22, 4, 18]
[22, 18, 4]
[6, 16, 22]
[6, 22, 16]
[16, 6, 22]
[16, 22, 6]
[22, 6, 16]
[22, 16, 6]
[6, 18, 20]
[6, 20, 18]
[18, 6, 20]
[18, 20, 6]
[20, 6, 18]
[20, 18, 6]
[0, 23, 23]
[23, 0, 23]
[23, 23, 0]
[1, 22, 23]
[1, 23, 22]
[22, 1, 23]
[22, 23, 1]
[23, 1, 22]
[23, 22, 1]
[2, 21, 23]
[2, 23, 21]
[21, 2, 23]
[21, 23, 2]
[23, 2, 21]
[23, 21, 2]
[3, 20, 23]
[3, 23, 20]
[20, 3, 23]
[20, 23, 3]
[23, 3, 20]
[23, 20, 3]
[3, 21, 22]
[3, 22, 21]
[21, 3, 22]
[21, 22, 3]
[22, 3, 21]
[22, 21, 3]
[4, 19, 23]
[4, 23, 19]
[19, 4, 23]
[19, 23, 4]
[23, 4, 19]
[23, 19, 4]
[5, 18, 23]
[5, 23, 18]
[18, 5, 23]
[18, 23, 5]
[23, 5, 18]
[23, 18, 5]
[5, 19, 22]
[5, 22, 19]
[19, 5, 22]
[19, 22, 5]
[22, 5, 19]
[22, 19, 5]
[6, 17, 23]
[6, 23, 17]
[17, 6, 23]
[17, 23, 6]
[23, 6, 17]
[23, 17, 6]
[6, 19, 21]
[6, 21, 19]
[19, 6, 21]
[19, 21, 6]
[21, 6, 19]
[21, 19, 6]
[7, 16, 23]
[7, 23, 16]
[16, 7, 23]
[16, 23, 7]
[23, 7, 16]
[23, 16, 7]
[7, 17, 22]
[7, 22, 17]
[17, 7, 22]
[17, 22, 7]
[22, 7, 17]
[22, 17, 7]
[7, 18, 21]
[7, 21, 18]
[18, 7, 21]
[18, 21, 7]
[21, 7, 18]
[21, 18, 7]
[7, 19, 20]
[7, 20, 19]
[19, 7, 20]
[19, 20, 7]
[20, 7, 19]
[20, 19, 7]
[0, 24, 24]
[24, 0, 24]
[24, 24, 0]
[8, 16, 24]
[8, 24, 16]
[16, 8, 24]
[16, 24, 8]
[24, 8, 16]
[24, 16, 8]
[0, 25, 25]
[25, 0, 25]
[25, 25, 0]
[1, 24, 25]
[1, 25, 24]
[24, 1, 25]
[24, 25, 1]
[25, 1, 24]
[25, 24, 1]
[8, 17, 25]
[8, 25, 17]
[17, 8, 25]
[17, 25, 8]
[25, 8, 17]
[25, 17, 8]
[9, 16, 25]
[9, 25, 16]
[16, 9, 25]
[16, 25, 9]
[25, 9, 16]
[25, 16, 9]
[9, 17, 24]
[9, 24, 17]
[17, 9, 24]
[17, 24, 9]
[24, 9, 17]
[24, 17, 9]
[0, 26, 26]
[26, 0, 26]
[26, 26, 0]
[2, 24, 26]
[2, 26, 24]
[24, 2, 26]
[24, 26, 2]
[26, 2, 24]
[26, 24, 2]
[8, 18, 26]
[8, 26, 18]
[18, 8, 26]
[18, 26, 8]
[26, 8, 18]
[26, 18, 8]
[10, 16, 26]
[10, 26, 16]
[16, 10, 26]
[16, 26, 10]
[26, 10, 16]
[26, 16, 10]
[10, 18, 24]
[10, 24, 18]
[18, 10, 24]
[18, 24, 10]
[24, 10, 18]
[24, 18, 10]
[0, 27, 27]
[27, 0, 27]
[27, 27, 0]
[1, 26, 27]
[1, 27, 26]
[26, 1, 27]
[26, 27, 1]
[27, 1, 26]
[27, 26, 1]
[2, 25, 27]
[2, 27, 25]
[25, 2, 27]
[25, 27, 2]
[27, 2, 25]
[27, 25, 2]
[3, 24, 27]
[3, 27, 24]
[24, 3, 27]
[24, 27, 3]
[27, 3, 24]
[27, 24, 3]
[3, 25, 26]
[3, 26, 25]
[25, 3, 26]
[25, 26, 3]
[26, 3, 25]
[26, 25, 3]
[8, 19, 27]
[8, 27, 19]
[19, 8, 27]
[19, 27, 8]
[27, 8, 19]
[27, 19, 8]
[9, 18, 27]
[9, 27, 18]
[18, 9, 27]
[18, 27, 9]
[27, 9, 18]
[27, 18, 9]
[9, 19, 26]
[9, 26, 19]
[19, 9, 26]
[19, 26, 9]
[26, 9, 19]
[26, 19, 9]
[10, 17, 27]
[10, 27, 17]
[17, 10, 27]
[17, 27, 10]
[27, 10, 17]
[27, 17, 10]
[10, 19, 25]
[10, 25, 19]
[19, 10, 25]
[19, 25, 10]
[25, 10, 19]
[25, 19, 10]
[11, 16, 27]
[11, 27, 16]
[16, 11, 27]
[16, 27, 11]
[27, 11, 16]
[27, 16, 11]
[11, 17, 26]
[11, 26, 17]
[17, 11, 26]
[17, 26, 11]
[26, 11, 17]
[26, 17, 11]
[11, 18, 25]
[11, 25, 18]
[18, 11, 25]
[18, 25, 11]
[25, 11, 18]
[25, 18, 11]
[11, 19, 24]
[11, 24, 19]
[19, 11, 24]
[19, 24, 11]
[24, 11, 19]
[24, 19, 11]
[0, 28, 28]
[28, 0, 28]
[28, 28, 0]
[4, 24, 28]
[4, 28, 24]
[24, 4, 28]
[24, 28, 4]
[28, 4, 24]
[28, 24, 4]
[8, 20, 28]
[8, 28, 20]
[20, 8, 28]
[20, 28, 8]
[28, 8, 20]
[28, 20, 8]
[12, 16, 28]
[12, 28, 16]
[16, 12, 28]
[16, 28, 12]
[28, 12, 16]
[28, 16, 12]
[12, 20, 24]
[12, 24, 20]
[20, 12, 24]
[20, 24, 12]
[24, 12, 20]
[24, 20, 12]
[0, 29, 29]
[29, 0, 29]
[29, 29, 0]
[1, 28, 29]
[1, 29, 28]
[28, 1, 29]
[28, 29, 1]
[29, 1, 28]
[29, 28, 1]
[4, 25, 29]
[4, 29, 25]
[25, 4, 29]
[25, 29, 4]
[29, 4, 25]
[29, 25, 4]
[5, 24, 29]
[5, 29, 24]
[24, 5, 29]
[24, 29, 5]
[29, 5, 24]
[29, 24, 5]
[5, 25, 28]
[5, 28, 25]
[25, 5, 28]
[25, 28, 5]
[28, 5, 25]
[28, 25, 5]
[8, 21, 29]
[8, 29, 21]
[21, 8, 29]
[21, 29, 8]
[29, 8, 21]
[29, 21, 8]
[9, 20, 29]
[9, 29, 20]
[20, 9, 29]
[20, 29, 9]
[29, 9, 20]
[29, 20, 9]
[9, 21, 28]
[9, 28, 21]
[21, 9, 28]
[21, 28, 9]
[28, 9, 21]
[28, 21, 9]
[12, 17, 29]
[12, 29, 17]
[17, 12, 29]
[17, 29, 12]
[29, 12, 17]
[29, 17, 12]
[12, 21, 25]
[12, 25, 21]
[21, 12, 25]
[21, 25, 12]
[25, 12, 21]
[25, 21, 12]
[13, 16, 29]
[13, 29, 16]
[16, 13, 29]
[16, 29, 13]
[29, 13, 16]
[29, 16, 13]
[13, 17, 28]
[13, 28, 17]
[17, 13, 28]
[17, 28, 13]
[28, 13, 17]
[28, 17, 13]
[13, 20, 25]
[13, 25, 20]
[20, 13, 25]
[20, 25, 13]
[25, 13, 20]
[25, 20, 13]
[13, 21, 24]
[13, 24, 21]
[21, 13, 24]
[21, 24, 13]
[24, 13, 21]
[24, 21, 13]
[0, 30, 30]
[30, 0, 30]
[30, 30, 0]
[2, 28, 30]
[2, 30, 28]
[28, 2, 30]
[28, 30, 2]
[30, 2, 28]
[30, 28, 2]
[4, 26, 30]
[4, 30, 26]
[26, 4, 30]
[26, 30, 4]
[30, 4, 26]
[30, 26, 4]
[6, 24, 30]
[6, 30, 24]
[24, 6, 30]
[24, 30, 6]
[30, 6, 24]
[30, 24, 6]
[6, 26, 28]
[6, 28, 26]
[26, 6, 28]
[26, 28, 6]
[28, 6, 26]
[28, 26, 6]
[8, 22, 30]
[8, 30, 22]
[22, 8, 30]
[22, 30, 8]
[30, 8, 22]
[30, 22, 8]
[10, 20, 30]
[10, 30, 20]
[20, 10, 30]
[20, 30, 10]
[30, 10, 20]
[30, 20, 10]
[10, 22, 28]
[10, 28, 22]
[22, 10, 28]
[22, 28, 10]
[28, 10, 22]
[28, 22, 10]
[12, 18, 30]
[12, 30, 18]
[18, 12, 30]
[18, 30, 12]
[30, 12, 18]
[30, 18, 12]
[12, 22, 26]
[12, 26, 22]
[22, 12, 26]
[22, 26, 12]
[26, 12, 22]
[26, 22, 12]
[14, 16, 30]
[14, 30, 16]
[16, 14, 30]
[16, 30, 14]
[30, 14, 16]
[30, 16, 14]
[14, 18, 28]
[14, 28, 18]
[18, 14, 28]
[18, 28, 14]
[28, 14, 18]
[28, 18, 14]
[14, 20, 26]
[14, 26, 20]
[20, 14, 26]
[20, 26, 14]
[26, 14, 20]
[26, 20, 14]
[14, 22, 24]
[14, 24, 22]
[22, 14, 24]
[22, 24, 14]
[24, 14, 22]
[24, 22, 14]
[3, 29, 30]
[3, 30, 29]
[29, 3, 30]
[29, 30, 3]
[30, 3, 29]
[30, 29, 3]
[5, 27, 30]
[5, 30, 27]
[27, 5, 30]
[27, 30, 5]
[30, 5, 27]
[30, 27, 5]
[6, 27, 29]
[6, 29, 27]
[27, 6, 29]
[27, 29, 6]
[29, 6, 27]
[29, 27, 6]
[7, 25, 30]
[7, 30, 25]
[25, 7, 30]
[25, 30, 7]
[30, 7, 25]
[30, 25, 7]
[7, 26, 29]
[7, 29, 26]
[26, 7, 29]
[26, 29, 7]
[29, 7, 26]
[29, 26, 7]
[7, 27, 28]
[7, 28, 27]
[27, 7, 28]
[27, 28, 7]
[28, 7, 27]
[28, 27, 7]
[9, 23, 30]
[9, 30, 23]
[23, 9, 30]
[23, 30, 9]
[30, 9, 23]
[30, 23, 9]
[10, 23, 29]
[10, 29, 23]
[23, 10, 29]
[23, 29, 10]
[29, 10, 23]
[29, 23, 10]
[11, 21, 30]
[11, 30, 21]
[21, 11, 30]
[21, 30, 11]
[30, 11, 21]
[30, 21, 11]
[11, 22, 29]
[11, 29, 22]
[22, 11, 29]
[22, 29, 11]
[29, 11, 22]
[29, 22, 11]
[11, 23, 28]
[11, 28, 23]
[23, 11, 28]
[23, 28, 11]
[28, 11, 23]
[28, 23, 11]
[12, 23, 27]
[12, 27, 23]
[23, 12, 27]
[23, 27, 12]
[27, 12, 23]
[27, 23, 12]
[13, 19, 30]
[13, 30, 19]
[19, 13, 30]
[19, 30, 13]
[30, 13, 19]
[30, 19, 13]
[13, 22, 27]
[13, 27, 22]
[22, 13, 27]
[22, 27, 13]
[27, 13, 22]
[27, 22, 13]
[13, 23, 26]
[13, 26, 23]
[23, 13, 26]
[23, 26, 13]
[26, 13, 23]
[26, 23, 13]
[14, 19, 29]
[14, 29, 19]
[19, 14, 29]
[19, 29, 14]
[29, 14, 19]
[29, 19, 14]
[14, 21, 27]
[14, 27, 21]
[21, 14, 27]
[21, 27, 14]
[27, 14, 21]
[27, 21, 14]
[14, 23, 25]
[14, 25, 23]
[23, 14, 25]
[23, 25, 14]
[25, 14, 23]
[25, 23, 14]
[15, 17, 30]
[15, 30, 17]
[17, 15, 30]
[17, 30, 15]
[30, 15, 17]
[30, 17, 15]
[15, 18, 29]
[15, 29, 18]
[18, 15, 29]
[18, 29, 15]
[29, 15, 18]
[29, 18, 15]
[15, 19, 28]
[15, 28, 19]
[19, 15, 28]
[19, 28, 15]
[28, 15, 19]
[28, 19, 15]
[15, 20, 27]
[15, 27, 20]
[20, 15, 27]
[20, 27, 15]
[27, 15, 20]
[27, 20, 15]
[15, 21, 26]
[15, 26, 21]
[21, 15, 26]
[21, 26, 15]
[26, 15, 21]
[26, 21, 15]
[15, 22, 25]
[15, 25, 22]
[22, 15, 25]
[22, 25, 15]
[25, 15, 22]
[25, 22, 15]
[15, 23, 24]
[15, 24, 23]
[23, 15, 24]
[23, 24, 15]
[24, 15, 23]
[24, 23, 15]
