[0, 0, 0],[0, 1, 1]
[0, 0, 0],[1, 0, 1]
[0, 0, 0],[1, 1, 0]
[0, 1, 1],[0, 2, 2]
[1, 0, 1],[2, 0, 2]
[1, 1, 0],[2, 2, 0]
[0, 2, 2],[0, 3, 3]
[2, 0, 2],[3, 0, 3]
[2, 2, 0],[3, 3, 0]
[0, 2, 2],[1, 2, 3]
[0, 2, 2],[1, 3, 2]
[2, 0, 2],[2, 1, 3]
[2, 2, 0],[2, 3, 1]
[2, 0, 2],[3, 1, 2]
[2, 2, 0],[3, 2, 1]
[0, 3, 3],[0, 4, 4]
[3, 0, 3],[4, 0, 4]
[3, 3, 0],[4, 4, 0]
[0, 4, 4],[0, 5, 5]
[4, 0, 4],[5, 0, 5]
[4, 4, 0],[5, 5, 0]
[0, 4, 4],[1, 4, 5]
[0, 4, 4],[1, 5, 4]
[4, 0, 4],[4, 1, 5]
[4, 4, 0],[4, 5, 1]
[4, 0, 4],[5, 1, 4]
[4, 4, 0],[5, 4, 1]
[0, 5, 5],[0, 6, 6]
[5, 0, 5],[6, 0, 6]
[5, 5, 0],[6, 6, 0]
[1, 4, 5],[2, 4, 6]
[1, 5, 4],[2, 6, 4]
[4, 1, 5],[4, 2, 6]
[4, 5, 1],[4, 6, 2]
[5, 1, 4],[6, 2, 4]
[5, 4, 1],[6, 4, 2]
[0, 6, 6],[0, 7, 7]
[6, 0, 6],[7, 0, 7]
[6, 6, 0],[7, 7, 0]
[0, 6, 6],[1, 6, 7]
[0, 6, 6],[1, 7, 6]
[6, 0, 6],[6, 1, 7]
[6, 6, 0],[6, 7, 1]
[6, 0, 6],[7, 1, 6]
[6, 6, 0],[7, 6, 1]
[2, 4, 6],[2, 5, 7]
[2, 6, 4],[2, 7, 5]
[4, 2, 6],[5, 2, 7]
[4, 6, 2],[5, 7, 2]
[6, 2, 4],[7, 2, 5]
[6, 4, 2],[7, 5, 2]
[2, 4, 6],[3, 4, 7]
[2, 6, 4],[3, 7, 4]
[4, 2, 6],[4, 3, 7]
[4, 6, 2],[4, 7, 3]
[6, 2, 4],[7, 3, 4]
[6, 4, 2],[7, 4, 3]
[2, 4, 6],[3, 5, 6]
[2, 6, 4],[3, 6, 5]
[4, 2, 6],[5, 3, 6]
[4, 6, 2],[5, 6, 3]
[6, 2, 4],[6, 3, 5]
[6, 4, 2],[6, 5, 3]
[0, 7, 7],[0, 8, 8]
[7, 0, 7],[8, 0, 8]
[7, 7, 0],[8, 8, 0]
[0, 8, 8],[0, 9, 9]
[8, 0, 8],[9, 0, 9]
[8, 8, 0],[9, 9, 0]
[0, 8, 8],[1, 8, 9]
[0, 8, 8],[1, 9, 8]
[8, 0, 8],[8, 1, 9]
[8, 8, 0],[8, 9, 1]
[8, 0, 8],[9, 1, 8]
[8, 8, 0],[9, 8, 1]
[0, 9, 9],[0, 10, 10]
[9, 0, 9],[10, 0, 10]
[9, 9, 0],[10, 10, 0]
[1, 8, 9],[2, 8, 10]
[1, 9, 8],[2, 10, 8]
[8, 1, 9],[8, 2, 10]
[8, 9, 1],[8, 10, 2]
[9, 1, 8],[10, 2, 8]
[9, 8, 1],[10, 8, 2]
[0, 10, 10],[0, 11, 11]
[10, 0, 10],[11, 0, 11]
[10, 10, 0],[11, 11, 0]
[0, 10, 10],[1, 10, 11]
[0, 10, 10],[1, 11, 10]
[10, 0, 10],[10, 1, 11]
[10, 10, 0],[10, 11, 1]
[10, 0, 10],[11, 1, 10]
[10, 10, 0],[11, 10, 1]
[2, 8, 10],[2, 9, 11]
[2, 10, 8],[2, 11, 9]
[8, 2, 10],[9, 2, 11]
[8, 10, 2],[9, 11, 2]
[10, 2, 8],[11, 2, 9]
[10, 8, 2],[11, 9, 2]
[2, 8, 10],[3, 8, 11]
[2, 10, 8],[3, 11, 8]
[8, 2, 10],[8, 3, 11]
[8, 10, 2],[8, 11, 3]
[10, 2, 8],[11, 3, 8]
[10, 8, 2],[11, 8, 3]
[2, 8, 10],[3, 9, 10]
[2, 10, 8],[3, 10, 9]
[8, 2, 10],[9, 3, 10]
[8, 10, 2],[9, 10, 3]
[10, 2, 8],[10, 3, 9]
[10, 8, 2],[10, 9, 3]
[0, 11, 11],[0, 12, 12]
[11, 0, 11],[12, 0, 12]
[11, 11, 0],[12, 12, 0]
[3, 8, 11],[4, 8, 12]
[3, 11, 8],[4, 12, 8]
[8, 3, 11],[8, 4, 12]
[8, 11, 3],[8, 12, 4]
[11, 3, 8],[12, 4, 8]
[11, 8, 3],[12, 8, 4]
[0, 12, 12],[0, 13, 13]
[12, 0, 12],[13, 0, 13]
[12, 12, 0],[13, 13, 0]
[0, 12, 12],[1, 12, 13]
[0, 12, 12],[1, 13, 12]
[12, 0, 12],[12, 1, 13]
[12, 12, 0],[12, 13, 1]
[12, 0, 12],[13, 1, 12]
[12, 12, 0],[13, 12, 1]
[4, 8, 12],[4, 9, 13]
[4, 12, 8],[4, 13, 9]
[8, 4, 12],[9, 4, 13]
[8, 12, 4],[9, 13, 4]
[12, 4, 8],[13, 4, 9]
[12, 8, 4],[13, 9, 4]
[4, 8, 12],[5, 8, 13]
[4, 12, 8],[5, 13, 8]
[8, 4, 12],[8, 5, 13]
[8, 12, 4],[8, 13, 5]
[12, 4, 8],[13, 5, 8]
[12, 8, 4],[13, 8, 5]
[4, 8, 12],[5, 9, 12]
[4, 12, 8],[5, 12, 9]
[8, 4, 12],[9, 5, 12]
[8, 12, 4],[9, 12, 5]
[12, 4, 8],[12, 5, 9]
[12, 8, 4],[12, 9, 5]
[0, 13, 13],[0, 14, 14]
[13, 0, 13],[14, 0, 14]
[13, 13, 0],[14, 14, 0]
[1, 12, 13],[2, 12, 14]
[1, 13, 12],[2, 14, 12]
[12, 1, 13],[12, 2, 14]
[12, 13, 1],[12, 14, 2]
[13, 1, 12],[14, 2, 12]
[13, 12, 1],[14, 12, 2]
[4, 9, 13],[4, 10, 14]
[4, 13, 9],[4, 14, 10]
[9, 4, 13],[10, 4, 14]
[9, 13, 4],[10, 14, 4]
[13, 4, 9],[14, 4, 10]
[13, 9, 4],[14, 10, 4]
[5, 8, 13],[6, 8, 14]
[5, 13, 8],[6, 14, 8]
[8, 5, 13],[8, 6, 14]
[8, 13, 5],[8, 14, 6]
[13, 5, 8],[14, 6, 8]
[13, 8, 5],[14, 8, 6]
[5, 9, 12],[6, 10, 12]
[5, 12, 9],[6, 12, 10]
[9, 5, 12],[10, 6, 12]
[9, 12, 5],[10, 12, 6]
[12, 5, 9],[12, 6, 10]
[12, 9, 5],[12, 10, 6]
[0, 14, 14],[0, 15, 15]
[14, 0, 14],[15, 0, 15]
[14, 14, 0],[15, 15, 0]
[0, 14, 14],[1, 14, 15]
[0, 14, 14],[1, 15, 14]
[14, 0, 14],[14, 1, 15]
[14, 14, 0],[14, 15, 1]
[14, 0, 14],[15, 1, 14]
[14, 14, 0],[15, 14, 1]
[2, 12, 14],[2, 13, 15]
[2, 14, 12],[2, 15, 13]
[12, 2, 14],[13, 2, 15]
[12, 14, 2],[13, 15, 2]
[14, 2, 12],[15, 2, 13]
[14, 12, 2],[15, 13, 2]
[2, 12, 14],[3, 12, 15]
[2, 14, 12],[3, 15, 12]
[12, 2, 14],[12, 3, 15]
[12, 14, 2],[12, 15, 3]
[14, 2, 12],[15, 3, 12]
[14, 12, 2],[15, 12, 3]
[2, 12, 14],[3, 13, 14]
[2, 14, 12],[3, 14, 13]
[12, 2, 14],[13, 3, 14]
[12, 14, 2],[13, 14, 3]
[14, 2, 12],[14, 3, 13]
[14, 12, 2],[14, 13, 3]
[4, 10, 14],[4, 11, 15]
[4, 14, 10],[4, 15, 11]
[10, 4, 14],[11, 4, 15]
[10, 14, 4],[11, 15, 4]
[14, 4, 10],[15, 4, 11]
[14, 10, 4],[15, 11, 4]
[4, 10, 14],[5, 10, 15]
[4, 14, 10],[5, 15, 10]
[10, 4, 14],[10, 5, 15]
[10, 14, 4],[10, 15, 5]
[14, 4, 10],[15, 5, 10]
[14, 10, 4],[15, 10, 5]
[4, 10, 14],[5, 11, 14]
[4, 14, 10],[5, 14, 11]
[10, 4, 14],[11, 5, 14]
[10, 14, 4],[11, 14, 5]
[14, 4, 10],[14, 5, 11]
[14, 10, 4],[14, 11, 5]
[6, 8, 14],[6, 9, 15]
[6, 14, 8],[6, 15, 9]
[8, 6, 14],[9, 6, 15]
[8, 14, 6],[9, 15, 6]
[14, 6, 8],[15, 6, 9]
[14, 8, 6],[15, 9, 6]
[6, 10, 12],[6, 11, 13]
[6, 12, 10],[6, 13, 11]
[10, 6, 12],[11, 6, 13]
[10, 12, 6],[11, 13, 6]
[12, 6, 10],[13, 6, 11]
[12, 10, 6],[13, 11, 6]
[6, 8, 14],[7, 8, 15]
[6, 14, 8],[7, 15, 8]
[8, 6, 14],[8, 7, 15]
[8, 14, 6],[8, 15, 7]
[14, 6, 8],[15, 7, 8]
[14, 8, 6],[15, 8, 7]
[6, 8, 14],[7, 9, 14]
[6, 14, 8],[7, 14, 9]
[8, 6, 14],[9, 7, 14]
[8, 14, 6],[9, 14, 7]
[14, 6, 8],[14, 7, 9]
[14, 8, 6],[14, 9, 7]
[6, 10, 12],[7, 10, 13]
[6, 12, 10],[7, 13, 10]
[10, 6, 12],[10, 7, 13]
[10, 12, 6],[10, 13, 7]
[12, 6, 10],[13, 7, 10]
[12, 10, 6],[13, 10, 7]
[6, 10, 12],[7, 11, 12]
[6, 12, 10],[7, 12, 11]
[10, 6, 12],[11, 7, 12]
[10, 12, 6],[11, 12, 7]
[12, 6, 10],[12, 7, 11]
[12, 10, 6],[12, 11, 7]
[0, 15, 15],[0, 16, 16]
[15, 0, 15],[16, 0, 16]
[15, 15, 0],[16, 16, 0]
[0, 16, 16],[0, 17, 17]
[16, 0, 16],[17, 0, 17]
[16, 16, 0],[17, 17, 0]
[0, 16, 16],[1, 16, 17]
[0, 16, 16],[1, 17, 16]
[16, 0, 16],[16, 1, 17]
[16, 16, 0],[16, 17, 1]
[16, 0, 16],[17, 1, 16]
[16, 16, 0],[17, 16, 1]
[0, 17, 17],[0, 18, 18]
[17, 0, 17],[18, 0, 18]
[17, 17, 0],[18, 18, 0]
[1, 16, 17],[2, 16, 18]
[1, 17, 16],[2, 18, 16]
[16, 1, 17],[16, 2, 18]
[16, 17, 1],[16, 18, 2]
[17, 1, 16],[18, 2, 16]
[17, 16, 1],[18, 16, 2]
[0, 18, 18],[0, 19, 19]
[18, 0, 18],[19, 0, 19]
[18, 18, 0],[19, 19, 0]
[0, 18, 18],[1, 18, 19]
[0, 18, 18],[1, 19, 18]
[18, 0, 18],[18, 1, 19]
[18, 18, 0],[18, 19, 1]
[18, 0, 18],[19, 1, 18]
[18, 18, 0],[19, 18, 1]
[2, 16, 18],[2, 17, 19]
[2, 18, 16],[2, 19, 17]
[16, 2, 18],[17, 2, 19]
[16, 18, 2],[17, 19, 2]
[18, 2, 16],[19, 2, 17]
[18, 16, 2],[19, 17, 2]
[2, 16, 18],[3, 16, 19]
[2, 18, 16],[3, 19, 16]
[16, 2, 18],[16, 3, 19]
[16, 18, 2],[16, 19, 3]
[18, 2, 16],[19, 3, 16]
[18, 16, 2],[19, 16, 3]
[2, 16, 18],[3, 17, 18]
[2, 18, 16],[3, 18, 17]
[16, 2, 18],[17, 3, 18]
[16, 18, 2],[17, 18, 3]
[18, 2, 16],[18, 3, 17]
[18, 16, 2],[18, 17, 3]
[0, 19, 19],[0, 20, 20]
[19, 0, 19],[20, 0, 20]
[19, 19, 0],[20, 20, 0]
[3, 16, 19],[4, 16, 20]
[3, 19, 16],[4, 20, 16]
[16, 3, 19],[16, 4, 20]
[16, 19, 3],[16, 20, 4]
[19, 3, 16],[20, 4, 16]
[19, 16, 3],[20, 16, 4]
[0, 20, 20],[0, 21, 21]
[20, 0, 20],[21, 0, 21]
[20, 20, 0],[21, 21, 0]
[0, 20, 20],[1, 20, 21]
[0, 20, 20],[1, 21, 20]
[20, 0, 20],[20, 1, 21]
[20, 20, 0],[20, 21, 1]
[20, 0, 20],[21, 1, 20]
[20, 20, 0],[21, 20, 1]
[4, 16, 20],[4, 17, 21]
[4, 20, 16],[4, 21, 17]
[16, 4, 20],[17, 4, 21]
[16, 20, 4],[17, 21, 4]
[20, 4, 16],[21, 4, 17]
[20, 16, 4],[21, 17, 4]
[4, 16, 20],[5, 16, 21]
[4, 20, 16],[5, 21, 16]
[16, 4, 20],[16, 5, 21]
[16, 20, 4],[16, 21, 5]
[20, 4, 16],[21, 5, 16]
[20, 16, 4],[21, 16, 5]
[4, 16, 20],[5, 17, 20]
[4, 20, 16],[5, 20, 17]
[16, 4, 20],[17, 5, 20]
[16, 20, 4],[17, 20, 5]
[20, 4, 16],[20, 5, 17]
[20, 16, 4],[20, 17, 5]
[0, 21, 21],[0, 22, 22]
[21, 0, 21],[22, 0, 22]
[21, 21, 0],[22, 22, 0]
[1, 20, 21],[2, 20, 22]
[1, 21, 20],[2, 22, 20]
[20, 1, 21],[20, 2, 22]
[20, 21, 1],[20, 22, 2]
[21, 1, 20],[22, 2, 20]
[21, 20, 1],[22, 20, 2]
[4, 17, 21],[4, 18, 22]
[4, 21, 17],[4, 22, 18]
[17, 4, 21],[18, 4, 22]
[17, 21, 4],[18, 22, 4]
[21, 4, 17],[22, 4, 18]
[21, 17, 4],[22, 18, 4]
[5, 16, 21],[6, 16, 22]
[5, 21, 16],[6, 22, 16]
[16, 5, 21],[16, 6, 22]
[16, 21, 5],[16, 22, 6]
[21, 5, 16],[22, 6, 16]
[21, 16, 5],[22, 16, 6]
[5, 17, 20],[6, 18, 20]
[5, 20, 17],[6, 20, 18]
[17, 5, 20],[18, 6, 20]
[17, 20, 5],[18, 20, 6]
[20, 5, 17],[20, 6, 18]
[20, 17, 5],[20, 18, 6]
[0, 22, 22],[0, 23, 23]
[22, 0, 22],[23, 0, 23]
[22, 22, 0],[23, 23, 0]
[0, 22, 22],[1, 22, 23]
[0, 22, 22],[1, 23, 22]
[22, 0, 22],[22, 1, 23]
[22, 22, 0],[22, 23, 1]
[22, 0, 22],[23, 1, 22]
[22, 22, 0],[23, 22, 1]
[2, 20, 22],[2, 21, 23]
[2, 22, 20],[2, 23, 21]
[20, 2, 22],[21, 2, 23]
[20, 22, 2],[21, 23, 2]
[22, 2, 20],[23, 2, 21]
[22, 20, 2],[23, 21, 2]
[2, 20, 22],[3, 20, 23]
[2, 22, 20],[3, 23, 20]
[20, 2, 22],[20, 3, 23]
[20, 22, 2],[20, 23, 3]
[22, 2, 20],[23, 3, 20]
[22, 20, 2],[23, 20, 3]
[2, 20, 22],[3, 21, 22]
[2, 22, 20],[3, 22, 21]
[20, 2, 22],[21, 3, 22]
[20, 22, 2],[21, 22, 3]
[22, 2, 20],[22, 3, 21]
[22, 20, 2],[22, 21, 3]
[4, 18, 22],[4, 19, 23]
[4, 22, 18],[4, 23, 19]
[18, 4, 22],[19, 4, 23]
[18, 22, 4],[19, 23, 4]
[22, 4, 18],[23, 4, 19]
[22, 18, 4],[23, 19, 4]
[4, 18, 22],[5, 18, 23]
[4, 22, 18],[5, 23, 18]
[18, 4, 22],[18, 5, 23]
[18, 22, 4],[18, 23, 5]
[22, 4, 18],[23, 5, 18]
[22, 18, 4],[23, 18, 5]
[4, 18, 22],[5, 19, 22]
[4, 22, 18],[5, 22, 19]
[18, 4, 22],[19, 5, 22]
[18, 22, 4],[19, 22, 5]
[22, 4, 18],[22, 5, 19]
[22, 18, 4],[22, 19, 5]
[6, 16, 22],[6, 17, 23]
[6, 22, 16],[6, 23, 17]
[16, 6, 22],[17, 6, 23]
[16, 22, 6],[17, 23, 6]
[22, 6, 16],[23, 6, 17]
[22, 16, 6],[23, 17, 6]
[6, 18, 20],[6, 19, 21]
[6, 20, 18],[6, 21, 19]
[18, 6, 20],[19, 6, 21]
[18, 20, 6],[19, 21, 6]
[20, 6, 18],[21, 6, 19]
[20, 18, 6],[21, 19, 6]
[6, 16, 22],[7, 16, 23]
[6, 22, 16],[7, 23, 16]
[16, 6, 22],[16, 7, 23]
[16, 22, 6],[16, 23, 7]
[22, 6, 16],[23, 7, 16]
[22, 16, 6],[23, 16, 7]
[6, 16, 22],[7, 17, 22]
[6, 22, 16],[7, 22, 17]
[16, 6, 22],[17, 7, 22]
[16, 22, 6],[17, 22, 7]
[22, 6, 16],[22, 7, 17]
[22, 16, 6],[22, 17, 7]
[6, 18, 20],[7, 18, 21]
[6, 20, 18],[7, 21, 18]
[18, 6, 20],[18, 7, 21]
[18, 20, 6],[18, 21, 7]
[20, 6, 18],[21, 7, 18]
[20, 18, 6],[21, 18, 7]
[6, 18, 20],[7, 19, 20]
[6, 20, 18],[7, 20, 19]
[18, 6, 20],[19, 7, 20]
[18, 20, 6],[19, 20, 7]
[20, 6, 18],[20, 7, 19]
[20, 18, 6],[20, 19, 7]
[0, 23, 23],[0, 24, 24]
[23, 0, 23],[24, 0, 24]
[23, 23, 0],[24, 24, 0]
[7, 16, 23],[8, 16, 24]
[7, 23, 16],[8, 24, 16]
[16, 7, 23],[16, 8, 24]
[16, 23, 7],[16, 24, 8]
[23, 7, 16],[24, 8, 16]
[23, 16, 7],[24, 16, 8]
[0, 24, 24],[0, 25, 25]
[24, 0, 24],[25, 0, 25]
[24, 24, 0],[25, 25, 0]
[0, 24, 24],[1, 24, 25]
[0, 24, 24],[1, 25, 24]
[24, 0, 24],[24, 1, 25]
[24, 24, 0],[24, 25, 1]
[24, 0, 24],[25, 1, 24]
[24, 24, 0],[25, 24, 1]
[8, 16, 24],[8, 17, 25]
[8, 24, 16],[8, 25, 17]
[16, 8, 24],[17, 8, 25]
[16, 24, 8],[17, 25, 8]
[24, 8, 16],[25, 8, 17]
[24, 16, 8],[25, 17, 8]
[8, 16, 24],[9, 16, 25]
[8, 24, 16],[9, 25, 16]
[16, 8, 24],[16, 9, 25]
[16, 24, 8],[16, 25, 9]
[24, 8, 16],[25, 9, 16]
[24, 16, 8],[25, 16, 9]
[8, 16, 24],[9, 17, 24]
[8, 24, 16],[9, 24, 17]
[16, 8, 24],[17, 9, 24]
[16, 24, 8],[17, 24, 9]
[24, 8, 16],[24, 9, 17]
[24, 16, 8],[24, 17, 9]
[0, 25, 25],[0, 26, 26]
[25, 0, 25],[26, 0, 26]
[25, 25, 0],[26, 26, 0]
[1, 24, 25],[2, 24, 26]
[1, 25, 24],[2, 26, 24]
[24, 1, 25],[24, 2, 26]
[24, 25, 1],[24, 26, 2]
[25, 1, 24],[26, 2, 24]
[25, 24, 1],[26, 24, 2]
[8, 17, 25],[8, 18, 26]
[8, 25, 17],[8, 26, 18]
[17, 8, 25],[18, 8, 26]
[17, 25, 8],[18, 26, 8]
[25, 8, 17],[26, 8, 18]
[25, 17, 8],[26, 18, 8]
[9, 16, 25],[10, 16, 26]
[9, 25, 16],[10, 26, 16]
[16, 9, 25],[16, 10, 26]
[16, 25, 9],[16, 26, 10]
[25, 9, 16],[26, 10, 16]
[25, 16, 9],[26, 16, 10]
[9, 17, 24],[10, 18, 24]
[9, 24, 17],[10, 24, 18]
[17, 9, 24],[18, 10, 24]
[17, 24, 9],[18, 24, 10]
[24, 9, 17],[24, 10, 18]
[24, 17, 9],[24, 18, 10]
[0, 26, 26],[0, 27, 27]
[26, 0, 26],[27, 0, 27]
[26, 26, 0],[27, 27, 0]
[0, 26, 26],[1, 26, 27]
[0, 26, 26],[1, 27, 26]
[26, 0, 26],[26, 1, 27]
[26, 26, 0],[26, 27, 1]
[26, 0, 26],[27, 1, 26]
[26, 26, 0],[27, 26, 1]
[2, 24, 26],[2, 25, 27]
[2, 26, 24],[2, 27, 25]
[24, 2, 26],[25, 2, 27]
[24, 26, 2],[25, 27, 2]
[26, 2, 24],[27, 2, 25]
[26, 24, 2],[27, 25, 2]
[2, 24, 26],[3, 24, 27]
[2, 26, 24],[3, 27, 24]
[24, 2, 26],[24, 3, 27]
[24, 26, 2],[24, 27, 3]
[26, 2, 24],[27, 3, 24]
[26, 24, 2],[27, 24, 3]
[2, 24, 26],[3, 25, 26]
[2, 26, 24],[3, 26, 25]
[24, 2, 26],[25, 3, 26]
[24, 26, 2],[25, 26, 3]
[26, 2, 24],[26, 3, 25]
[26, 24, 2],[26, 25, 3]
[8, 18, 26],[8, 19, 27]
[8, 26, 18],[8, 27, 19]
[18, 8, 26],[19, 8, 27]
[18, 26, 8],[19, 27, 8]
[26, 8, 18],[27, 8, 19]
[26, 18, 8],[27, 19, 8]
[8, 18, 26],[9, 18, 27]
[8, 26, 18],[9, 27, 18]
[18, 8, 26],[18, 9, 27]
[18, 26, 8],[18, 27, 9]
[26, 8, 18],[27, 9, 18]
[26, 18, 8],[27, 18, 9]
[8, 18, 26],[9, 19, 26]
[8, 26, 18],[9, 26, 19]
[18, 8, 26],[19, 9, 26]
[18, 26, 8],[19, 26, 9]
[26, 8, 18],[26, 9, 19]
[26, 18, 8],[26, 19, 9]
[10, 16, 26],[10, 17, 27]
[10, 26, 16],[10, 27, 17]
[16, 10, 26],[17, 10, 27]
[16, 26, 10],[17, 27, 10]
[26, 10, 16],[27, 10, 17]
[26, 16, 10],[27, 17, 10]
[10, 18, 24],[10, 19, 25]
[10, 24, 18],[10, 25, 19]
[18, 10, 24],[19, 10, 25]
[18, 24, 10],[19, 25, 10]
[24, 10, 18],[25, 10, 19]
[24, 18, 10],[25, 19, 10]
[10, 16, 26],[11, 16, 27]
[10, 26, 16],[11, 27, 16]
[16, 10, 26],[16, 11, 27]
[16, 26, 10],[16, 27, 11]
[26, 10, 16],[27, 11, 16]
[26, 16, 10],[27, 16, 11]
[10, 16, 26],[11, 17, 26]
[10, 26, 16],[11, 26, 17]
[16, 10, 26],[17, 11, 26]
[16, 26, 10],[17, 26, 11]
[26, 10, 16],[26, 11, 17]
[26, 16, 10],[26, 17, 11]
[10, 18, 24],[11, 18, 25]
[10, 24, 18],[11, 25, 18]
[18, 10, 24],[18, 11, 25]
[18, 24, 10],[18, 25, 11]
[24, 10, 18],[25, 11, 18]
[24, 18, 10],[25, 18, 11]
[10, 18, 24],[11, 19, 24]
[10, 24, 18],[11, 24, 19]
[18, 10, 24],[19, 11, 24]
[18, 24, 10],[19, 24, 11]
[24, 10, 18],[24, 11, 19]
[24, 18, 10],[24, 19, 11]
[0, 27, 27],[0, 28, 28]
[27, 0, 27],[28, 0, 28]
[27, 27, 0],[28, 28, 0]
[3, 24, 27],[4, 24, 28]
[3, 27, 24],[4, 28, 24]
[24, 3, 27],[24, 4, 28]
[24, 27, 3],[24, 28, 4]
[27, 3, 24],[28, 4, 24]
[27, 24, 3],[28, 24, 4]
[8, 19, 27],[8, 20, 28]
[8, 27, 19],[8, 28, 20]
[19, 8, 27],[20, 8, 28]
[19, 27, 8],[20, 28, 8]
[27, 8, 19],[28, 8, 20]
[27, 19, 8],[28, 20, 8]
[11, 16, 27],[12, 16, 28]
[11, 27, 16],[12, 28, 16]
[16, 11, 27],[16, 12, 28]
[16, 27, 11],[16, 28, 12]
[27, 11, 16],[28, 12, 16]
[27, 16, 11],[28, 16, 12]
[11, 19, 24],[12, 20, 24]
[11, 24, 19],[12, 24, 20]
[19, 11, 24],[20, 12, 24]
[19, 24, 11],[20, 24, 12]
[24, 11, 19],[24, 12, 20]
[24, 19, 11],[24, 20, 12]
[0, 28, 28],[0, 29, 29]
[28, 0, 28],[29, 0, 29]
[28, 28, 0],[29, 29, 0]
[0, 28, 28],[1, 28, 29]
[0, 28, 28],[1, 29, 28]
[28, 0, 28],[28, 1, 29]
[28, 28, 0],[28, 29, 1]
[28, 0, 28],[29, 1, 28]
[28, 28, 0],[29, 28, 1]
[4, 24, 28],[4, 25, 29]
[4, 28, 24],[4, 29, 25]
[24, 4, 28],[25, 4, 29]
[24, 28, 4],[25, 29, 4]
[28, 4, 24],[29, 4, 25]
[28, 24, 4],[29, 25, 4]
[4, 24, 28],[5, 24, 29]
[4, 28, 24],[5, 29, 24]
[24, 4, 28],[24, 5, 29]
[24, 28, 4],[24, 29, 5]
[28, 4, 24],[29, 5, 24]
[28, 24, 4],[29, 24, 5]
[4, 24, 28],[5, 25, 28]
[4, 28, 24],[5, 28, 25]
[24, 4, 28],[25, 5, 28]
[24, 28, 4],[25, 28, 5]
[28, 4, 24],[28, 5, 25]
[28, 24, 4],[28, 25, 5]
[8, 20, 28],[8, 21, 29]
[8, 28, 20],[8, 29, 21]
[20, 8, 28],[21, 8, 29]
[20, 28, 8],[21, 29, 8]
[28, 8, 20],[29, 8, 21]
[28, 20, 8],[29, 21, 8]
[8, 20, 28],[9, 20, 29]
[8, 28, 20],[9, 29, 20]
[20, 8, 28],[20, 9, 29]
[20, 28, 8],[20, 29, 9]
[28, 8, 20],[29, 9, 20]
[28, 20, 8],[29, 20, 9]
[8, 20, 28],[9, 21, 28]
[8, 28, 20],[9, 28, 21]
[20, 8, 28],[21, 9, 28]
[20, 28, 8],[21, 28, 9]
[28, 8, 20],[28, 9, 21]
[28, 20, 8],[28, 21, 9]
[12, 16, 28],[12, 17, 29]
[12, 28, 16],[12, 29, 17]
[16, 12, 28],[17, 12, 29]
[16, 28, 12],[17, 29, 12]
[28, 12, 16],[29, 12, 17]
[28, 16, 12],[29, 17, 12]
[12, 20, 24],[12, 21, 25]
[12, 24, 20],[12, 25, 21]
[20, 12, 24],[21, 12, 25]
[20, 24, 12],[21, 25, 12]
[24, 12, 20],[25, 12, 21]
[24, 20, 12],[25, 21, 12]
[12, 16, 28],[13, 16, 29]
[12, 28, 16],[13, 29, 16]
[16, 12, 28],[16, 13, 29]
[16, 28, 12],[16, 29, 13]
[28, 12, 16],[29, 13, 16]
[28, 16, 12],[29, 16, 13]
[12, 16, 28],[13, 17, 28]
[12, 28, 16],[13, 28, 17]
[16, 12, 28],[17, 13, 28]
[16, 28, 12],[17, 28, 13]
[28, 12, 16],[28, 13, 17]
[28, 16, 12],[28, 17, 13]
[12, 20, 24],[13, 20, 25]
[12, 24, 20],[13, 25, 20]
[20, 12, 24],[20, 13, 25]
[20, 24, 12],[20, 25, 13]
[24, 12, 20],[25, 13, 20]
[24, 20, 12],[25, 20, 13]
[12, 20, 24],[13, 21, 24]
[12, 24, 20],[13, 24, 21]
[20, 12, 24],[21, 13, 24]
[20, 24, 12],[21, 24, 13]
[24, 12, 20],[24, 13, 21]
[24, 20, 12],[24, 21, 13]
[0, 29, 29],[0, 30, 30]
[29, 0, 29],[30, 0, 30]
[29, 29, 0],[30, 30, 0]
[1, 28, 29],[2, 28, 30]
[1, 29, 28],[2, 30, 28]
[28, 1, 29],[28, 2, 30]
[28, 29, 1],[28, 30, 2]
[29, 1, 28],[30, 2, 28]
[29, 28, 1],[30, 28, 2]
[4, 25, 29],[4, 26, 30]
[4, 29, 25],[4, 30, 26]
[25, 4, 29],[26, 4, 30]
[25, 29, 4],[26, 30, 4]
[29, 4, 25],[30, 4, 26]
[29, 25, 4],[30, 26, 4]
[5, 24, 29],[6, 24, 30]
[5, 29, 24],[6, 30, 24]
[24, 5, 29],[24, 6, 30]
[24, 29, 5],[24, 30, 6]
[29, 5, 24],[30, 6, 24]
[29, 24, 5],[30, 24, 6]
[5, 25, 28],[6, 26, 28]
[5, 28, 25],[6, 28, 26]
[25, 5, 28],[26, 6, 28]
[25, 28, 5],[26, 28, 6]
[28, 5, 25],[28, 6, 26]
[28, 25, 5],[28, 26, 6]
[8, 21, 29],[8, 22, 30]
[8, 29, 21],[8, 30, 22]
[21, 8, 29],[22, 8, 30]
[21, 29, 8],[22, 30, 8]
[29, 8, 21],[30, 8, 22]
[29, 21, 8],[30, 22, 8]
[9, 20, 29],[10, 20, 30]
[9, 29, 20],[10, 30, 20]
[20, 9, 29],[20, 10, 30]
[20, 29, 9],[20, 30, 10]
[29, 9, 20],[30, 10, 20]
[29, 20, 9],[30, 20, 10]
[9, 21, 28],[10, 22, 28]
[9, 28, 21],[10, 28, 22]
[21, 9, 28],[22, 10, 28]
[21, 28, 9],[22, 28, 10]
[28, 9, 21],[28, 10, 22]
[28, 21, 9],[28, 22, 10]
[12, 17, 29],[12, 18, 30]
[12, 29, 17],[12, 30, 18]
[17, 12, 29],[18, 12, 30]
[17, 29, 12],[18, 30, 12]
[29, 12, 17],[30, 12, 18]
[29, 17, 12],[30, 18, 12]
[12, 21, 25],[12, 22, 26]
[12, 25, 21],[12, 26, 22]
[21, 12, 25],[22, 12, 26]
[21, 25, 12],[22, 26, 12]
[25, 12, 21],[26, 12, 22]
[25, 21, 12],[26, 22, 12]
[13, 16, 29],[14, 16, 30]
[13, 29, 16],[14, 30, 16]
[16, 13, 29],[16, 14, 30]
[16, 29, 13],[16, 30, 14]
[29, 13, 16],[30, 14, 16]
[29, 16, 13],[30, 16, 14]
[13, 17, 28],[14, 18, 28]
[13, 28, 17],[14, 28, 18]
[17, 13, 28],[18, 14, 28]
[17, 28, 13],[18, 28, 14]
[28, 13, 17],[28, 14, 18]
[28, 17, 13],[28, 18, 14]
[13, 20, 25],[14, 20, 26]
[13, 25, 20],[14, 26, 20]
[20, 13, 25],[20, 14, 26]
[20, 25, 13],[20, 26, 14]
[25, 13, 20],[26, 14, 20]
[25, 20, 13],[26, 20, 14]
[13, 21, 24],[14, 22, 24]
[13, 24, 21],[14, 24, 22]
[21, 13, 24],[22, 14, 24]
[21, 24, 13],[22, 24, 14]
[24, 13, 21],[24, 14, 22]
[24, 21, 13],[24, 22, 14]
