[0, 0, 0]
[0, 1, 1]
[0, 2, 2]
[0, 3, 3]
[0, 4, 4]
[0, 5, 5]
[0, 6, 6]
[0, 7, 7]
[0, 8, 8]
[0, 9, 9]
[0, 10, 10]
[0, 11, 11]
[0, 12, 12]
[0, 13, 13]
[0, 14, 14]
[0, 15, 15]
[0, 16, 16]
[0, 17, 17]
[0, 18, 18]
[0, 19, 19]
[0, 20, 20]
[0, 21, 21]
[0, 22, 22]
[0, 23, 23]
[0, 24, 24]
[0, 25, 25]
[0, 26, 26]
[0, 27, 27]
[0, 28, 28]
[0, 29, 29]
[0, 30, 30]
[1, 2, 3]
[1, 4, 5]
[1, 6, 7]
[1, 8, 9]
[1, 10, 11]
[1, 12, 13]
[1, 14, 15]
[1, 16, 17]
[1, 18, 19]
[1, 20, 21]
[1, 22, 23]
[1, 24, 25]
[1, 26, 27]
[1, 28, 29]
[2, 4, 6]
[2, 5, 7]
[2, 8, 10]
[2, 9, 11]
[2, 12, 14]
[2, 13, 15]
[2, 16, 18]
[2, 17, 19]
[2, 20, 22]
[2, 21, 23]
[2, 24, 26]
[2, 25, 27]
[2, 28, 30]
[3, 4, 7]
[3, 5, 6]
[3, 8, 11]
[3, 9, 10]
[3, 12, 15]
[3, 13, 14]
[3, 16, 19]
[3, 17, 18]
[3, 20, 23]
[3, 21, 22]
[3, 24, 27]
[3, 25, 26]
[3, 29, 30]
[4, 8, 12]
[4, 9, 13]
[4, 10, 14]
[4, 11, 15]
[4, 16, 20]
[4, 17, 21]
[4, 18, 22]
[4, 19, 23]
[4, 24, 28]
[4, 25, 29]
[4, 26, 30]
[5, 8, 13]
[5, 9, 12]
[5, 10, 15]
[5, 11, 14]
[5, 16, 21]
[5, 17, 20]
[5, 18, 23]
[5, 19, 22]
[5, 24, 29]
[5, 25, 28]
[5, 27, 30]
[6, 8, 14]
[6, 9, 15]
[6, 10, 12]
[6, 11, 13]
[6, 16, 22]
[6, 17, 23]
[6, 18, 20]
[6, 19, 21]
[6, 24, 30]
[6, 26, 28]
[6, 27, 29]
[7, 8, 15]
[7, 9, 14]
[7, 10, 13]
[7, 11, 12]
[7, 16, 23]
[7, 17, 22]
[7, 18, 21]
[7, 19, 20]
[7, 25, 30]
[7, 26, 29]
[7, 27, 28]
[8, 16, 24]
[8, 17, 25]
[8, 18, 26]
[8, 19, 27]
[8, 20, 28]
[8, 21, 29]
[8, 22, 30]
[9, 16, 25]
[9, 17, 24]
[9, 18, 27]
[9, 19, 26]
[9, 20, 29]
[9, 21, 28]
[9, 23, 30]
[10, 16, 26]
[10, 17, 27]
[10, 18, 24]
[10, 19, 25]
[10, 20, 30]
[10, 22, 28]
[10, 23, 29]
[11, 16, 27]
[11, 17, 26]
[11, 18, 25]
[11, 19, 24]
[11, 21, 30]
[11, 22, 29]
[11, 23, 28]
[12, 16, 28]
[12, 17, 29]
[12, 18, 30]
[12, 20, 24]
[12, 21, 25]
[12, 22, 26]
[12, 23, 27]
[13, 16, 29]
[13, 17, 28]
[13, 19, 30]
[13, 20, 25]
[13, 21, 24]
[13, 22, 27]
[13, 23, 26]
[14, 16, 30]
[14, 18, 28]
[14, 19, 29]
[14, 20, 26]
[14, 21, 27]
[14, 22, 24]
[14, 23, 25]
[15, 17, 30]
[15, 18, 29]
[15, 19, 28]
[15, 20, 27]
[15, 21, 26]
[15, 22, 25]
[15, 23, 24]
