[0, 0, 0]
[0, 1, 1]
[1, 0, 1]
[1, 1, 0]
[0, 2, 2]
[2, 0, 2]
[2, 2, 0]
[0, 3, 3]
[3, 0, 3]
[3, 3, 0]
[1, 2, 3]
[1, 3, 2]
[2, 1, 3]
[2, 3, 1]
[3, 1, 2]
[3, 2, 1]
[0, 4, 4]
[4, 0, 4]
[4, 4, 0]
[0, 5, 5]
[5, 0, 5]
[5, 5, 0]
[1, 4, 5]
[1, 5, 4]
[4, 1, 5]
[4, 5, 1]
[5, 1, 4]
[5, 4, 1]
[0, 6, 6]
[6, 0, 6]
[6, 6, 0]
[2, 4, 6]
[2, 6, 4]
[4, 2, 6]
[4, 6, 2]
[6, 2, 4]
[6, 4, 2]
[0, 7, 7]
[7, 0, 7]
[7, 7, 0]
[1, 6, 7]
[1, 7, 6]
[6, 1, 7]
[6, 7, 1]
[7, 1, 6]
[7, 6, 1]
[2, 5, 7]
[2, 7, 5]
[5, 2, 7]
[5, 7, 2]
[7, 2, 5]
[7, 5, 2]
[3, 4, 7]
[3, 7, 4]
[4, 3, 7]
[4, 7, 3]
[7, 3, 4]
[7, 4, 3]
[3, 5, 6]
[3, 6, 5]
[5, 3, 6]
[5, 6, 3]
[6, 3, 5]
[6, 5, 3]
[0, 8, 8]
[8, 0, 8]
[8, 8, 0]
[0, 9, 9]
[9, 0, 9]
[9, 9, 0]
[1, 8, 9]
[1, 9, 8]
[8, 1, 9]
[8, 9, 1]
[9, 1, 8]
[9, 8, 1]
[0, 10, 10]
[10, 0, 10]
[10, 10, 0]
[2, 8, 10]
[2, 10, 8]
[8, 2, 10]
[8, 10, 2]
[10, 2, 8]
[10, 8, 2]
[0, 11, 11]
[11, 0, 11]
[11, 11, 0]
[1, 10, 11]
[1, 11, 10]
[10, 1, 11]
[10, 11, 1]
[11, 1, 10]
[11, 10, 1]
[2, 9, 11]
[2, 11, 9]
[9, 2, 11]
[9, 11, 2]
[11, 2, 9]
[11, 9, 2]
[3, 8, 11]
[3, 11, 8]
[8, 3, 11]
[8, 11, 3]
[11, 3, 8]
[11, 8, 3]
[3, 9, 10]
[3, 10, 9]
[9, 3, 10]
[9, 10, 3]
[10, 3, 9]
[10, 9, 3]
[0, 12, 12]
[12, 0, 12]
[12, 12, 0]
[4, 8, 12]
[4, 12, 8]
[8, 4, 12]
[8, 12, 4]
[12, 4, 8]
[12, 8, 4]
[0, 13, 13]
[13, 0, 13]
[13, 13, 0]
[1, 12, 13]
[1, 13, 12]
[12, 1, 13]
[12, 13, 1]
[13, 1, 12]
[13, 12, 1]
[4, 9, 13]
[4, 13, 9]
[9, 4, 13]
[9, 13, 4]
[13, 4, 9]
[13, 9, 4]
[5, 8, 13]
[5, 13, 8]
[8, 5, 13]
[8, 13, 5]
[13, 5, 8]
[13, 8, 5]
[5, 9, 12]
[5, 12, 9]
[9, 5, 12]
[9, 12, 5]
[12, 5, 9]
[12, 9, 5]
[0, 14, 14]
[14, 0, 14]
[14, 14, 0]
[2, 12, 14]
[2, 14, 12]
[12, 2, 14]
[12, 14, 2]
[14, 2, 12]
[14, 12, 2]
[4, 10, 14]
[4, 14, 10]
[10, 4, 14]
[10, 14, 4]
[14, 4, 10]
[14, 10, 4]
[6, 8, 14]
[6, 14, 8]
[8, 6, 14]
[8, 14, 6]
[14, 6, 8]
[14, 8, 6]
[6, 10, 12]
[6, 12, 10]
[10, 6, 12]
[10, 12, 6]
[12, 6, 10]
[12, 10, 6]
[0, 15, 15]
[15, 0, 15]
[15, 15, 0]
[1, 14, 15]
[1, 15, 14]
[14, 1, 15]
[14, 15, 1]
[15, 1, 14]
[15, 14, 1]
[2, 13, 15]
[2, 15, 13]
[13, 2, 15]
[13, 15, 2]
[15, 2, 13]
[15, 13, 2]
[3, 12, 15]
[3, 15, 12]
[12, 3, 15]
[12, 15, 3]
[15, 3, 12]
[15, 12, 3]
[3, 13, 14]
[3, 14, 13]
[13, 3, 14]
[13, 14, 3]
[14, 3, 13]
[14, 13, 3]
[4, 11, 15]
[4, 15, 11]
[11, 4, 15]
[11, 15, 4]
[15, 4, 11]
[15, 11, 4]
[5, 10, 15]
[5, 15, 10]
[10, 5, 15]
[10, 15, 5]
[15, 5, 10]
[15, 10, 5]
[5, 11, 14]
[5, 14, 11]
[11, 5, 14]
[11, 14, 5]
[14, 5, 11]
[14, 11, 5]
[6, 9, 15]
[6, 15, 9]
[9, 6, 15]
[9, 15, 6]
[15, 6, 9]
[15, 9, 6]
[6, 11, 13]
[6, 13, 11]
[11, 6, 13]
[11, 13, 6]
[13, 6, 11]
[13, 11, 6]
[7, 8, 15]
[7, 15, 8]
[8, 7, 15]
[8, 15, 7]
[15, 7, 8]
[15, 8, 7]
[7, 9, 14]
[7, 14, 9]
[9, 7, 14]
[9, 14, 7]
[14, 7, 9]
[14, 9, 7]
[7, 10, 13]
[7, 13, 10]
[10, 7, 13]
[10, 13, 7]
[13, 7, 10]
[13, 10, 7]
[7, 11, 12]
[7, 12, 11]
[11, 7, 12]
[11, 12, 7]
[12, 7, 11]
[12, 11, 7]
[0, 16, 16]
[16, 0, 16]
[16, 16, 0]
[0, 17, 17]
[17, 0, 17]
[17, 17, 0]
[1, 16, 17]
[1, 17, 16]
[16, 1, 17]
[16, 17, 1]
[17, 1, 16]
[17, 16, 1]
[0, 18, 18]
[18, 0, 18]
[18, 18, 0]
[2, 16, 18]
[2, 18, 16]
[16, 2, 18]
[16, 18, 2]
[18, 2, 16]
[18, 16, 2]
[0, 19, 19]
[19, 0, 19]
[19, 19, 0]
[1, 18, 19]
[1, 19, 18]
[18, 1, 19]
[18, 19, 1]
[19, 1, 18]
[19, 18, 1]
[2, 17, 19]
[2, 19, 17]
[17, 2, 19]
[17, 19, 2]
[19, 2, 17]
[19, 17, 2]
[3, 16, 19]
[3, 19, 16]
[16, 3, 19]
[16, 19, 3]
[19, 3, 16]
[19, 16, 3]
[3, 17, 18]
[3, 18, 17]
[17, 3, 18]
[17, 18, 3]
[18, 3, 17]
[18, 17, 3]
[0, 20, 20]
[20, 0, 20]
[20, 20, 0]
[4, 16, 20]
[4, 20, 16]
[16, 4, 20]
[16, 20, 4]
[20, 4, 16]
[20, 16, 4]
[0, 21, 21]
[21, 0, 21]
[21, 21, 0]
[1, 20, 21]
[1, 21, 20]
[20, 1, 21]
[20, 21, 1]
[21, 1, 20]
[21, 20, 1]
[4, 17, 21]
[4, 21, 17]
[17, 4, 21]
[17, 21, 4]
[21, 4, 17]
[21, 17, 4]
[5, 16, 21]
[5, 21, 16]
[16, 5, 21]
[16, 21, 5]
[21, 5, 16]
[21, 16, 5]
[5, 17, 20]
[5, 20, 17]
[17, 5, 20]
[17, 20, 5]
[20, 5, 17]
[20, 17, 5]
[0, 22, 22]
[22, 0, 22]
[22, 22, 0]
[2, 20, 22]
[2, 22, 20]
[20, 2, 22]
[20, 22, 2]
[22, 2, 20]
[22, 20, 2]
[4, 18, 22]
[4, 22, 18]
[18, 4, 22]
[18, 22, 4]
[22, 4, 18]
[22, 18, 4]
[6, 16, 22]
[6, 22, 16]
[16, 6, 22]
[16, 22, 6]
[22, 6, 16]
[22, 16, 6]
[6, 18, 20]
[6, 20, 18]
[18, 6, 20]
[18, 20, 6]
[20, 6, 18]
[20, 18, 6]
[0, 23, 23]
[23, 0, 23]
[23, 23, 0]
[1, 22, 23]
[1, 23, 22]
[22, 1, 23]
[22, 23, 1]
[23, 1, 22]
[23, 22, 1]
[2, 21, 23]
[2, 23, 21]
[21, 2, 23]
[21, 23, 2]
[23, 2, 21]
[23, 21, 2]
[3, 20, 23]
[3, 23, 20]
[20, 3, 23]
[20, 23, 3]
[23, 3, 20]
[23, 20, 3]
[3, 21, 22]
[3, 22, 21]
[21, 3, 22]
[21, 22, 3]
[22, 3, 21]
[22, 21, 3]
[4, 19, 23]
[4, 23, 19]
[19, 4, 23]
[19, 23, 4]
[23, 4, 19]
[23, 19, 4]
[5, 18, 23]
[5, 23, 18]
[18, 5, 23]
[18, 23, 5]
[23, 5, 18]
[23, 18, 5]
[5, 19, 22]
[5, 22, 19]
[19, 5, 22]
[19, 22, 5]
[22, 5, 19]
[22, 19, 5]
[6, 17, 23]
[6, 23, 17]
[17, 6, 23]
[17, 23, 6]
[23, 6, 17]
[23, 17, 6]
[6, 19, 21]
[6, 21, 19]
[19, 6, 21]
[19, 21, 6]
[21, 6, 19]
[21, 19, 6]
[7, 16, 23]
[7, 23, 16]
[16, 7, 23]
[16, 23, 7]
[23, 7, 16]
[23, 16, 7]
[7, 17, 22]
[7, 22, 17]
[17, 7, 22]
[17, 22, 7]
[22, 7, 17]
[22, 17, 7]
[7, 18, 21]
[7, 21, 18]
[18, 7, 21]
[18, 21, 7]
[21, 7, 18]
[21, 18, 7]
[7, 19, 20]
[7, 20, 19]
[19, 7, 20]
[19, 20, 7]
[20, 7, 19]
[20, 19, 7]
[0, 24, 24]
[24, 0, 24]
[24, 24, 0]
[8, 16, 24]
[8, 24, 16]
[16, 8, 24]
[16, 24, 8]
[24, 8, 16]
[24, 16, 8]
[0, 25, 25]
[25, 0, 25]
[25, 25, 0]
[1, 24, 25]
[1, 25, 24]
[24, 1, 25]
[24, 25, 1]
[25, 1, 24]
[25, 24, 1]
[8, 17, 25]
[8, 25, 17]
[17, 8, 25]
[17, 25, 8]
[25, 8, 17]
[25, 17, 8]
[9, 16, 25]
[9, 25, 16]
[16, 9, 25]
[16, 25, 9]
[25, 9, 16]
[25, 16, 9]
[9, 17, 24]
[9, 24, 17]
[17, 9, 24]
[17, 24, 9]
[24, 9, 17]
[24, 17, 9]
[0, 26, 26]
[26, 0, 26]
[26, 26, 0]
[2, 24, 26]
[2, 26, 24]
[24, 2, 26]
[24, 26, 2]
[26, 2, 24]
[26, 24, 2]
[8, 18, 26]
[8, 26, 18]
[18, 8, 26]
[18, 26, 8]
[26, 8, 18]
[26, 18, 8]
[10, 16, 26]
[10, 26, 16]
[16, 10, 26]
[16, 26, 10]
[26, 10, 16]
[26, 16, 10]
[10, 18, 24]
[10, 24, 18]
[18, 10, 24]
[18, 24, 10]
[24, 10, 18]
[24, 18, 10]
[0, 27, 27]
[27, 0, 27]
[27, 27, 0]
[1, 26, 27]
[1, 27, 26]
[26, 1, 27]
[26, 27, 1]
[27, 1, 26]
[27, 26, 1]
[2, 25, 27]
[2, 27, 25]
[25, 2, 27]
[25, 27, 2]
[27, 2, 25]
[27, 25, 2]
[3, 24, 27]
[3, 27, 24]
[24, 3, 27]
[24, 27, 3]
[27, 3, 24]
[27, 24, 3]
[3, 25, 26]
[3, 26, 25]
[25, 3, 26]
[25, 26, 3]
[26, 3, 25]
[26, 25, 3]
[8, 19, 27]
[8, 27, 19]
[19, 8, 27]
[19, 27, 8]
[27, 8, 19]
[27, 19, 8]
[9, 18, 27]
[9, 27, 18]
[18, 9, 27]
[18, 27, 9]
[27, 9, 18]
[27, 18, 9]
[9, 19, 26]
[9, 26, 19]
[19, 9, 26]
[19, 26, 9]
[26, 9, 19]
[26, 19, 9]
[10, 17, 27]
[10, 27, 17]
[17, 10, 27]
[17, 27, 10]
[27, 10, 17]
[27, 17, 10]
[10, 19, 25]
[10, 25, 19]
[19, 10, 25]
[19, 25, 10]
[25, 10, 19]
[25, 19, 10]
[11, 16, 27]
[11, 27, 16]
[16, 11, 27]
[16, 27, 11]
[27, 11, 16]
[27, 16, 11]
[11, 17, 26]
[11, 26, 17]
[17, 11, 26]
[17, 26, 11]
[26, 11, 17]
[26, 17, 11]
[11, 18, 25]
[11, 25, 18]
[18, 11, 25]
[18, 25, 11]
[25, 11, 18]
[25, 18, 11]
[11, 19, 24]
[11, 24, 19]
[19, 11, 24]
[19, 24, 11]
[24, 11, 19]
[24, 19, 11]
[0, 28, 28]
[28, 0, 28]
[28, 28, 0]
[4, 24, 28]
[4, 28, 24]
[24, 4, 28]
[24, 28, 4]
[28, 4, 24]
[28, 24, 4]
[8, 20, 28]
[8, 28, 20]
[20, 8, 28]
[20, 28, 8]
[28, 8, 20]
[28, 20, 8]
[12, 16, 28]
[12, 28, 16]
[16, 12, 28]
[16, 28, 12]
[28, 12, 16]
[28, 16, 12]
[12, 20, 24]
[12, 24, 20]
[20, 12, 24]
[20, 24, 12]
[24, 12, 20]
[24, 20, 12]
[0, 29, 29]
[29, 0, 29]
[29, 29, 0]
[1, 28, 29]
[1, 29, 28]
[28, 1, 29]
[28, 29, 1]
[29, 1, 28]
[29, 28, 1]
[4, 25, 29]
[4, 29, 25]
[25, 4, 29]
[25, 29, 4]
[29, 4, 25]
[29, 25, 4]
[5, 24, 29]
[5, 29, 24]
[24, 5, 29]
[24, 29, 5]
[29, 5, 24]
[29, 24, 5]
[5, 25, 28]
[5, 28, 25]
[25, 5, 28]
[25, 28, 5]
[28, 5, 25]
[28, 25, 5]
[8, 21, 29]
[8, 29, 21]
[21, 8, 29]
[21, 29, 8]
[29, 8, 21]
[29, 21, 8]
[9, 20, 29]
[9, 29, 20]
[20, 9, 29]
[20, 29, 9]
[29, 9, 20]
[29, 20, 9]
[9, 21, 28]
[9, 28, 21]
[21, 9, 28]
[21, 28, 9]
[28, 9, 21]
[28, 21, 9]
[12, 17, 29]
[12, 29, 17]
[17, 12, 29]
[17, 29, 12]
[29, 12, 17]
[29, 17, 12]
[12, 21, 25]
[12, 25, 21]
[21, 12, 25]
[21, 25, 12]
[25, 12, 21]
[25, 21, 12]
[13, 16, 29]
[13, 29, 16]
[16, 13, 29]
[16, 29, 13]
[29, 13, 16]
[29, 16, 13]
[13, 17, 28]
[13, 28, 17]
[17, 13, 28]
[17, 28, 13]
[28, 13, 17]
[28, 17, 13]
[13, 20, 25]
[13, 25, 20]
[20, 13, 25]
[20, 25, 13]
[25, 13, 20]
[25, 20, 13]
[13, 21, 24]
[13, 24, 21]
[21, 13, 24]
[21, 24, 13]
[24, 13, 21]
[24, 21, 13]
[0, 30, 30]
[30, 0, 30]
[30, 30, 0]
[2, 28, 30]
[2, 30, 28]
[28, 2, 30]
[28, 30, 2]
[30, 2, 28]
[30, 28, 2]
[4, 26, 30]
[4, 30, 26]
[26, 4, 30]
[26, 30, 4]
[30, 4, 26]
[30, 26, 4]
[6, 24, 30]
[6, 30, 24]
[24, 6, 30]
[24, 30, 6]
[30, 6, 24]
[30, 24, 6]
[6, 26, 28]
[6, 28, 26]
[26, 6, 28]
[26, 28, 6]
[28, 6, 26]
[28, 26, 6]
[8, 22, 30]
[8, 30, 22]
[22, 8, 30]
[22, 30, 8]
[30, 8, 22]
[30, 22, 8]
[10, 20, 30]
[10, 30, 20]
[20, 10, 30]
[20, 30, 10]
[30, 10, 20]
[30, 20, 10]
[10, 22, 28]
[10, 28, 22]
[22, 10, 28]
[22, 28, 10]
[28, 10, 22]
[28, 22, 10]
[12, 18, 30]
[12, 30, 18]
[18, 12, 30]
[18, 30, 12]
[30, 12, 18]
[30, 18, 12]
[12, 22, 26]
[12, 26, 22]
[22, 12, 26]
[22, 26, 12]
[26, 12, 22]
[26, 22, 12]
[14, 16, 30]
[14, 30, 16]
[16, 14, 30]
[16, 30, 14]
[30, 14, 16]
[30, 16, 14]
[14, 18, 28]
[14, 28, 18]
[18, 14, 28]
[18, 28, 14]
[28, 14, 18]
[28, 18, 14]
[14, 20, 26]
[14, 26, 20]
[20, 14, 26]
[20, 26, 14]
[26, 14, 20]
[26, 20, 14]
[14, 22, 24]
[14, 24, 22]
[22, 14, 24]
[22, 24, 14]
[24, 14, 22]
[24, 22, 14]
[0, 31, 31]
[31, 0, 31]
[31, 31, 0]
[1, 30, 31]
[1, 31, 30]
[30, 1, 31]
[30, 31, 1]
[31, 1, 30]
[31, 30, 1]
[2, 29, 31]
[2, 31, 29]
[29, 2, 31]
[29, 31, 2]
[31, 2, 29]
[31, 29, 2]
[3, 28, 31]
[3, 31, 28]
[28, 3, 31]
[28, 31, 3]
[31, 3, 28]
[31, 28, 3]
[3, 29, 30]
[3, 30, 29]
[29, 3, 30]
[29, 30, 3]
[30, 3, 29]
[30, 29, 3]
[4, 27, 31]
[4, 31, 27]
[27, 4, 31]
[27, 31, 4]
[31, 4, 27]
[31, 27, 4]
[5, 26, 31]
[5, 31, 26]
[26, 5, 31]
[26, 31, 5]
[31, 5, 26]
[31, 26, 5]
[5, 27, 30]
[5, 30, 27]
[27, 5, 30]
[27, 30, 5]
[30, 5, 27]
[30, 27, 5]
[6, 25, 31]
[6, 31, 25]
[25, 6, 31]
[25, 31, 6]
[31, 6, 25]
[31, 25, 6]
[6, 27, 29]
[6, 29, 27]
[27, 6, 29]
[27, 29, 6]
[29, 6, 27]
[29, 27, 6]
[7, 24, 31]
[7, 31, 24]
[24, 7, 31]
[24, 31, 7]
[31, 7, 24]
[31, 24, 7]
[7, 25, 30]
[7, 30, 25]
[25, 7, 30]
[25, 30, 7]
[30, 7, 25]
[30, 25, 7]
[7, 26, 29]
[7, 29, 26]
[26, 7, 29]
[26, 29, 7]
[29, 7, 26]
[29, 26, 7]
[7, 27, 28]
[7, 28, 27]
[27, 7, 28]
[27, 28, 7]
[28, 7, 27]
[28, 27, 7]
[8, 23, 31]
[8, 31, 23]
[23, 8, 31]
[23, 31, 8]
[31, 8, 23]
[31, 23, 8]
[9, 22, 31]
[9, 31, 22]
[22, 9, 31]
[22, 31, 9]
[31, 9, 22]
[31, 22, 9]
[9, 23, 30]
[9, 30, 23]
[23, 9, 30]
[23, 30, 9]
[30, 9, 23]
[30, 23, 9]
[10, 21, 31]
[10, 31, 21]
[21, 10, 31]
[21, 31, 10]
[31, 10, 21]
[31, 21, 10]
[10, 23, 29]
[10, 29, 23]
[23, 10, 29]
[23, 29, 10]
[29, 10, 23]
[29, 23, 10]
[11, 20, 31]
[11, 31, 20]
[20, 11, 31]
[20, 31, 11]
[31, 11, 20]
[31, 20, 11]
[11, 21, 30]
[11, 30, 21]
[21, 11, 30]
[21, 30, 11]
[30, 11, 21]
[30, 21, 11]
[11, 22, 29]
[11, 29, 22]
[22, 11, 29]
[22, 29, 11]
[29, 11, 22]
[29, 22, 11]
[11, 23, 28]
[11, 28, 23]
[23, 11, 28]
[23, 28, 11]
[28, 11, 23]
[28, 23, 11]
[12, 19, 31]
[12, 31, 19]
[19, 12, 31]
[19, 31, 12]
[31, 12, 19]
[31, 19, 12]
[12, 23, 27]
[12, 27, 23]
[23, 12, 27]
[23, 27, 12]
[27, 12, 23]
[27, 23, 12]
[13, 18, 31]
[13, 31, 18]
[18, 13, 31]
[18, 31, 13]
[31, 13, 18]
[31, 18, 13]
[13, 19, 30]
[13, 30, 19]
[19, 13, 30]
[19, 30, 13]
[30, 13, 19]
[30, 19, 13]
[13, 22, 27]
[13, 27, 22]
[22, 13, 27]
[22, 27, 13]
[27, 13, 22]
[27, 22, 13]
[13, 23, 26]
[13, 26, 23]
[23, 13, 26]
[23, 26, 13]
[26, 13, 23]
[26, 23, 13]
[14, 17, 31]
[14, 31, 17]
[17, 14, 31]
[17, 31, 14]
[31, 14, 17]
[31, 17, 14]
[14, 19, 29]
[14, 29, 19]
[19, 14, 29]
[19, 29, 14]
[29, 14, 19]
[29, 19, 14]
[14, 21, 27]
[14, 27, 21]
[21, 14, 27]
[21, 27, 14]
[27, 14, 21]
[27, 21, 14]
[14, 23, 25]
[14, 25, 23]
[23, 14, 25]
[23, 25, 14]
[25, 14, 23]
[25, 23, 14]
[15, 16, 31]
[15, 31, 16]
[16, 15, 31]
[16, 31, 15]
[31, 15, 16]
[31, 16, 15]
[15, 17, 30]
[15, 30, 17]
[17, 15, 30]
[17, 30, 15]
[30, 15, 17]
[30, 17, 15]
[15, 18, 29]
[15, 29, 18]
[18, 15, 29]
[18, 29, 15]
[29, 15, 18]
[29, 18, 15]
[15, 19, 28]
[15, 28, 19]
[19, 15, 28]
[19, 28, 15]
[28, 15, 19]
[28, 19, 15]
[15, 20, 27]
[15, 27, 20]
[20, 15, 27]
[20, 27, 15]
[27, 15, 20]
[27, 20, 15]
[15, 21, 26]
[15, 26, 21]
[21, 15, 26]
[21, 26, 15]
[26, 15, 21]
[26, 21, 15]
[15, 22, 25]
[15, 25, 22]
[22, 15, 25]
[22, 25, 15]
[25, 15, 22]
[25, 22, 15]
[15, 23, 24]
[15, 24, 23]
[23, 15, 24]
[23, 24, 15]
[24, 15, 23]
[24, 23, 15]
[0, 32, 32]
[32, 0, 32]
[32, 32, 0]
[0, 33, 33]
[33, 0, 33]
[33, 33, 0]
[1, 32, 33]
[1, 33, 32]
[32, 1, 33]
[32, 33, 1]
[33, 1, 32]
[33, 32, 1]
[0, 34, 34]
[34, 0, 34]
[34, 34, 0]
[2, 32, 34]
[2, 34, 32]
[32, 2, 34]
[32, 34, 2]
[34, 2, 32]
[34, 32, 2]
[0, 35, 35]
[35, 0, 35]
[35, 35, 0]
[1, 34, 35]
[1, 35, 34]
[34, 1, 35]
[34, 35, 1]
[35, 1, 34]
[35, 34, 1]
[2, 33, 35]
[2, 35, 33]
[33, 2, 35]
[33, 35, 2]
[35, 2, 33]
[35, 33, 2]
[3, 32, 35]
[3, 35, 32]
[32, 3, 35]
[32, 35, 3]
[35, 3, 32]
[35, 32, 3]
[3, 33, 34]
[3, 34, 33]
[33, 3, 34]
[33, 34, 3]
[34, 3, 33]
[34, 33, 3]
[0, 36, 36]
[36, 0, 36]
[36, 36, 0]
[4, 32, 36]
[4, 36, 32]
[32, 4, 36]
[32, 36, 4]
[36, 4, 32]
[36, 32, 4]
[0, 37, 37]
[37, 0, 37]
[37, 37, 0]
[1, 36, 37]
[1, 37, 36]
[36, 1, 37]
[36, 37, 1]
[37, 1, 36]
[37, 36, 1]
[4, 33, 37]
[4, 37, 33]
[33, 4, 37]
[33, 37, 4]
[37, 4, 33]
[37, 33, 4]
[5, 32, 37]
[5, 37, 32]
[32, 5, 37]
[32, 37, 5]
[37, 5, 32]
[37, 32, 5]
[5, 33, 36]
[5, 36, 33]
[33, 5, 36]
[33, 36, 5]
[36, 5, 33]
[36, 33, 5]
[0, 38, 38]
[38, 0, 38]
[38, 38, 0]
[2, 36, 38]
[2, 38, 36]
[36, 2, 38]
[36, 38, 2]
[38, 2, 36]
[38, 36, 2]
[4, 34, 38]
[4, 38, 34]
[34, 4, 38]
[34, 38, 4]
[38, 4, 34]
[38, 34, 4]
[6, 32, 38]
[6, 38, 32]
[32, 6, 38]
[32, 38, 6]
[38, 6, 32]
[38, 32, 6]
[6, 34, 36]
[6, 36, 34]
[34, 6, 36]
[34, 36, 6]
[36, 6, 34]
[36, 34, 6]
[0, 39, 39]
[39, 0, 39]
[39, 39, 0]
[1, 38, 39]
[1, 39, 38]
[38, 1, 39]
[38, 39, 1]
[39, 1, 38]
[39, 38, 1]
[2, 37, 39]
[2, 39, 37]
[37, 2, 39]
[37, 39, 2]
[39, 2, 37]
[39, 37, 2]
[3, 36, 39]
[3, 39, 36]
[36, 3, 39]
[36, 39, 3]
[39, 3, 36]
[39, 36, 3]
[3, 37, 38]
[3, 38, 37]
[37, 3, 38]
[37, 38, 3]
[38, 3, 37]
[38, 37, 3]
[4, 35, 39]
[4, 39, 35]
[35, 4, 39]
[35, 39, 4]
[39, 4, 35]
[39, 35, 4]
[5, 34, 39]
[5, 39, 34]
[34, 5, 39]
[34, 39, 5]
[39, 5, 34]
[39, 34, 5]
[5, 35, 38]
[5, 38, 35]
[35, 5, 38]
[35, 38, 5]
[38, 5, 35]
[38, 35, 5]
[6, 33, 39]
[6, 39, 33]
[33, 6, 39]
[33, 39, 6]
[39, 6, 33]
[39, 33, 6]
[6, 35, 37]
[6, 37, 35]
[35, 6, 37]
[35, 37, 6]
[37, 6, 35]
[37, 35, 6]
[7, 32, 39]
[7, 39, 32]
[32, 7, 39]
[32, 39, 7]
[39, 7, 32]
[39, 32, 7]
[7, 33, 38]
[7, 38, 33]
[33, 7, 38]
[33, 38, 7]
[38, 7, 33]
[38, 33, 7]
[7, 34, 37]
[7, 37, 34]
[34, 7, 37]
[34, 37, 7]
[37, 7, 34]
[37, 34, 7]
[7, 35, 36]
[7, 36, 35]
[35, 7, 36]
[35, 36, 7]
[36, 7, 35]
[36, 35, 7]
[0, 40, 40]
[40, 0, 40]
[40, 40, 0]
[8, 32, 40]
[8, 40, 32]
[32, 8, 40]
[32, 40, 8]
[40, 8, 32]
[40, 32, 8]
[0, 41, 41]
[41, 0, 41]
[41, 41, 0]
[1, 40, 41]
[1, 41, 40]
[40, 1, 41]
[40, 41, 1]
[41, 1, 40]
[41, 40, 1]
[8, 33, 41]
[8, 41, 33]
[33, 8, 41]
[33, 41, 8]
[41, 8, 33]
[41, 33, 8]
[9, 32, 41]
[9, 41, 32]
[32, 9, 41]
[32, 41, 9]
[41, 9, 32]
[41, 32, 9]
[9, 33, 40]
[9, 40, 33]
[33, 9, 40]
[33, 40, 9]
[40, 9, 33]
[40, 33, 9]
[0, 42, 42]
[42, 0, 42]
[42, 42, 0]
[2, 40, 42]
[2, 42, 40]
[40, 2, 42]
[40, 42, 2]
[42, 2, 40]
[42, 40, 2]
[8, 34, 42]
[8, 42, 34]
[34, 8, 42]
[34, 42, 8]
[42, 8, 34]
[42, 34, 8]
[10, 32, 42]
[10, 42, 32]
[32, 10, 42]
[32, 42, 10]
[42, 10, 32]
[42, 32, 10]
[10, 34, 40]
[10, 40, 34]
[34, 10, 40]
[34, 40, 10]
[40, 10, 34]
[40, 34, 10]
[0, 43, 43]
[43, 0, 43]
[43, 43, 0]
[1, 42, 43]
[1, 43, 42]
[42, 1, 43]
[42, 43, 1]
[43, 1, 42]
[43, 42, 1]
[2, 41, 43]
[2, 43, 41]
[41, 2, 43]
[41, 43, 2]
[43, 2, 41]
[43, 41, 2]
[3, 40, 43]
[3, 43, 40]
[40, 3, 43]
[40, 43, 3]
[43, 3, 40]
[43, 40, 3]
[3, 41, 42]
[3, 42, 41]
[41, 3, 42]
[41, 42, 3]
[42, 3, 41]
[42, 41, 3]
[8, 35, 43]
[8, 43, 35]
[35, 8, 43]
[35, 43, 8]
[43, 8, 35]
[43, 35, 8]
[9, 34, 43]
[9, 43, 34]
[34, 9, 43]
[34, 43, 9]
[43, 9, 34]
[43, 34, 9]
[9, 35, 42]
[9, 42, 35]
[35, 9, 42]
[35, 42, 9]
[42, 9, 35]
[42, 35, 9]
[10, 33, 43]
[10, 43, 33]
[33, 10, 43]
[33, 43, 10]
[43, 10, 33]
[43, 33, 10]
[10, 35, 41]
[10, 41, 35]
[35, 10, 41]
[35, 41, 10]
[41, 10, 35]
[41, 35, 10]
[11, 32, 43]
[11, 43, 32]
[32, 11, 43]
[32, 43, 11]
[43, 11, 32]
[43, 32, 11]
[11, 33, 42]
[11, 42, 33]
[33, 11, 42]
[33, 42, 11]
[42, 11, 33]
[42, 33, 11]
[11, 34, 41]
[11, 41, 34]
[34, 11, 41]
[34, 41, 11]
[41, 11, 34]
[41, 34, 11]
[11, 35, 40]
[11, 40, 35]
[35, 11, 40]
[35, 40, 11]
[40, 11, 35]
[40, 35, 11]
[0, 44, 44]
[44, 0, 44]
[44, 44, 0]
[4, 40, 44]
[4, 44, 40]
[40, 4, 44]
[40, 44, 4]
[44, 4, 40]
[44, 40, 4]
[8, 36, 44]
[8, 44, 36]
[36, 8, 44]
[36, 44, 8]
[44, 8, 36]
[44, 36, 8]
[12, 32, 44]
[12, 44, 32]
[32, 12, 44]
[32, 44, 12]
[44, 12, 32]
[44, 32, 12]
[12, 36, 40]
[12, 40, 36]
[36, 12, 40]
[36, 40, 12]
[40, 12, 36]
[40, 36, 12]
[0, 45, 45]
[45, 0, 45]
[45, 45, 0]
[1, 44, 45]
[1, 45, 44]
[44, 1, 45]
[44, 45, 1]
[45, 1, 44]
[45, 44, 1]
[4, 41, 45]
[4, 45, 41]
[41, 4, 45]
[41, 45, 4]
[45, 4, 41]
[45, 41, 4]
[5, 40, 45]
[5, 45, 40]
[40, 5, 45]
[40, 45, 5]
[45, 5, 40]
[45, 40, 5]
[5, 41, 44]
[5, 44, 41]
[41, 5, 44]
[41, 44, 5]
[44, 5, 41]
[44, 41, 5]
[8, 37, 45]
[8, 45, 37]
[37, 8, 45]
[37, 45, 8]
[45, 8, 37]
[45, 37, 8]
[9, 36, 45]
[9, 45, 36]
[36, 9, 45]
[36, 45, 9]
[45, 9, 36]
[45, 36, 9]
[9, 37, 44]
[9, 44, 37]
[37, 9, 44]
[37, 44, 9]
[44, 9, 37]
[44, 37, 9]
[12, 33, 45]
[12, 45, 33]
[33, 12, 45]
[33, 45, 12]
[45, 12, 33]
[45, 33, 12]
[12, 37, 41]
[12, 41, 37]
[37, 12, 41]
[37, 41, 12]
[41, 12, 37]
[41, 37, 12]
[13, 32, 45]
[13, 45, 32]
[32, 13, 45]
[32, 45, 13]
[45, 13, 32]
[45, 32, 13]
[13, 33, 44]
[13, 44, 33]
[33, 13, 44]
[33, 44, 13]
[44, 13, 33]
[44, 33, 13]
[13, 36, 41]
[13, 41, 36]
[36, 13, 41]
[36, 41, 13]
[41, 13, 36]
[41, 36, 13]
[13, 37, 40]
[13, 40, 37]
[37, 13, 40]
[37, 40, 13]
[40, 13, 37]
[40, 37, 13]
[0, 46, 46]
[46, 0, 46]
[46, 46, 0]
[2, 44, 46]
[2, 46, 44]
[44, 2, 46]
[44, 46, 2]
[46, 2, 44]
[46, 44, 2]
[4, 42, 46]
[4, 46, 42]
[42, 4, 46]
[42, 46, 4]
[46, 4, 42]
[46, 42, 4]
[6, 40, 46]
[6, 46, 40]
[40, 6, 46]
[40, 46, 6]
[46, 6, 40]
[46, 40, 6]
[6, 42, 44]
[6, 44, 42]
[42, 6, 44]
[42, 44, 6]
[44, 6, 42]
[44, 42, 6]
[8, 38, 46]
[8, 46, 38]
[38, 8, 46]
[38, 46, 8]
[46, 8, 38]
[46, 38, 8]
[10, 36, 46]
[10, 46, 36]
[36, 10, 46]
[36, 46, 10]
[46, 10, 36]
[46, 36, 10]
[10, 38, 44]
[10, 44, 38]
[38, 10, 44]
[38, 44, 10]
[44, 10, 38]
[44, 38, 10]
[12, 34, 46]
[12, 46, 34]
[34, 12, 46]
[34, 46, 12]
[46, 12, 34]
[46, 34, 12]
[12, 38, 42]
[12, 42, 38]
[38, 12, 42]
[38, 42, 12]
[42, 12, 38]
[42, 38, 12]
[14, 32, 46]
[14, 46, 32]
[32, 14, 46]
[32, 46, 14]
[46, 14, 32]
[46, 32, 14]
[14, 34, 44]
[14, 44, 34]
[34, 14, 44]
[34, 44, 14]
[44, 14, 34]
[44, 34, 14]
[14, 36, 42]
[14, 42, 36]
[36, 14, 42]
[36, 42, 14]
[42, 14, 36]
[42, 36, 14]
[14, 38, 40]
[14, 40, 38]
[38, 14, 40]
[38, 40, 14]
[40, 14, 38]
[40, 38, 14]
[0, 47, 47]
[47, 0, 47]
[47, 47, 0]
[1, 46, 47]
[1, 47, 46]
[46, 1, 47]
[46, 47, 1]
[47, 1, 46]
[47, 46, 1]
[2, 45, 47]
[2, 47, 45]
[45, 2, 47]
[45, 47, 2]
[47, 2, 45]
[47, 45, 2]
[3, 44, 47]
[3, 47, 44]
[44, 3, 47]
[44, 47, 3]
[47, 3, 44]
[47, 44, 3]
[3, 45, 46]
[3, 46, 45]
[45, 3, 46]
[45, 46, 3]
[46, 3, 45]
[46, 45, 3]
[4, 43, 47]
[4, 47, 43]
[43, 4, 47]
[43, 47, 4]
[47, 4, 43]
[47, 43, 4]
[5, 42, 47]
[5, 47, 42]
[42, 5, 47]
[42, 47, 5]
[47, 5, 42]
[47, 42, 5]
[5, 43, 46]
[5, 46, 43]
[43, 5, 46]
[43, 46, 5]
[46, 5, 43]
[46, 43, 5]
[6, 41, 47]
[6, 47, 41]
[41, 6, 47]
[41, 47, 6]
[47, 6, 41]
[47, 41, 6]
[6, 43, 45]
[6, 45, 43]
[43, 6, 45]
[43, 45, 6]
[45, 6, 43]
[45, 43, 6]
[7, 40, 47]
[7, 47, 40]
[40, 7, 47]
[40, 47, 7]
[47, 7, 40]
[47, 40, 7]
[7, 41, 46]
[7, 46, 41]
[41, 7, 46]
[41, 46, 7]
[46, 7, 41]
[46, 41, 7]
[7, 42, 45]
[7, 45, 42]
[42, 7, 45]
[42, 45, 7]
[45, 7, 42]
[45, 42, 7]
[7, 43, 44]
[7, 44, 43]
[43, 7, 44]
[43, 44, 7]
[44, 7, 43]
[44, 43, 7]
[8, 39, 47]
[8, 47, 39]
[39, 8, 47]
[39, 47, 8]
[47, 8, 39]
[47, 39, 8]
[9, 38, 47]
[9, 47, 38]
[38, 9, 47]
[38, 47, 9]
[47, 9, 38]
[47, 38, 9]
[9, 39, 46]
[9, 46, 39]
[39, 9, 46]
[39, 46, 9]
[46, 9, 39]
[46, 39, 9]
[10, 37, 47]
[10, 47, 37]
[37, 10, 47]
[37, 47, 10]
[47, 10, 37]
[47, 37, 10]
[10, 39, 45]
[10, 45, 39]
[39, 10, 45]
[39, 45, 10]
[45, 10, 39]
[45, 39, 10]
[11, 36, 47]
[11, 47, 36]
[36, 11, 47]
[36, 47, 11]
[47, 11, 36]
[47, 36, 11]
[11, 37, 46]
[11, 46, 37]
[37, 11, 46]
[37, 46, 11]
[46, 11, 37]
[46, 37, 11]
[11, 38, 45]
[11, 45, 38]
[38, 11, 45]
[38, 45, 11]
[45, 11, 38]
[45, 38, 11]
[11, 39, 44]
[11, 44, 39]
[39, 11, 44]
[39, 44, 11]
[44, 11, 39]
[44, 39, 11]
[12, 35, 47]
[12, 47, 35]
[35, 12, 47]
[35, 47, 12]
[47, 12, 35]
[47, 35, 12]
[12, 39, 43]
[12, 43, 39]
[39, 12, 43]
[39, 43, 12]
[43, 12, 39]
[43, 39, 12]
[13, 34, 47]
[13, 47, 34]
[34, 13, 47]
[34, 47, 13]
[47, 13, 34]
[47, 34, 13]
[13, 35, 46]
[13, 46, 35]
[35, 13, 46]
[35, 46, 13]
[46, 13, 35]
[46, 35, 13]
[13, 38, 43]
[13, 43, 38]
[38, 13, 43]
[38, 43, 13]
[43, 13, 38]
[43, 38, 13]
[13, 39, 42]
[13, 42, 39]
[39, 13, 42]
[39, 42, 13]
[42, 13, 39]
[42, 39, 13]
[14, 33, 47]
[14, 47, 33]
[33, 14, 47]
[33, 47, 14]
[47, 14, 33]
[47, 33, 14]
[14, 35, 45]
[14, 45, 35]
[35, 14, 45]
[35, 45, 14]
[45, 14, 35]
[45, 35, 14]
[14, 37, 43]
[14, 43, 37]
[37, 14, 43]
[37, 43, 14]
[43, 14, 37]
[43, 37, 14]
[14, 39, 41]
[14, 41, 39]
[39, 14, 41]
[39, 41, 14]
[41, 14, 39]
[41, 39, 14]
[15, 32, 47]
[15, 47, 32]
[32, 15, 47]
[32, 47, 15]
[47, 15, 32]
[47, 32, 15]
[15, 33, 46]
[15, 46, 33]
[33, 15, 46]
[33, 46, 15]
[46, 15, 33]
[46, 33, 15]
[15, 34, 45]
[15, 45, 34]
[34, 15, 45]
[34, 45, 15]
[45, 15, 34]
[45, 34, 15]
[15, 35, 44]
[15, 44, 35]
[35, 15, 44]
[35, 44, 15]
[44, 15, 35]
[44, 35, 15]
[15, 36, 43]
[15, 43, 36]
[36, 15, 43]
[36, 43, 15]
[43, 15, 36]
[43, 36, 15]
[15, 37, 42]
[15, 42, 37]
[37, 15, 42]
[37, 42, 15]
[42, 15, 37]
[42, 37, 15]
[15, 38, 41]
[15, 41, 38]
[38, 15, 41]
[38, 41, 15]
[41, 15, 38]
[41, 38, 15]
[15, 39, 40]
[15, 40, 39]
[39, 15, 40]
[39, 40, 15]
[40, 15, 39]
[40, 39, 15]
[0, 48, 48]
[48, 0, 48]
[48, 48, 0]
[16, 32, 48]
[16, 48, 32]
[32, 16, 48]
[32, 48, 16]
[48, 16, 32]
[48, 32, 16]
[0, 49, 49]
[49, 0, 49]
[49, 49, 0]
[1, 48, 49]
[1, 49, 48]
[48, 1, 49]
[48, 49, 1]
[49, 1, 48]
[49, 48, 1]
[16, 33, 49]
[16, 49, 33]
[33, 16, 49]
[33, 49, 16]
[49, 16, 33]
[49, 33, 16]
[17, 32, 49]
[17, 49, 32]
[32, 17, 49]
[32, 49, 17]
[49, 17, 32]
[49, 32, 17]
[17, 33, 48]
[17, 48, 33]
[33, 17, 48]
[33, 48, 17]
[48, 17, 33]
[48, 33, 17]
[0, 50, 50]
[50, 0, 50]
[50, 50, 0]
[2, 48, 50]
[2, 50, 48]
[48, 2, 50]
[48, 50, 2]
[50, 2, 48]
[50, 48, 2]
[16, 34, 50]
[16, 50, 34]
[34, 16, 50]
[34, 50, 16]
[50, 16, 34]
[50, 34, 16]
[18, 32, 50]
[18, 50, 32]
[32, 18, 50]
[32, 50, 18]
[50, 18, 32]
[50, 32, 18]
[18, 34, 48]
[18, 48, 34]
[34, 18, 48]
[34, 48, 18]
[48, 18, 34]
[48, 34, 18]
[0, 51, 51]
[51, 0, 51]
[51, 51, 0]
[1, 50, 51]
[1, 51, 50]
[50, 1, 51]
[50, 51, 1]
[51, 1, 50]
[51, 50, 1]
[2, 49, 51]
[2, 51, 49]
[49, 2, 51]
[49, 51, 2]
[51, 2, 49]
[51, 49, 2]
[3, 48, 51]
[3, 51, 48]
[48, 3, 51]
[48, 51, 3]
[51, 3, 48]
[51, 48, 3]
[3, 49, 50]
[3, 50, 49]
[49, 3, 50]
[49, 50, 3]
[50, 3, 49]
[50, 49, 3]
[16, 35, 51]
[16, 51, 35]
[35, 16, 51]
[35, 51, 16]
[51, 16, 35]
[51, 35, 16]
[17, 34, 51]
[17, 51, 34]
[34, 17, 51]
[34, 51, 17]
[51, 17, 34]
[51, 34, 17]
[17, 35, 50]
[17, 50, 35]
[35, 17, 50]
[35, 50, 17]
[50, 17, 35]
[50, 35, 17]
[18, 33, 51]
[18, 51, 33]
[33, 18, 51]
[33, 51, 18]
[51, 18, 33]
[51, 33, 18]
[18, 35, 49]
[18, 49, 35]
[35, 18, 49]
[35, 49, 18]
[49, 18, 35]
[49, 35, 18]
[19, 32, 51]
[19, 51, 32]
[32, 19, 51]
[32, 51, 19]
[51, 19, 32]
[51, 32, 19]
[19, 33, 50]
[19, 50, 33]
[33, 19, 50]
[33, 50, 19]
[50, 19, 33]
[50, 33, 19]
[19, 34, 49]
[19, 49, 34]
[34, 19, 49]
[34, 49, 19]
[49, 19, 34]
[49, 34, 19]
[19, 35, 48]
[19, 48, 35]
[35, 19, 48]
[35, 48, 19]
[48, 19, 35]
[48, 35, 19]
[0, 52, 52]
[52, 0, 52]
[52, 52, 0]
[4, 48, 52]
[4, 52, 48]
[48, 4, 52]
[48, 52, 4]
[52, 4, 48]
[52, 48, 4]
[16, 36, 52]
[16, 52, 36]
[36, 16, 52]
[36, 52, 16]
[52, 16, 36]
[52, 36, 16]
[20, 32, 52]
[20, 52, 32]
[32, 20, 52]
[32, 52, 20]
[52, 20, 32]
[52, 32, 20]
[20, 36, 48]
[20, 48, 36]
[36, 20, 48]
[36, 48, 20]
[48, 20, 36]
[48, 36, 20]
[0, 53, 53]
[53, 0, 53]
[53, 53, 0]
[1, 52, 53]
[1, 53, 52]
[52, 1, 53]
[52, 53, 1]
[53, 1, 52]
[53, 52, 1]
[4, 49, 53]
[4, 53, 49]
[49, 4, 53]
[49, 53, 4]
[53, 4, 49]
[53, 49, 4]
[5, 48, 53]
[5, 53, 48]
[48, 5, 53]
[48, 53, 5]
[53, 5, 48]
[53, 48, 5]
[5, 49, 52]
[5, 52, 49]
[49, 5, 52]
[49, 52, 5]
[52, 5, 49]
[52, 49, 5]
[16, 37, 53]
[16, 53, 37]
[37, 16, 53]
[37, 53, 16]
[53, 16, 37]
[53, 37, 16]
[17, 36, 53]
[17, 53, 36]
[36, 17, 53]
[36, 53, 17]
[53, 17, 36]
[53, 36, 17]
[17, 37, 52]
[17, 52, 37]
[37, 17, 52]
[37, 52, 17]
[52, 17, 37]
[52, 37, 17]
[20, 33, 53]
[20, 53, 33]
[33, 20, 53]
[33, 53, 20]
[53, 20, 33]
[53, 33, 20]
[20, 37, 49]
[20, 49, 37]
[37, 20, 49]
[37, 49, 20]
[49, 20, 37]
[49, 37, 20]
[21, 32, 53]
[21, 53, 32]
[32, 21, 53]
[32, 53, 21]
[53, 21, 32]
[53, 32, 21]
[21, 33, 52]
[21, 52, 33]
[33, 21, 52]
[33, 52, 21]
[52, 21, 33]
[52, 33, 21]
[21, 36, 49]
[21, 49, 36]
[36, 21, 49]
[36, 49, 21]
[49, 21, 36]
[49, 36, 21]
[21, 37, 48]
[21, 48, 37]
[37, 21, 48]
[37, 48, 21]
[48, 21, 37]
[48, 37, 21]
[0, 54, 54]
[54, 0, 54]
[54, 54, 0]
[2, 52, 54]
[2, 54, 52]
[52, 2, 54]
[52, 54, 2]
[54, 2, 52]
[54, 52, 2]
[4, 50, 54]
[4, 54, 50]
[50, 4, 54]
[50, 54, 4]
[54, 4, 50]
[54, 50, 4]
[6, 48, 54]
[6, 54, 48]
[48, 6, 54]
[48, 54, 6]
[54, 6, 48]
[54, 48, 6]
[6, 50, 52]
[6, 52, 50]
[50, 6, 52]
[50, 52, 6]
[52, 6, 50]
[52, 50, 6]
[16, 38, 54]
[16, 54, 38]
[38, 16, 54]
[38, 54, 16]
[54, 16, 38]
[54, 38, 16]
[18, 36, 54]
[18, 54, 36]
[36, 18, 54]
[36, 54, 18]
[54, 18, 36]
[54, 36, 18]
[18, 38, 52]
[18, 52, 38]
[38, 18, 52]
[38, 52, 18]
[52, 18, 38]
[52, 38, 18]
[20, 34, 54]
[20, 54, 34]
[34, 20, 54]
[34, 54, 20]
[54, 20, 34]
[54, 34, 20]
[20, 38, 50]
[20, 50, 38]
[38, 20, 50]
[38, 50, 20]
[50, 20, 38]
[50, 38, 20]
[22, 32, 54]
[22, 54, 32]
[32, 22, 54]
[32, 54, 22]
[54, 22, 32]
[54, 32, 22]
[22, 34, 52]
[22, 52, 34]
[34, 22, 52]
[34, 52, 22]
[52, 22, 34]
[52, 34, 22]
[22, 36, 50]
[22, 50, 36]
[36, 22, 50]
[36, 50, 22]
[50, 22, 36]
[50, 36, 22]
[22, 38, 48]
[22, 48, 38]
[38, 22, 48]
[38, 48, 22]
[48, 22, 38]
[48, 38, 22]
[0, 55, 55]
[55, 0, 55]
[55, 55, 0]
[1, 54, 55]
[1, 55, 54]
[54, 1, 55]
[54, 55, 1]
[55, 1, 54]
[55, 54, 1]
[2, 53, 55]
[2, 55, 53]
[53, 2, 55]
[53, 55, 2]
[55, 2, 53]
[55, 53, 2]
[3, 52, 55]
[3, 55, 52]
[52, 3, 55]
[52, 55, 3]
[55, 3, 52]
[55, 52, 3]
[3, 53, 54]
[3, 54, 53]
[53, 3, 54]
[53, 54, 3]
[54, 3, 53]
[54, 53, 3]
[4, 51, 55]
[4, 55, 51]
[51, 4, 55]
[51, 55, 4]
[55, 4, 51]
[55, 51, 4]
[5, 50, 55]
[5, 55, 50]
[50, 5, 55]
[50, 55, 5]
[55, 5, 50]
[55, 50, 5]
[5, 51, 54]
[5, 54, 51]
[51, 5, 54]
[51, 54, 5]
[54, 5, 51]
[54, 51, 5]
[6, 49, 55]
[6, 55, 49]
[49, 6, 55]
[49, 55, 6]
[55, 6, 49]
[55, 49, 6]
[6, 51, 53]
[6, 53, 51]
[51, 6, 53]
[51, 53, 6]
[53, 6, 51]
[53, 51, 6]
[7, 48, 55]
[7, 55, 48]
[48, 7, 55]
[48, 55, 7]
[55, 7, 48]
[55, 48, 7]
[7, 49, 54]
[7, 54, 49]
[49, 7, 54]
[49, 54, 7]
[54, 7, 49]
[54, 49, 7]
[7, 50, 53]
[7, 53, 50]
[50, 7, 53]
[50, 53, 7]
[53, 7, 50]
[53, 50, 7]
[7, 51, 52]
[7, 52, 51]
[51, 7, 52]
[51, 52, 7]
[52, 7, 51]
[52, 51, 7]
[16, 39, 55]
[16, 55, 39]
[39, 16, 55]
[39, 55, 16]
[55, 16, 39]
[55, 39, 16]
[17, 38, 55]
[17, 55, 38]
[38, 17, 55]
[38, 55, 17]
[55, 17, 38]
[55, 38, 17]
[17, 39, 54]
[17, 54, 39]
[39, 17, 54]
[39, 54, 17]
[54, 17, 39]
[54, 39, 17]
[18, 37, 55]
[18, 55, 37]
[37, 18, 55]
[37, 55, 18]
[55, 18, 37]
[55, 37, 18]
[18, 39, 53]
[18, 53, 39]
[39, 18, 53]
[39, 53, 18]
[53, 18, 39]
[53, 39, 18]
[19, 36, 55]
[19, 55, 36]
[36, 19, 55]
[36, 55, 19]
[55, 19, 36]
[55, 36, 19]
[19, 37, 54]
[19, 54, 37]
[37, 19, 54]
[37, 54, 19]
[54, 19, 37]
[54, 37, 19]
[19, 38, 53]
[19, 53, 38]
[38, 19, 53]
[38, 53, 19]
[53, 19, 38]
[53, 38, 19]
[19, 39, 52]
[19, 52, 39]
[39, 19, 52]
[39, 52, 19]
[52, 19, 39]
[52, 39, 19]
[20, 35, 55]
[20, 55, 35]
[35, 20, 55]
[35, 55, 20]
[55, 20, 35]
[55, 35, 20]
[20, 39, 51]
[20, 51, 39]
[39, 20, 51]
[39, 51, 20]
[51, 20, 39]
[51, 39, 20]
[21, 34, 55]
[21, 55, 34]
[34, 21, 55]
[34, 55, 21]
[55, 21, 34]
[55, 34, 21]
[21, 35, 54]
[21, 54, 35]
[35, 21, 54]
[35, 54, 21]
[54, 21, 35]
[54, 35, 21]
[21, 38, 51]
[21, 51, 38]
[38, 21, 51]
[38, 51, 21]
[51, 21, 38]
[51, 38, 21]
[21, 39, 50]
[21, 50, 39]
[39, 21, 50]
[39, 50, 21]
[50, 21, 39]
[50, 39, 21]
[22, 33, 55]
[22, 55, 33]
[33, 22, 55]
[33, 55, 22]
[55, 22, 33]
[55, 33, 22]
[22, 35, 53]
[22, 53, 35]
[35, 22, 53]
[35, 53, 22]
[53, 22, 35]
[53, 35, 22]
[22, 37, 51]
[22, 51, 37]
[37, 22, 51]
[37, 51, 22]
[51, 22, 37]
[51, 37, 22]
[22, 39, 49]
[22, 49, 39]
[39, 22, 49]
[39, 49, 22]
[49, 22, 39]
[49, 39, 22]
[23, 32, 55]
[23, 55, 32]
[32, 23, 55]
[32, 55, 23]
[55, 23, 32]
[55, 32, 23]
[23, 33, 54]
[23, 54, 33]
[33, 23, 54]
[33, 54, 23]
[54, 23, 33]
[54, 33, 23]
[23, 34, 53]
[23, 53, 34]
[34, 23, 53]
[34, 53, 23]
[53, 23, 34]
[53, 34, 23]
[23, 35, 52]
[23, 52, 35]
[35, 23, 52]
[35, 52, 23]
[52, 23, 35]
[52, 35, 23]
[23, 36, 51]
[23, 51, 36]
[36, 23, 51]
[36, 51, 23]
[51, 23, 36]
[51, 36, 23]
[23, 37, 50]
[23, 50, 37]
[37, 23, 50]
[37, 50, 23]
[50, 23, 37]
[50, 37, 23]
[23, 38, 49]
[23, 49, 38]
[38, 23, 49]
[38, 49, 23]
[49, 23, 38]
[49, 38, 23]
[23, 39, 48]
[23, 48, 39]
[39, 23, 48]
[39, 48, 23]
[48, 23, 39]
[48, 39, 23]
[0, 56, 56]
[56, 0, 56]
[56, 56, 0]
[8, 48, 56]
[8, 56, 48]
[48, 8, 56]
[48, 56, 8]
[56, 8, 48]
[56, 48, 8]
[16, 40, 56]
[16, 56, 40]
[40, 16, 56]
[40, 56, 16]
[56, 16, 40]
[56, 40, 16]
[24, 32, 56]
[24, 56, 32]
[32, 24, 56]
[32, 56, 24]
[56, 24, 32]
[56, 32, 24]
[24, 40, 48]
[24, 48, 40]
[40, 24, 48]
[40, 48, 24]
[48, 24, 40]
[48, 40, 24]
[0, 57, 57]
[57, 0, 57]
[57, 57, 0]
[1, 56, 57]
[1, 57, 56]
[56, 1, 57]
[56, 57, 1]
[57, 1, 56]
[57, 56, 1]
[8, 49, 57]
[8, 57, 49]
[49, 8, 57]
[49, 57, 8]
[57, 8, 49]
[57, 49, 8]
[9, 48, 57]
[9, 57, 48]
[48, 9, 57]
[48, 57, 9]
[57, 9, 48]
[57, 48, 9]
[9, 49, 56]
[9, 56, 49]
[49, 9, 56]
[49, 56, 9]
[56, 9, 49]
[56, 49, 9]
[16, 41, 57]
[16, 57, 41]
[41, 16, 57]
[41, 57, 16]
[57, 16, 41]
[57, 41, 16]
[17, 40, 57]
[17, 57, 40]
[40, 17, 57]
[40, 57, 17]
[57, 17, 40]
[57, 40, 17]
[17, 41, 56]
[17, 56, 41]
[41, 17, 56]
[41, 56, 17]
[56, 17, 41]
[56, 41, 17]
[24, 33, 57]
[24, 57, 33]
[33, 24, 57]
[33, 57, 24]
[57, 24, 33]
[57, 33, 24]
[24, 41, 49]
[24, 49, 41]
[41, 24, 49]
[41, 49, 24]
[49, 24, 41]
[49, 41, 24]
[25, 32, 57]
[25, 57, 32]
[32, 25, 57]
[32, 57, 25]
[57, 25, 32]
[57, 32, 25]
[25, 33, 56]
[25, 56, 33]
[33, 25, 56]
[33, 56, 25]
[56, 25, 33]
[56, 33, 25]
[25, 40, 49]
[25, 49, 40]
[40, 25, 49]
[40, 49, 25]
[49, 25, 40]
[49, 40, 25]
[25, 41, 48]
[25, 48, 41]
[41, 25, 48]
[41, 48, 25]
[48, 25, 41]
[48, 41, 25]
[0, 58, 58]
[58, 0, 58]
[58, 58, 0]
[2, 56, 58]
[2, 58, 56]
[56, 2, 58]
[56, 58, 2]
[58, 2, 56]
[58, 56, 2]
[8, 50, 58]
[8, 58, 50]
[50, 8, 58]
[50, 58, 8]
[58, 8, 50]
[58, 50, 8]
[10, 48, 58]
[10, 58, 48]
[48, 10, 58]
[48, 58, 10]
[58, 10, 48]
[58, 48, 10]
[10, 50, 56]
[10, 56, 50]
[50, 10, 56]
[50, 56, 10]
[56, 10, 50]
[56, 50, 10]
[16, 42, 58]
[16, 58, 42]
[42, 16, 58]
[42, 58, 16]
[58, 16, 42]
[58, 42, 16]
[18, 40, 58]
[18, 58, 40]
[40, 18, 58]
[40, 58, 18]
[58, 18, 40]
[58, 40, 18]
[18, 42, 56]
[18, 56, 42]
[42, 18, 56]
[42, 56, 18]
[56, 18, 42]
[56, 42, 18]
[24, 34, 58]
[24, 58, 34]
[34, 24, 58]
[34, 58, 24]
[58, 24, 34]
[58, 34, 24]
[24, 42, 50]
[24, 50, 42]
[42, 24, 50]
[42, 50, 24]
[50, 24, 42]
[50, 42, 24]
[26, 32, 58]
[26, 58, 32]
[32, 26, 58]
[32, 58, 26]
[58, 26, 32]
[58, 32, 26]
[26, 34, 56]
[26, 56, 34]
[34, 26, 56]
[34, 56, 26]
[56, 26, 34]
[56, 34, 26]
[26, 40, 50]
[26, 50, 40]
[40, 26, 50]
[40, 50, 26]
[50, 26, 40]
[50, 40, 26]
[26, 42, 48]
[26, 48, 42]
[42, 26, 48]
[42, 48, 26]
[48, 26, 42]
[48, 42, 26]
[0, 59, 59]
[59, 0, 59]
[59, 59, 0]
[1, 58, 59]
[1, 59, 58]
[58, 1, 59]
[58, 59, 1]
[59, 1, 58]
[59, 58, 1]
[2, 57, 59]
[2, 59, 57]
[57, 2, 59]
[57, 59, 2]
[59, 2, 57]
[59, 57, 2]
[3, 56, 59]
[3, 59, 56]
[56, 3, 59]
[56, 59, 3]
[59, 3, 56]
[59, 56, 3]
[3, 57, 58]
[3, 58, 57]
[57, 3, 58]
[57, 58, 3]
[58, 3, 57]
[58, 57, 3]
[8, 51, 59]
[8, 59, 51]
[51, 8, 59]
[51, 59, 8]
[59, 8, 51]
[59, 51, 8]
[9, 50, 59]
[9, 59, 50]
[50, 9, 59]
[50, 59, 9]
[59, 9, 50]
[59, 50, 9]
[9, 51, 58]
[9, 58, 51]
[51, 9, 58]
[51, 58, 9]
[58, 9, 51]
[58, 51, 9]
[10, 49, 59]
[10, 59, 49]
[49, 10, 59]
[49, 59, 10]
[59, 10, 49]
[59, 49, 10]
[10, 51, 57]
[10, 57, 51]
[51, 10, 57]
[51, 57, 10]
[57, 10, 51]
[57, 51, 10]
[11, 48, 59]
[11, 59, 48]
[48, 11, 59]
[48, 59, 11]
[59, 11, 48]
[59, 48, 11]
[11, 49, 58]
[11, 58, 49]
[49, 11, 58]
[49, 58, 11]
[58, 11, 49]
[58, 49, 11]
[11, 50, 57]
[11, 57, 50]
[50, 11, 57]
[50, 57, 11]
[57, 11, 50]
[57, 50, 11]
[11, 51, 56]
[11, 56, 51]
[51, 11, 56]
[51, 56, 11]
[56, 11, 51]
[56, 51, 11]
[16, 43, 59]
[16, 59, 43]
[43, 16, 59]
[43, 59, 16]
[59, 16, 43]
[59, 43, 16]
[17, 42, 59]
[17, 59, 42]
[42, 17, 59]
[42, 59, 17]
[59, 17, 42]
[59, 42, 17]
[17, 43, 58]
[17, 58, 43]
[43, 17, 58]
[43, 58, 17]
[58, 17, 43]
[58, 43, 17]
[18, 41, 59]
[18, 59, 41]
[41, 18, 59]
[41, 59, 18]
[59, 18, 41]
[59, 41, 18]
[18, 43, 57]
[18, 57, 43]
[43, 18, 57]
[43, 57, 18]
[57, 18, 43]
[57, 43, 18]
[19, 40, 59]
[19, 59, 40]
[40, 19, 59]
[40, 59, 19]
[59, 19, 40]
[59, 40, 19]
[19, 41, 58]
[19, 58, 41]
[41, 19, 58]
[41, 58, 19]
[58, 19, 41]
[58, 41, 19]
[19, 42, 57]
[19, 57, 42]
[42, 19, 57]
[42, 57, 19]
[57, 19, 42]
[57, 42, 19]
[19, 43, 56]
[19, 56, 43]
[43, 19, 56]
[43, 56, 19]
[56, 19, 43]
[56, 43, 19]
[24, 35, 59]
[24, 59, 35]
[35, 24, 59]
[35, 59, 24]
[59, 24, 35]
[59, 35, 24]
[24, 43, 51]
[24, 51, 43]
[43, 24, 51]
[43, 51, 24]
[51, 24, 43]
[51, 43, 24]
[25, 34, 59]
[25, 59, 34]
[34, 25, 59]
[34, 59, 25]
[59, 25, 34]
[59, 34, 25]
[25, 35, 58]
[25, 58, 35]
[35, 25, 58]
[35, 58, 25]
[58, 25, 35]
[58, 35, 25]
[25, 42, 51]
[25, 51, 42]
[42, 25, 51]
[42, 51, 25]
[51, 25, 42]
[51, 42, 25]
[25, 43, 50]
[25, 50, 43]
[43, 25, 50]
[43, 50, 25]
[50, 25, 43]
[50, 43, 25]
[26, 33, 59]
[26, 59, 33]
[33, 26, 59]
[33, 59, 26]
[59, 26, 33]
[59, 33, 26]
[26, 35, 57]
[26, 57, 35]
[35, 26, 57]
[35, 57, 26]
[57, 26, 35]
[57, 35, 26]
[26, 41, 51]
[26, 51, 41]
[41, 26, 51]
[41, 51, 26]
[51, 26, 41]
[51, 41, 26]
[26, 43, 49]
[26, 49, 43]
[43, 26, 49]
[43, 49, 26]
[49, 26, 43]
[49, 43, 26]
[27, 32, 59]
[27, 59, 32]
[32, 27, 59]
[32, 59, 27]
[59, 27, 32]
[59, 32, 27]
[27, 33, 58]
[27, 58, 33]
[33, 27, 58]
[33, 58, 27]
[58, 27, 33]
[58, 33, 27]
[27, 34, 57]
[27, 57, 34]
[34, 27, 57]
[34, 57, 27]
[57, 27, 34]
[57, 34, 27]
[27, 35, 56]
[27, 56, 35]
[35, 27, 56]
[35, 56, 27]
[56, 27, 35]
[56, 35, 27]
[27, 40, 51]
[27, 51, 40]
[40, 27, 51]
[40, 51, 27]
[51, 27, 40]
[51, 40, 27]
[27, 41, 50]
[27, 50, 41]
[41, 27, 50]
[41, 50, 27]
[50, 27, 41]
[50, 41, 27]
[27, 42, 49]
[27, 49, 42]
[42, 27, 49]
[42, 49, 27]
[49, 27, 42]
[49, 42, 27]
[27, 43, 48]
[27, 48, 43]
[43, 27, 48]
[43, 48, 27]
[48, 27, 43]
[48, 43, 27]
[0, 60, 60]
[60, 0, 60]
[60, 60, 0]
[4, 56, 60]
[4, 60, 56]
[56, 4, 60]
[56, 60, 4]
[60, 4, 56]
[60, 56, 4]
[8, 52, 60]
[8, 60, 52]
[52, 8, 60]
[52, 60, 8]
[60, 8, 52]
[60, 52, 8]
[12, 48, 60]
[12, 60, 48]
[48, 12, 60]
[48, 60, 12]
[60, 12, 48]
[60, 48, 12]
[12, 52, 56]
[12, 56, 52]
[52, 12, 56]
[52, 56, 12]
[56, 12, 52]
[56, 52, 12]
[16, 44, 60]
[16, 60, 44]
[44, 16, 60]
[44, 60, 16]
[60, 16, 44]
[60, 44, 16]
[20, 40, 60]
[20, 60, 40]
[40, 20, 60]
[40, 60, 20]
[60, 20, 40]
[60, 40, 20]
[20, 44, 56]
[20, 56, 44]
[44, 20, 56]
[44, 56, 20]
[56, 20, 44]
[56, 44, 20]
[24, 36, 60]
[24, 60, 36]
[36, 24, 60]
[36, 60, 24]
[60, 24, 36]
[60, 36, 24]
[24, 44, 52]
[24, 52, 44]
[44, 24, 52]
[44, 52, 24]
[52, 24, 44]
[52, 44, 24]
[28, 32, 60]
[28, 60, 32]
[32, 28, 60]
[32, 60, 28]
[60, 28, 32]
[60, 32, 28]
[28, 36, 56]
[28, 56, 36]
[36, 28, 56]
[36, 56, 28]
[56, 28, 36]
[56, 36, 28]
[28, 40, 52]
[28, 52, 40]
[40, 28, 52]
[40, 52, 28]
[52, 28, 40]
[52, 40, 28]
[28, 44, 48]
[28, 48, 44]
[44, 28, 48]
[44, 48, 28]
[48, 28, 44]
[48, 44, 28]
[5, 57, 60]
[5, 60, 57]
[57, 5, 60]
[57, 60, 5]
[60, 5, 57]
[60, 57, 5]
[9, 53, 60]
[9, 60, 53]
[53, 9, 60]
[53, 60, 9]
[60, 9, 53]
[60, 53, 9]
[12, 53, 57]
[12, 57, 53]
[53, 12, 57]
[53, 57, 12]
[57, 12, 53]
[57, 53, 12]
[13, 49, 60]
[13, 60, 49]
[49, 13, 60]
[49, 60, 13]
[60, 13, 49]
[60, 49, 13]
[13, 52, 57]
[13, 57, 52]
[52, 13, 57]
[52, 57, 13]
[57, 13, 52]
[57, 52, 13]
[13, 53, 56]
[13, 56, 53]
[53, 13, 56]
[53, 56, 13]
[56, 13, 53]
[56, 53, 13]
[17, 45, 60]
[17, 60, 45]
[45, 17, 60]
[45, 60, 17]
[60, 17, 45]
[60, 45, 17]
[20, 45, 57]
[20, 57, 45]
[45, 20, 57]
[45, 57, 20]
[57, 20, 45]
[57, 45, 20]
[21, 41, 60]
[21, 60, 41]
[41, 21, 60]
[41, 60, 21]
[60, 21, 41]
[60, 41, 21]
[21, 44, 57]
[21, 57, 44]
[44, 21, 57]
[44, 57, 21]
[57, 21, 44]
[57, 44, 21]
[21, 45, 56]
[21, 56, 45]
[45, 21, 56]
[45, 56, 21]
[56, 21, 45]
[56, 45, 21]
[24, 45, 53]
[24, 53, 45]
[45, 24, 53]
[45, 53, 24]
[53, 24, 45]
[53, 45, 24]
[25, 37, 60]
[25, 60, 37]
[37, 25, 60]
[37, 60, 25]
[60, 25, 37]
[60, 37, 25]
[25, 44, 53]
[25, 53, 44]
[44, 25, 53]
[44, 53, 25]
[53, 25, 44]
[53, 44, 25]
[25, 45, 52]
[25, 52, 45]
[45, 25, 52]
[45, 52, 25]
[52, 25, 45]
[52, 45, 25]
[28, 37, 57]
[28, 57, 37]
[37, 28, 57]
[37, 57, 28]
[57, 28, 37]
[57, 37, 28]
[28, 41, 53]
[28, 53, 41]
[41, 28, 53]
[41, 53, 28]
[53, 28, 41]
[53, 41, 28]
[28, 45, 49]
[28, 49, 45]
[45, 28, 49]
[45, 49, 28]
[49, 28, 45]
[49, 45, 28]
[29, 33, 60]
[29, 60, 33]
[33, 29, 60]
[33, 60, 29]
[60, 29, 33]
[60, 33, 29]
[29, 36, 57]
[29, 57, 36]
[36, 29, 57]
[36, 57, 29]
[57, 29, 36]
[57, 36, 29]
[29, 37, 56]
[29, 56, 37]
[37, 29, 56]
[37, 56, 29]
[56, 29, 37]
[56, 37, 29]
[29, 40, 53]
[29, 53, 40]
[40, 29, 53]
[40, 53, 29]
[53, 29, 40]
[53, 40, 29]
[29, 41, 52]
[29, 52, 41]
[41, 29, 52]
[41, 52, 29]
[52, 29, 41]
[52, 41, 29]
[29, 44, 49]
[29, 49, 44]
[44, 29, 49]
[44, 49, 29]
[49, 29, 44]
[49, 44, 29]
[29, 45, 48]
[29, 48, 45]
[45, 29, 48]
[45, 48, 29]
[48, 29, 45]
[48, 45, 29]
[6, 58, 60]
[6, 60, 58]
[58, 6, 60]
[58, 60, 6]
[60, 6, 58]
[60, 58, 6]
[10, 54, 60]
[10, 60, 54]
[54, 10, 60]
[54, 60, 10]
[60, 10, 54]
[60, 54, 10]
[12, 54, 58]
[12, 58, 54]
[54, 12, 58]
[54, 58, 12]
[58, 12, 54]
[58, 54, 12]
[14, 50, 60]
[14, 60, 50]
[50, 14, 60]
[50, 60, 14]
[60, 14, 50]
[60, 50, 14]
[14, 52, 58]
[14, 58, 52]
[52, 14, 58]
[52, 58, 14]
[58, 14, 52]
[58, 52, 14]
[14, 54, 56]
[14, 56, 54]
[54, 14, 56]
[54, 56, 14]
[56, 14, 54]
[56, 54, 14]
[18, 46, 60]
[18, 60, 46]
[46, 18, 60]
[46, 60, 18]
[60, 18, 46]
[60, 46, 18]
[20, 46, 58]
[20, 58, 46]
[46, 20, 58]
[46, 58, 20]
[58, 20, 46]
[58, 46, 20]
[22, 42, 60]
[22, 60, 42]
[42, 22, 60]
[42, 60, 22]
[60, 22, 42]
[60, 42, 22]
[22, 44, 58]
[22, 58, 44]
[44, 22, 58]
[44, 58, 22]
[58, 22, 44]
[58, 44, 22]
[22, 46, 56]
[22, 56, 46]
[46, 22, 56]
[46, 56, 22]
[56, 22, 46]
[56, 46, 22]
[24, 46, 54]
[24, 54, 46]
[46, 24, 54]
[46, 54, 24]
[54, 24, 46]
[54, 46, 24]
[26, 38, 60]
[26, 60, 38]
[38, 26, 60]
[38, 60, 26]
[60, 26, 38]
[60, 38, 26]
[26, 44, 54]
[26, 54, 44]
[44, 26, 54]
[44, 54, 26]
[54, 26, 44]
[54, 44, 26]
[26, 46, 52]
[26, 52, 46]
[46, 26, 52]
[46, 52, 26]
[52, 26, 46]
[52, 46, 26]
[28, 38, 58]
[28, 58, 38]
[38, 28, 58]
[38, 58, 28]
[58, 28, 38]
[58, 38, 28]
[28, 42, 54]
[28, 54, 42]
[42, 28, 54]
[42, 54, 28]
[54, 28, 42]
[54, 42, 28]
[28, 46, 50]
[28, 50, 46]
[46, 28, 50]
[46, 50, 28]
[50, 28, 46]
[50, 46, 28]
[30, 34, 60]
[30, 60, 34]
[34, 30, 60]
[34, 60, 30]
[60, 30, 34]
[60, 34, 30]
[30, 36, 58]
[30, 58, 36]
[36, 30, 58]
[36, 58, 30]
[58, 30, 36]
[58, 36, 30]
[30, 38, 56]
[30, 56, 38]
[38, 30, 56]
[38, 56, 30]
[56, 30, 38]
[56, 38, 30]
[30, 40, 54]
[30, 54, 40]
[40, 30, 54]
[40, 54, 30]
[54, 30, 40]
[54, 40, 30]
[30, 42, 52]
[30, 52, 42]
[42, 30, 52]
[42, 52, 30]
[52, 30, 42]
[52, 42, 30]
[30, 44, 50]
[30, 50, 44]
[44, 30, 50]
[44, 50, 30]
[50, 30, 44]
[50, 44, 30]
[30, 46, 48]
[30, 48, 46]
[46, 30, 48]
[46, 48, 30]
[48, 30, 46]
[48, 46, 30]
[7, 59, 60]
[7, 60, 59]
[59, 7, 60]
[59, 60, 7]
[60, 7, 59]
[60, 59, 7]
[11, 55, 60]
[11, 60, 55]
[55, 11, 60]
[55, 60, 11]
[60, 11, 55]
[60, 55, 11]
[12, 55, 59]
[12, 59, 55]
[55, 12, 59]
[55, 59, 12]
[59, 12, 55]
[59, 55, 12]
[13, 54, 59]
[13, 59, 54]
[54, 13, 59]
[54, 59, 13]
[59, 13, 54]
[59, 54, 13]
[13, 55, 58]
[13, 58, 55]
[55, 13, 58]
[55, 58, 13]
[58, 13, 55]
[58, 55, 13]
[14, 53, 59]
[14, 59, 53]
[53, 14, 59]
[53, 59, 14]
[59, 14, 53]
[59, 53, 14]
[14, 55, 57]
[14, 57, 55]
[55, 14, 57]
[55, 57, 14]
[57, 14, 55]
[57, 55, 14]
[15, 51, 60]
[15, 60, 51]
[51, 15, 60]
[51, 60, 15]
[60, 15, 51]
[60, 51, 15]
[15, 52, 59]
[15, 59, 52]
[52, 15, 59]
[52, 59, 15]
[59, 15, 52]
[59, 52, 15]
[15, 53, 58]
[15, 58, 53]
[53, 15, 58]
[53, 58, 15]
[58, 15, 53]
[58, 53, 15]
[15, 54, 57]
[15, 57, 54]
[54, 15, 57]
[54, 57, 15]
[57, 15, 54]
[57, 54, 15]
[15, 55, 56]
[15, 56, 55]
[55, 15, 56]
[55, 56, 15]
[56, 15, 55]
[56, 55, 15]
[19, 47, 60]
[19, 60, 47]
[47, 19, 60]
[47, 60, 19]
[60, 19, 47]
[60, 47, 19]
[20, 47, 59]
[20, 59, 47]
[47, 20, 59]
[47, 59, 20]
[59, 20, 47]
[59, 47, 20]
[21, 46, 59]
[21, 59, 46]
[46, 21, 59]
[46, 59, 21]
[59, 21, 46]
[59, 46, 21]
[21, 47, 58]
[21, 58, 47]
[47, 21, 58]
[47, 58, 21]
[58, 21, 47]
[58, 47, 21]
[22, 45, 59]
[22, 59, 45]
[45, 22, 59]
[45, 59, 22]
[59, 22, 45]
[59, 45, 22]
[22, 47, 57]
[22, 57, 47]
[47, 22, 57]
[47, 57, 22]
[57, 22, 47]
[57, 47, 22]
[23, 43, 60]
[23, 60, 43]
[43, 23, 60]
[43, 60, 23]
[60, 23, 43]
[60, 43, 23]
[23, 44, 59]
[23, 59, 44]
[44, 23, 59]
[44, 59, 23]
[59, 23, 44]
[59, 44, 23]
[23, 45, 58]
[23, 58, 45]
[45, 23, 58]
[45, 58, 23]
[58, 23, 45]
[58, 45, 23]
[23, 46, 57]
[23, 57, 46]
[46, 23, 57]
[46, 57, 23]
[57, 23, 46]
[57, 46, 23]
[23, 47, 56]
[23, 56, 47]
[47, 23, 56]
[47, 56, 23]
[56, 23, 47]
[56, 47, 23]
[24, 47, 55]
[24, 55, 47]
[47, 24, 55]
[47, 55, 24]
[55, 24, 47]
[55, 47, 24]
[25, 46, 55]
[25, 55, 46]
[46, 25, 55]
[46, 55, 25]
[55, 25, 46]
[55, 46, 25]
[25, 47, 54]
[25, 54, 47]
[47, 25, 54]
[47, 54, 25]
[54, 25, 47]
[54, 47, 25]
[26, 45, 55]
[26, 55, 45]
[45, 26, 55]
[45, 55, 26]
[55, 26, 45]
[55, 45, 26]
[26, 47, 53]
[26, 53, 47]
[47, 26, 53]
[47, 53, 26]
[53, 26, 47]
[53, 47, 26]
[27, 39, 60]
[27, 60, 39]
[39, 27, 60]
[39, 60, 27]
[60, 27, 39]
[60, 39, 27]
[27, 44, 55]
[27, 55, 44]
[44, 27, 55]
[44, 55, 27]
[55, 27, 44]
[55, 44, 27]
[27, 45, 54]
[27, 54, 45]
[45, 27, 54]
[45, 54, 27]
[54, 27, 45]
[54, 45, 27]
[27, 46, 53]
[27, 53, 46]
[46, 27, 53]
[46, 53, 27]
[53, 27, 46]
[53, 46, 27]
[27, 47, 52]
[27, 52, 47]
[47, 27, 52]
[47, 52, 27]
[52, 27, 47]
[52, 47, 27]
[28, 39, 59]
[28, 59, 39]
[39, 28, 59]
[39, 59, 28]
[59, 28, 39]
[59, 39, 28]
[28, 43, 55]
[28, 55, 43]
[43, 28, 55]
[43, 55, 28]
[55, 28, 43]
[55, 43, 28]
[28, 47, 51]
[28, 51, 47]
[47, 28, 51]
[47, 51, 28]
[51, 28, 47]
[51, 47, 28]
[29, 38, 59]
[29, 59, 38]
[38, 29, 59]
[38, 59, 29]
[59, 29, 38]
[59, 38, 29]
[29, 39, 58]
[29, 58, 39]
[39, 29, 58]
[39, 58, 29]
[58, 29, 39]
[58, 39, 29]
[29, 42, 55]
[29, 55, 42]
[42, 29, 55]
[42, 55, 29]
[55, 29, 42]
[55, 42, 29]
[29, 43, 54]
[29, 54, 43]
[43, 29, 54]
[43, 54, 29]
[54, 29, 43]
[54, 43, 29]
[29, 46, 51]
[29, 51, 46]
[46, 29, 51]
[46, 51, 29]
[51, 29, 46]
[51, 46, 29]
[29, 47, 50]
[29, 50, 47]
[47, 29, 50]
[47, 50, 29]
[50, 29, 47]
[50, 47, 29]
[30, 37, 59]
[30, 59, 37]
[37, 30, 59]
[37, 59, 30]
[59, 30, 37]
[59, 37, 30]
[30, 39, 57]
[30, 57, 39]
[39, 30, 57]
[39, 57, 30]
[57, 30, 39]
[57, 39, 30]
[30, 41, 55]
[30, 55, 41]
[41, 30, 55]
[41, 55, 30]
[55, 30, 41]
[55, 41, 30]
[30, 43, 53]
[30, 53, 43]
[43, 30, 53]
[43, 53, 30]
[53, 30, 43]
[53, 43, 30]
[30, 45, 51]
[30, 51, 45]
[45, 30, 51]
[45, 51, 30]
[51, 30, 45]
[51, 45, 30]
[30, 47, 49]
[30, 49, 47]
[47, 30, 49]
[47, 49, 30]
[49, 30, 47]
[49, 47, 30]
[31, 35, 60]
[31, 60, 35]
[35, 31, 60]
[35, 60, 31]
[60, 31, 35]
[60, 35, 31]
[31, 36, 59]
[31, 59, 36]
[36, 31, 59]
[36, 59, 31]
[59, 31, 36]
[59, 36, 31]
[31, 37, 58]
[31, 58, 37]
[37, 31, 58]
[37, 58, 31]
[58, 31, 37]
[58, 37, 31]
[31, 38, 57]
[31, 57, 38]
[38, 31, 57]
[38, 57, 31]
[57, 31, 38]
[57, 38, 31]
[31, 39, 56]
[31, 56, 39]
[39, 31, 56]
[39, 56, 31]
[56, 31, 39]
[56, 39, 31]
[31, 40, 55]
[31, 55, 40]
[40, 31, 55]
[40, 55, 31]
[55, 31, 40]
[55, 40, 31]
[31, 41, 54]
[31, 54, 41]
[41, 31, 54]
[41, 54, 31]
[54, 31, 41]
[54, 41, 31]
[31, 42, 53]
[31, 53, 42]
[42, 31, 53]
[42, 53, 31]
[53, 31, 42]
[53, 42, 31]
[31, 43, 52]
[31, 52, 43]
[43, 31, 52]
[43, 52, 31]
[52, 31, 43]
[52, 43, 31]
[31, 44, 51]
[31, 51, 44]
[44, 31, 51]
[44, 51, 31]
[51, 31, 44]
[51, 44, 31]
[31, 45, 50]
[31, 50, 45]
[45, 31, 50]
[45, 50, 31]
[50, 31, 45]
[50, 45, 31]
[31, 46, 49]
[31, 49, 46]
[46, 31, 49]
[46, 49, 31]
[49, 31, 46]
[49, 46, 31]
[31, 47, 48]
[31, 48, 47]
[47, 31, 48]
[47, 48, 31]
[48, 31, 47]
[48, 47, 31]
