[0, 0, 0]
[0, 1, 1]
[0, 2, 2]
[0, 3, 3]
[0, 4, 4]
[0, 5, 5]
[0, 6, 6]
[0, 7, 7]
[0, 8, 8]
[0, 9, 9]
[0, 10, 10]
[0, 11, 11]
[0, 12, 12]
[0, 13, 13]
[0, 14, 14]
[0, 15, 15]
[0, 16, 16]
[0, 17, 17]
[0, 18, 18]
[0, 19, 19]
[0, 20, 20]
[0, 21, 21]
[0, 22, 22]
[0, 23, 23]
[0, 24, 24]
[0, 25, 25]
[0, 26, 26]
[0, 27, 27]
[0, 28, 28]
[0, 29, 29]
[0, 30, 30]
[0, 31, 31]
[0, 32, 32]
[0, 33, 33]
[0, 34, 34]
[0, 35, 35]
[0, 36, 36]
[0, 37, 37]
[0, 38, 38]
[0, 39, 39]
[0, 40, 40]
[0, 41, 41]
[0, 42, 42]
[0, 43, 43]
[0, 44, 44]
[0, 45, 45]
[0, 46, 46]
[0, 47, 47]
[0, 48, 48]
[0, 49, 49]
[0, 50, 50]
[0, 51, 51]
[0, 52, 52]
[0, 53, 53]
[0, 54, 54]
[0, 55, 55]
[0, 56, 56]
[0, 57, 57]
[0, 58, 58]
[0, 59, 59]
[0, 60, 60]
[1, 2, 3]
[1, 4, 5]
[1, 6, 7]
[1, 8, 9]
[1, 10, 11]
[1, 12, 13]
[1, 14, 15]
[1, 16, 17]
[1, 18, 19]
[1, 20, 21]
[1, 22, 23]
[1, 24, 25]
[1, 26, 27]
[1, 28, 29]
[1, 30, 31]
[1, 32, 33]
[1, 34, 35]
[1, 36, 37]
[1, 38, 39]
[1, 40, 41]
[1, 42, 43]
[1, 44, 45]
[1, 46, 47]
[1, 48, 49]
[1, 50, 51]
[1, 52, 53]
[1, 54, 55]
[1, 56, 57]
[1, 58, 59]
[2, 4, 6]
[2, 5, 7]
[2, 8, 10]
[2, 9, 11]
[2, 12, 14]
[2, 13, 15]
[2, 16, 18]
[2, 17, 19]
[2, 20, 22]
[2, 21, 23]
[2, 24, 26]
[2, 25, 27]
[2, 28, 30]
[2, 29, 31]
[2, 32, 34]
[2, 33, 35]
[2, 36, 38]
[2, 37, 39]
[2, 40, 42]
[2, 41, 43]
[2, 44, 46]
[2, 45, 47]
[2, 48, 50]
[2, 49, 51]
[2, 52, 54]
[2, 53, 55]
[2, 56, 58]
[2, 57, 59]
[3, 4, 7]
[3, 5, 6]
[3, 8, 11]
[3, 9, 10]
[3, 12, 15]
[3, 13, 14]
[3, 16, 19]
[3, 17, 18]
[3, 20, 23]
[3, 21, 22]
[3, 24, 27]
[3, 25, 26]
[3, 28, 31]
[3, 29, 30]
[3, 32, 35]
[3, 33, 34]
[3, 36, 39]
[3, 37, 38]
[3, 40, 43]
[3, 41, 42]
[3, 44, 47]
[3, 45, 46]
[3, 48, 51]
[3, 49, 50]
[3, 52, 55]
[3, 53, 54]
[3, 56, 59]
[3, 57, 58]
[4, 8, 12]
[4, 9, 13]
[4, 10, 14]
[4, 11, 15]
[4, 16, 20]
[4, 17, 21]
[4, 18, 22]
[4, 19, 23]
[4, 24, 28]
[4, 25, 29]
[4, 26, 30]
[4, 27, 31]
[4, 32, 36]
[4, 33, 37]
[4, 34, 38]
[4, 35, 39]
[4, 40, 44]
[4, 41, 45]
[4, 42, 46]
[4, 43, 47]
[4, 48, 52]
[4, 49, 53]
[4, 50, 54]
[4, 51, 55]
[4, 56, 60]
[5, 8, 13]
[5, 9, 12]
[5, 10, 15]
[5, 11, 14]
[5, 16, 21]
[5, 17, 20]
[5, 18, 23]
[5, 19, 22]
[5, 24, 29]
[5, 25, 28]
[5, 26, 31]
[5, 27, 30]
[5, 32, 37]
[5, 33, 36]
[5, 34, 39]
[5, 35, 38]
[5, 40, 45]
[5, 41, 44]
[5, 42, 47]
[5, 43, 46]
[5, 48, 53]
[5, 49, 52]
[5, 50, 55]
[5, 51, 54]
[5, 57, 60]
[6, 8, 14]
[6, 9, 15]
[6, 10, 12]
[6, 11, 13]
[6, 16, 22]
[6, 17, 23]
[6, 18, 20]
[6, 19, 21]
[6, 24, 30]
[6, 25, 31]
[6, 26, 28]
[6, 27, 29]
[6, 32, 38]
[6, 33, 39]
[6, 34, 36]
[6, 35, 37]
[6, 40, 46]
[6, 41, 47]
[6, 42, 44]
[6, 43, 45]
[6, 48, 54]
[6, 49, 55]
[6, 50, 52]
[6, 51, 53]
[6, 58, 60]
[7, 8, 15]
[7, 9, 14]
[7, 10, 13]
[7, 11, 12]
[7, 16, 23]
[7, 17, 22]
[7, 18, 21]
[7, 19, 20]
[7, 24, 31]
[7, 25, 30]
[7, 26, 29]
[7, 27, 28]
[7, 32, 39]
[7, 33, 38]
[7, 34, 37]
[7, 35, 36]
[7, 40, 47]
[7, 41, 46]
[7, 42, 45]
[7, 43, 44]
[7, 48, 55]
[7, 49, 54]
[7, 50, 53]
[7, 51, 52]
[7, 59, 60]
[8, 16, 24]
[8, 17, 25]
[8, 18, 26]
[8, 19, 27]
[8, 20, 28]
[8, 21, 29]
[8, 22, 30]
[8, 23, 31]
[8, 32, 40]
[8, 33, 41]
[8, 34, 42]
[8, 35, 43]
[8, 36, 44]
[8, 37, 45]
[8, 38, 46]
[8, 39, 47]
[8, 48, 56]
[8, 49, 57]
[8, 50, 58]
[8, 51, 59]
[8, 52, 60]
[9, 16, 25]
[9, 17, 24]
[9, 18, 27]
[9, 19, 26]
[9, 20, 29]
[9, 21, 28]
[9, 22, 31]
[9, 23, 30]
[9, 32, 41]
[9, 33, 40]
[9, 34, 43]
[9, 35, 42]
[9, 36, 45]
[9, 37, 44]
[9, 38, 47]
[9, 39, 46]
[9, 48, 57]
[9, 49, 56]
[9, 50, 59]
[9, 51, 58]
[9, 53, 60]
[10, 16, 26]
[10, 17, 27]
[10, 18, 24]
[10, 19, 25]
[10, 20, 30]
[10, 21, 31]
[10, 22, 28]
[10, 23, 29]
[10, 32, 42]
[10, 33, 43]
[10, 34, 40]
[10, 35, 41]
[10, 36, 46]
[10, 37, 47]
[10, 38, 44]
[10, 39, 45]
[10, 48, 58]
[10, 49, 59]
[10, 50, 56]
[10, 51, 57]
[10, 54, 60]
[11, 16, 27]
[11, 17, 26]
[11, 18, 25]
[11, 19, 24]
[11, 20, 31]
[11, 21, 30]
[11, 22, 29]
[11, 23, 28]
[11, 32, 43]
[11, 33, 42]
[11, 34, 41]
[11, 35, 40]
[11, 36, 47]
[11, 37, 46]
[11, 38, 45]
[11, 39, 44]
[11, 48, 59]
[11, 49, 58]
[11, 50, 57]
[11, 51, 56]
[11, 55, 60]
[12, 16, 28]
[12, 17, 29]
[12, 18, 30]
[12, 19, 31]
[12, 20, 24]
[12, 21, 25]
[12, 22, 26]
[12, 23, 27]
[12, 32, 44]
[12, 33, 45]
[12, 34, 46]
[12, 35, 47]
[12, 36, 40]
[12, 37, 41]
[12, 38, 42]
[12, 39, 43]
[12, 48, 60]
[12, 52, 56]
[12, 53, 57]
[12, 54, 58]
[12, 55, 59]
[13, 16, 29]
[13, 17, 28]
[13, 18, 31]
[13, 19, 30]
[13, 20, 25]
[13, 21, 24]
[13, 22, 27]
[13, 23, 26]
[13, 32, 45]
[13, 33, 44]
[13, 34, 47]
[13, 35, 46]
[13, 36, 41]
[13, 37, 40]
[13, 38, 43]
[13, 39, 42]
[13, 49, 60]
[13, 52, 57]
[13, 53, 56]
[13, 54, 59]
[13, 55, 58]
[14, 16, 30]
[14, 17, 31]
[14, 18, 28]
[14, 19, 29]
[14, 20, 26]
[14, 21, 27]
[14, 22, 24]
[14, 23, 25]
[14, 32, 46]
[14, 33, 47]
[14, 34, 44]
[14, 35, 45]
[14, 36, 42]
[14, 37, 43]
[14, 38, 40]
[14, 39, 41]
[14, 50, 60]
[14, 52, 58]
[14, 53, 59]
[14, 54, 56]
[14, 55, 57]
[15, 16, 31]
[15, 17, 30]
[15, 18, 29]
[15, 19, 28]
[15, 20, 27]
[15, 21, 26]
[15, 22, 25]
[15, 23, 24]
[15, 32, 47]
[15, 33, 46]
[15, 34, 45]
[15, 35, 44]
[15, 36, 43]
[15, 37, 42]
[15, 38, 41]
[15, 39, 40]
[15, 51, 60]
[15, 52, 59]
[15, 53, 58]
[15, 54, 57]
[15, 55, 56]
[16, 32, 48]
[16, 33, 49]
[16, 34, 50]
[16, 35, 51]
[16, 36, 52]
[16, 37, 53]
[16, 38, 54]
[16, 39, 55]
[16, 40, 56]
[16, 41, 57]
[16, 42, 58]
[16, 43, 59]
[16, 44, 60]
[17, 32, 49]
[17, 33, 48]
[17, 34, 51]
[17, 35, 50]
[17, 36, 53]
[17, 37, 52]
[17, 38, 55]
[17, 39, 54]
[17, 40, 57]
[17, 41, 56]
[17, 42, 59]
[17, 43, 58]
[17, 45, 60]
[18, 32, 50]
[18, 33, 51]
[18, 34, 48]
[18, 35, 49]
[18, 36, 54]
[18, 37, 55]
[18, 38, 52]
[18, 39, 53]
[18, 40, 58]
[18, 41, 59]
[18, 42, 56]
[18, 43, 57]
[18, 46, 60]
[19, 32, 51]
[19, 33, 50]
[19, 34, 49]
[19, 35, 48]
[19, 36, 55]
[19, 37, 54]
[19, 38, 53]
[19, 39, 52]
[19, 40, 59]
[19, 41, 58]
[19, 42, 57]
[19, 43, 56]
[19, 47, 60]
[20, 32, 52]
[20, 33, 53]
[20, 34, 54]
[20, 35, 55]
[20, 36, 48]
[20, 37, 49]
[20, 38, 50]
[20, 39, 51]
[20, 40, 60]
[20, 44, 56]
[20, 45, 57]
[20, 46, 58]
[20, 47, 59]
[21, 32, 53]
[21, 33, 52]
[21, 34, 55]
[21, 35, 54]
[21, 36, 49]
[21, 37, 48]
[21, 38, 51]
[21, 39, 50]
[21, 41, 60]
[21, 44, 57]
[21, 45, 56]
[21, 46, 59]
[21, 47, 58]
[22, 32, 54]
[22, 33, 55]
[22, 34, 52]
[22, 35, 53]
[22, 36, 50]
[22, 37, 51]
[22, 38, 48]
[22, 39, 49]
[22, 42, 60]
[22, 44, 58]
[22, 45, 59]
[22, 46, 56]
[22, 47, 57]
[23, 32, 55]
[23, 33, 54]
[23, 34, 53]
[23, 35, 52]
[23, 36, 51]
[23, 37, 50]
[23, 38, 49]
[23, 39, 48]
[23, 43, 60]
[23, 44, 59]
[23, 45, 58]
[23, 46, 57]
[23, 47, 56]
[24, 32, 56]
[24, 33, 57]
[24, 34, 58]
[24, 35, 59]
[24, 36, 60]
[24, 40, 48]
[24, 41, 49]
[24, 42, 50]
[24, 43, 51]
[24, 44, 52]
[24, 45, 53]
[24, 46, 54]
[24, 47, 55]
[25, 32, 57]
[25, 33, 56]
[25, 34, 59]
[25, 35, 58]
[25, 37, 60]
[25, 40, 49]
[25, 41, 48]
[25, 42, 51]
[25, 43, 50]
[25, 44, 53]
[25, 45, 52]
[25, 46, 55]
[25, 47, 54]
[26, 32, 58]
[26, 33, 59]
[26, 34, 56]
[26, 35, 57]
[26, 38, 60]
[26, 40, 50]
[26, 41, 51]
[26, 42, 48]
[26, 43, 49]
[26, 44, 54]
[26, 45, 55]
[26, 46, 52]
[26, 47, 53]
[27, 32, 59]
[27, 33, 58]
[27, 34, 57]
[27, 35, 56]
[27, 39, 60]
[27, 40, 51]
[27, 41, 50]
[27, 42, 49]
[27, 43, 48]
[27, 44, 55]
[27, 45, 54]
[27, 46, 53]
[27, 47, 52]
[28, 32, 60]
[28, 36, 56]
[28, 37, 57]
[28, 38, 58]
[28, 39, 59]
[28, 40, 52]
[28, 41, 53]
[28, 42, 54]
[28, 43, 55]
[28, 44, 48]
[28, 45, 49]
[28, 46, 50]
[28, 47, 51]
[29, 33, 60]
[29, 36, 57]
[29, 37, 56]
[29, 38, 59]
[29, 39, 58]
[29, 40, 53]
[29, 41, 52]
[29, 42, 55]
[29, 43, 54]
[29, 44, 49]
[29, 45, 48]
[29, 46, 51]
[29, 47, 50]
[30, 34, 60]
[30, 36, 58]
[30, 37, 59]
[30, 38, 56]
[30, 39, 57]
[30, 40, 54]
[30, 41, 55]
[30, 42, 52]
[30, 43, 53]
[30, 44, 50]
[30, 45, 51]
[30, 46, 48]
[30, 47, 49]
[31, 35, 60]
[31, 36, 59]
[31, 37, 58]
[31, 38, 57]
[31, 39, 56]
[31, 40, 55]
[31, 41, 54]
[31, 42, 53]
[31, 43, 52]
[31, 44, 51]
[31, 45, 50]
[31, 46, 49]
[31, 47, 48]
