[0, 0, 0]
[0, 1, 2]
[0, 2, 1]
[1, 0, 2]
[1, 2, 0]
[2, 0, 1]
[2, 1, 0]
[0, 3, 5]
[0, 5, 3]
[3, 0, 5]
[3, 5, 0]
[5, 0, 3]
[5, 3, 0]
[0, 4, 7]
[0, 7, 4]
[4, 0, 7]
[4, 7, 0]
[7, 0, 4]
[7, 4, 0]
[0, 6, 10]
[0, 10, 6]
[6, 0, 10]
[6, 10, 0]
[10, 0, 6]
[10, 6, 0]
[0, 8, 13]
[0, 13, 8]
[8, 0, 13]
[8, 13, 0]
[13, 0, 8]
[13, 8, 0]
[0, 9, 15]
[0, 15, 9]
[9, 0, 15]
[9, 15, 0]
[15, 0, 9]
[15, 9, 0]
[0, 11, 18]
[0, 18, 11]
[11, 0, 18]
[11, 18, 0]
[18, 0, 11]
[18, 11, 0]
[0, 12, 20]
[0, 20, 12]
[12, 0, 20]
[12, 20, 0]
[20, 0, 12]
[20, 12, 0]
[0, 14, 23]
[0, 23, 14]
[14, 0, 23]
[14, 23, 0]
[23, 0, 14]
[23, 14, 0]
[0, 16, 26]
[0, 26, 16]
[16, 0, 26]
[16, 26, 0]
[26, 0, 16]
[26, 16, 0]
[0, 17, 28]
[0, 28, 17]
[17, 0, 28]
[17, 28, 0]
[28, 0, 17]
[28, 17, 0]
[0, 19, 31]
[0, 31, 19]
[19, 0, 31]
[19, 31, 0]
[31, 0, 19]
[31, 19, 0]
[0, 21, 34]
[0, 34, 21]
[21, 0, 34]
[21, 34, 0]
[34, 0, 21]
[34, 21, 0]
[0, 22, 36]
[0, 36, 22]
[22, 0, 36]
[22, 36, 0]
[36, 0, 22]
[36, 22, 0]
[0, 24, 39]
[0, 39, 24]
[24, 0, 39]
[24, 39, 0]
[39, 0, 24]
[39, 24, 0]
[0, 25, 41]
[0, 41, 25]
[25, 0, 41]
[25, 41, 0]
[41, 0, 25]
[41, 25, 0]
[0, 27, 44]
[0, 44, 27]
[27, 0, 44]
[27, 44, 0]
[44, 0, 27]
[44, 27, 0]
[0, 29, 47]
[0, 47, 29]
[29, 0, 47]
[29, 47, 0]
[47, 0, 29]
[47, 29, 0]
[0, 30, 49]
[0, 49, 30]
[30, 0, 49]
[30, 49, 0]
[49, 0, 30]
[49, 30, 0]
[0, 32, 52]
[0, 52, 32]
[32, 0, 52]
[32, 52, 0]
[52, 0, 32]
[52, 32, 0]
[0, 33, 54]
[0, 54, 33]
[33, 0, 54]
[33, 54, 0]
[54, 0, 33]
[54, 33, 0]
[0, 35, 57]
[0, 57, 35]
[35, 0, 57]
[35, 57, 0]
[57, 0, 35]
[57, 35, 0]
[0, 37, 60]
[0, 60, 37]
[37, 0, 60]
[37, 60, 0]
[60, 0, 37]
[60, 37, 0]
[1, 1, 4]
[1, 4, 1]
[4, 1, 1]
[1, 3, 3]
[3, 1, 3]
[3, 3, 1]
[1, 5, 6]
[1, 6, 5]
[5, 1, 6]
[5, 6, 1]
[6, 1, 5]
[6, 5, 1]
[1, 7, 12]
[1, 12, 7]
[7, 1, 12]
[7, 12, 1]
[12, 1, 7]
[12, 7, 1]
[1, 8, 15]
[1, 15, 8]
[8, 1, 15]
[8, 15, 1]
[15, 1, 8]
[15, 8, 1]
[1, 9, 17]
[1, 17, 9]
[9, 1, 17]
[9, 17, 1]
[17, 1, 9]
[17, 9, 1]
[1, 10, 14]
[1, 14, 10]
[10, 1, 14]
[10, 14, 1]
[14, 1, 10]
[14, 10, 1]
[1, 11, 20]
[1, 20, 11]
[11, 1, 20]
[11, 20, 1]
[20, 1, 11]
[20, 11, 1]
[1, 13, 19]
[1, 19, 13]
[13, 1, 19]
[13, 19, 1]
[19, 1, 13]
[19, 13, 1]
[1, 16, 28]
[1, 28, 16]
[16, 1, 28]
[16, 28, 1]
[28, 1, 16]
[28, 16, 1]
[1, 18, 31]
[1, 31, 18]
[18, 1, 31]
[18, 31, 1]
[31, 1, 18]
[31, 18, 1]
[1, 21, 32]
[1, 32, 21]
[21, 1, 32]
[21, 32, 1]
[32, 1, 21]
[32, 21, 1]
[1, 22, 38]
[1, 38, 22]
[22, 1, 38]
[22, 38, 1]
[38, 1, 22]
[38, 22, 1]
[1, 23, 33]
[1, 33, 23]
[23, 1, 33]
[23, 33, 1]
[33, 1, 23]
[33, 23, 1]
[1, 24, 41]
[1, 41, 24]
[24, 1, 41]
[24, 41, 1]
[41, 1, 24]
[41, 24, 1]
[1, 25, 43]
[1, 43, 25]
[25, 1, 43]
[25, 43, 1]
[43, 1, 25]
[43, 25, 1]
[1, 26, 40]
[1, 40, 26]
[26, 1, 40]
[26, 40, 1]
[40, 1, 26]
[40, 26, 1]
[1, 27, 42]
[1, 42, 27]
[27, 1, 42]
[27, 42, 1]
[42, 1, 27]
[42, 27, 1]
[1, 29, 49]
[1, 49, 29]
[29, 1, 49]
[29, 49, 1]
[49, 1, 29]
[49, 29, 1]
[1, 30, 51]
[1, 51, 30]
[30, 1, 51]
[30, 51, 1]
[51, 1, 30]
[51, 30, 1]
[1, 34, 53]
[1, 53, 34]
[34, 1, 53]
[34, 53, 1]
[53, 1, 34]
[53, 34, 1]
[1, 35, 59]
[1, 59, 35]
[35, 1, 59]
[35, 59, 1]
[59, 1, 35]
[59, 35, 1]
[2, 2, 6]
[2, 6, 2]
[6, 2, 2]
[2, 3, 8]
[2, 8, 3]
[3, 2, 8]
[3, 8, 2]
[8, 2, 3]
[8, 3, 2]
[2, 4, 10]
[2, 10, 4]
[4, 2, 10]
[4, 10, 2]
[10, 2, 4]
[10, 4, 2]
[2, 5, 12]
[2, 12, 5]
[5, 2, 12]
[5, 12, 2]
[12, 2, 5]
[12, 5, 2]
[2, 7, 7]
[7, 2, 7]
[7, 7, 2]
[2, 9, 11]
[2, 11, 9]
[9, 2, 11]
[9, 11, 2]
[11, 2, 9]
[11, 9, 2]
[2, 13, 16]
[2, 16, 13]
[13, 2, 16]
[13, 16, 2]
[16, 2, 13]
[16, 13, 2]
[2, 14, 24]
[2, 24, 14]
[14, 2, 24]
[14, 24, 2]
[24, 2, 14]
[24, 14, 2]
[2, 15, 23]
[2, 23, 15]
[15, 2, 23]
[15, 23, 2]
[23, 2, 15]
[23, 15, 2]
[2, 17, 26]
[2, 26, 17]
[17, 2, 26]
[17, 26, 2]
[26, 2, 17]
[26, 17, 2]
[2, 18, 29]
[2, 29, 18]
[18, 2, 29]
[18, 29, 2]
[29, 2, 18]
[29, 18, 2]
[2, 19, 34]
[2, 34, 19]
[19, 2, 34]
[19, 34, 2]
[34, 2, 19]
[34, 19, 2]
[2, 20, 32]
[2, 32, 20]
[20, 2, 32]
[20, 32, 2]
[32, 2, 20]
[32, 20, 2]
[2, 21, 35]
[2, 35, 21]
[21, 2, 35]
[21, 35, 2]
[35, 2, 21]
[35, 21, 2]
[2, 22, 40]
[2, 40, 22]
[22, 2, 40]
[22, 40, 2]
[40, 2, 22]
[40, 22, 2]
[2, 25, 38]
[2, 38, 25]
[25, 2, 38]
[25, 38, 2]
[38, 2, 25]
[38, 25, 2]
[2, 27, 47]
[2, 47, 27]
[27, 2, 47]
[27, 47, 2]
[47, 2, 27]
[47, 27, 2]
[2, 28, 44]
[2, 44, 28]
[28, 2, 44]
[28, 44, 2]
[44, 2, 28]
[44, 28, 2]
[2, 30, 53]
[2, 53, 30]
[30, 2, 53]
[30, 53, 2]
[53, 2, 30]
[53, 30, 2]
[2, 31, 48]
[2, 48, 31]
[31, 2, 48]
[31, 48, 2]
[48, 2, 31]
[48, 31, 2]
[2, 33, 52]
[2, 52, 33]
[33, 2, 52]
[33, 52, 2]
[52, 2, 33]
[52, 33, 2]
[2, 36, 57]
[2, 57, 36]
[36, 2, 57]
[36, 57, 2]
[57, 2, 36]
[57, 36, 2]
[3, 4, 4]
[4, 3, 4]
[4, 4, 3]
[3, 6, 9]
[3, 9, 6]
[6, 3, 9]
[6, 9, 3]
[9, 3, 6]
[9, 6, 3]
[3, 7, 11]
[3, 11, 7]
[7, 3, 11]
[7, 11, 3]
[11, 3, 7]
[11, 7, 3]
[3, 10, 18]
[3, 18, 10]
[10, 3, 18]
[10, 18, 3]
[18, 3, 10]
[18, 10, 3]
[3, 12, 13]
[3, 13, 12]
[12, 3, 13]
[12, 13, 3]
[13, 3, 12]
[13, 12, 3]
[3, 14, 27]
[3, 27, 14]
[14, 3, 27]
[14, 27, 3]
[27, 3, 14]
[27, 14, 3]
[3, 15, 22]
[3, 22, 15]
[15, 3, 22]
[15, 22, 3]
[22, 3, 15]
[22, 15, 3]
[3, 16, 25]
[3, 25, 16]
[16, 3, 25]
[16, 25, 3]
[25, 3, 16]
[25, 16, 3]
[3, 17, 29]
[3, 29, 17]
[17, 3, 29]
[17, 29, 3]
[29, 3, 17]
[29, 17, 3]
[3, 19, 33]
[3, 33, 19]
[19, 3, 33]
[19, 33, 3]
[33, 3, 19]
[33, 19, 3]
[3, 20, 30]
[3, 30, 20]
[20, 3, 30]
[20, 30, 3]
[30, 3, 20]
[30, 20, 3]
[3, 21, 38]
[3, 38, 21]
[21, 3, 38]
[21, 38, 3]
[38, 3, 21]
[38, 21, 3]
[3, 23, 39]
[3, 39, 23]
[23, 3, 39]
[23, 39, 3]
[39, 3, 23]
[39, 23, 3]
[3, 24, 35]
[3, 35, 24]
[24, 3, 35]
[24, 35, 3]
[35, 3, 24]
[35, 24, 3]
[3, 26, 44]
[3, 44, 26]
[26, 3, 44]
[26, 44, 3]
[44, 3, 26]
[44, 26, 3]
[3, 28, 43]
[3, 43, 28]
[28, 3, 43]
[28, 43, 3]
[43, 3, 28]
[43, 28, 3]
[3, 31, 50]
[3, 50, 31]
[31, 3, 50]
[31, 50, 3]
[50, 3, 31]
[50, 31, 3]
[3, 32, 54]
[3, 54, 32]
[32, 3, 54]
[32, 54, 3]
[54, 3, 32]
[54, 32, 3]
[3, 34, 57]
[3, 57, 34]
[34, 3, 57]
[34, 57, 3]
[57, 3, 34]
[57, 34, 3]
[3, 36, 56]
[3, 56, 36]
[36, 3, 56]
[36, 56, 3]
[56, 3, 36]
[56, 36, 3]
[4, 5, 11]
[4, 11, 5]
[5, 4, 11]
[5, 11, 4]
[11, 4, 5]
[11, 5, 4]
[4, 6, 15]
[4, 15, 6]
[6, 4, 15]
[6, 15, 4]
[15, 4, 6]
[15, 6, 4]
[4, 8, 19]
[4, 19, 8]
[8, 4, 19]
[8, 19, 4]
[19, 4, 8]
[19, 8, 4]
[4, 9, 12]
[4, 12, 9]
[9, 4, 12]
[9, 12, 4]
[12, 4, 9]
[12, 9, 4]
[4, 13, 23]
[4, 23, 13]
[13, 4, 23]
[13, 23, 4]
[23, 4, 13]
[23, 13, 4]
[4, 14, 16]
[4, 16, 14]
[14, 4, 16]
[14, 16, 4]
[16, 4, 14]
[16, 14, 4]
[4, 17, 21]
[4, 21, 17]
[17, 4, 21]
[17, 21, 4]
[21, 4, 17]
[21, 17, 4]
[4, 18, 32]
[4, 32, 18]
[18, 4, 32]
[18, 32, 4]
[32, 4, 18]
[32, 18, 4]
[4, 20, 25]
[4, 25, 20]
[20, 4, 25]
[20, 25, 4]
[25, 4, 20]
[25, 20, 4]
[4, 22, 35]
[4, 35, 22]
[22, 4, 35]
[22, 35, 4]
[35, 4, 22]
[35, 22, 4]
[4, 24, 45]
[4, 45, 24]
[24, 4, 45]
[24, 45, 4]
[45, 4, 24]
[45, 24, 4]
[4, 26, 38]
[4, 38, 26]
[26, 4, 38]
[26, 38, 4]
[38, 4, 26]
[38, 26, 4]
[4, 27, 43]
[4, 43, 27]
[27, 4, 43]
[27, 43, 4]
[43, 4, 27]
[43, 27, 4]
[4, 28, 47]
[4, 47, 28]
[28, 4, 47]
[28, 47, 4]
[47, 4, 28]
[47, 28, 4]
[4, 29, 46]
[4, 46, 29]
[29, 4, 46]
[29, 46, 4]
[46, 4, 29]
[46, 29, 4]
[4, 30, 48]
[4, 48, 30]
[30, 4, 48]
[30, 48, 4]
[48, 4, 30]
[48, 30, 4]
[4, 31, 53]
[4, 53, 31]
[31, 4, 53]
[31, 53, 4]
[53, 4, 31]
[53, 31, 4]
[4, 33, 56]
[4, 56, 33]
[33, 4, 56]
[33, 56, 4]
[56, 4, 33]
[56, 33, 4]
[4, 34, 54]
[4, 54, 34]
[34, 4, 54]
[34, 54, 4]
[54, 4, 34]
[54, 34, 4]
[4, 36, 51]
[4, 51, 36]
[36, 4, 51]
[36, 51, 4]
[51, 4, 36]
[51, 36, 4]
[5, 5, 7]
[5, 7, 5]
[7, 5, 5]
[5, 8, 8]
[8, 5, 8]
[8, 8, 5]
[5, 9, 18]
[5, 18, 9]
[9, 5, 18]
[9, 18, 5]
[18, 5, 9]
[18, 9, 5]
[5, 10, 16]
[5, 16, 10]
[10, 5, 16]
[10, 16, 5]
[16, 5, 10]
[16, 10, 5]
[5, 13, 25]
[5, 25, 13]
[13, 5, 25]
[13, 25, 5]
[25, 5, 13]
[25, 13, 5]
[5, 14, 22]
[5, 22, 14]
[14, 5, 22]
[14, 22, 5]
[22, 5, 14]
[22, 14, 5]
[5, 15, 19]
[5, 19, 15]
[15, 5, 19]
[15, 19, 5]
[19, 5, 15]
[19, 15, 5]
[5, 17, 30]
[5, 30, 17]
[17, 5, 30]
[17, 30, 5]
[30, 5, 17]
[30, 17, 5]
[5, 20, 21]
[5, 21, 20]
[20, 5, 21]
[20, 21, 5]
[21, 5, 20]
[21, 20, 5]
[5, 23, 34]
[5, 34, 23]
[23, 5, 34]
[23, 34, 5]
[34, 5, 23]
[34, 23, 5]
[5, 24, 40]
[5, 40, 24]
[24, 5, 40]
[24, 40, 5]
[40, 5, 24]
[40, 24, 5]
[5, 26, 41]
[5, 41, 26]
[26, 5, 41]
[26, 41, 5]
[41, 5, 26]
[41, 26, 5]
[5, 27, 45]
[5, 45, 27]
[27, 5, 45]
[27, 45, 5]
[45, 5, 27]
[45, 27, 5]
[5, 28, 42]
[5, 42, 28]
[28, 5, 42]
[28, 42, 5]
[42, 5, 28]
[42, 28, 5]
[5, 29, 50]
[5, 50, 29]
[29, 5, 50]
[29, 50, 5]
[50, 5, 29]
[50, 29, 5]
[5, 31, 55]
[5, 55, 31]
[31, 5, 55]
[31, 55, 5]
[55, 5, 31]
[55, 31, 5]
[5, 32, 51]
[5, 51, 32]
[32, 5, 51]
[32, 51, 5]
[51, 5, 32]
[51, 32, 5]
[5, 35, 52]
[5, 52, 35]
[35, 5, 52]
[35, 52, 5]
[52, 5, 35]
[52, 35, 5]
[6, 6, 11]
[6, 11, 6]
[11, 6, 6]
[6, 7, 16]
[6, 16, 7]
[7, 6, 16]
[7, 16, 6]
[16, 6, 7]
[16, 7, 6]
[6, 8, 22]
[6, 22, 8]
[8, 6, 22]
[8, 22, 6]
[22, 6, 8]
[22, 8, 6]
[6, 12, 14]
[6, 14, 12]
[12, 6, 14]
[12, 14, 6]
[14, 6, 12]
[14, 12, 6]
[6, 13, 28]
[6, 28, 13]
[13, 6, 28]
[13, 28, 6]
[28, 6, 13]
[28, 13, 6]
[6, 17, 25]
[6, 25, 17]
[17, 6, 25]
[17, 25, 6]
[25, 6, 17]
[25, 17, 6]
[6, 18, 21]
[6, 21, 18]
[18, 6, 21]
[18, 21, 6]
[21, 6, 18]
[21, 18, 6]
[6, 19, 20]
[6, 20, 19]
[19, 6, 20]
[19, 20, 6]
[20, 6, 19]
[20, 19, 6]
[6, 23, 40]
[6, 40, 23]
[23, 6, 40]
[23, 40, 6]
[40, 6, 23]
[40, 23, 6]
[6, 24, 31]
[6, 31, 24]
[24, 6, 31]
[24, 31, 6]
[31, 6, 24]
[31, 24, 6]
[6, 26, 46]
[6, 46, 26]
[26, 6, 46]
[26, 46, 6]
[46, 6, 26]
[46, 26, 6]
[6, 27, 39]
[6, 39, 27]
[27, 6, 39]
[27, 39, 6]
[39, 6, 27]
[39, 27, 6]
[6, 29, 52]
[6, 52, 29]
[29, 6, 52]
[29, 52, 6]
[52, 6, 29]
[52, 29, 6]
[6, 30, 54]
[6, 54, 30]
[30, 6, 54]
[30, 54, 6]
[54, 6, 30]
[54, 30, 6]
[6, 32, 45]
[6, 45, 32]
[32, 6, 45]
[32, 45, 6]
[45, 6, 32]
[45, 32, 6]
[6, 33, 49]
[6, 49, 33]
[33, 6, 49]
[33, 49, 6]
[49, 6, 33]
[49, 33, 6]
[7, 8, 24]
[7, 24, 8]
[8, 7, 24]
[8, 24, 7]
[24, 7, 8]
[24, 8, 7]
[7, 9, 21]
[7, 21, 9]
[9, 7, 21]
[9, 21, 7]
[21, 7, 9]
[21, 9, 7]
[7, 10, 19]
[7, 19, 10]
[10, 7, 19]
[10, 19, 7]
[19, 7, 10]
[19, 10, 7]
[7, 13, 20]
[7, 20, 13]
[13, 7, 20]
[13, 20, 7]
[20, 7, 13]
[20, 13, 7]
[7, 14, 17]
[7, 17, 14]
[14, 7, 17]
[14, 17, 7]
[17, 7, 14]
[17, 14, 7]
[7, 15, 29]
[7, 29, 15]
[15, 7, 29]
[15, 29, 7]
[29, 7, 15]
[29, 15, 7]
[7, 18, 33]
[7, 33, 18]
[18, 7, 33]
[18, 33, 7]
[33, 7, 18]
[33, 18, 7]
[7, 22, 39]
[7, 39, 22]
[22, 7, 39]
[22, 39, 7]
[39, 7, 22]
[39, 22, 7]
[7, 23, 42]
[7, 42, 23]
[23, 7, 42]
[23, 42, 7]
[42, 7, 23]
[42, 23, 7]
[7, 25, 26]
[7, 26, 25]
[25, 7, 26]
[25, 26, 7]
[26, 7, 25]
[26, 25, 7]
[7, 27, 49]
[7, 49, 27]
[27, 7, 49]
[27, 49, 7]
[49, 7, 27]
[49, 27, 7]
[7, 28, 30]
[7, 30, 28]
[28, 7, 30]
[28, 30, 7]
[30, 7, 28]
[30, 28, 7]
[7, 31, 37]
[7, 37, 31]
[31, 7, 37]
[31, 37, 7]
[37, 7, 31]
[37, 31, 7]
[7, 32, 50]
[7, 50, 32]
[32, 7, 50]
[32, 50, 7]
[50, 7, 32]
[50, 32, 7]
[7, 34, 47]
[7, 47, 34]
[34, 7, 47]
[34, 47, 7]
[47, 7, 34]
[47, 34, 7]
[8, 9, 20]
[8, 20, 9]
[9, 8, 20]
[9, 20, 8]
[20, 8, 9]
[20, 9, 8]
[8, 10, 12]
[8, 12, 10]
[10, 8, 12]
[10, 12, 8]
[12, 8, 10]
[12, 10, 8]
[8, 11, 16]
[8, 16, 11]
[11, 8, 16]
[11, 16, 8]
[16, 8, 11]
[16, 11, 8]
[8, 14, 26]
[8, 26, 14]
[14, 8, 26]
[14, 26, 8]
[26, 8, 14]
[26, 14, 8]
[8, 17, 17]
[17, 8, 17]
[17, 17, 8]
[8, 18, 25]
[8, 25, 18]
[18, 8, 25]
[18, 25, 8]
[25, 8, 18]
[25, 18, 8]
[8, 21, 27]
[8, 27, 21]
[21, 8, 27]
[21, 27, 8]
[27, 8, 21]
[27, 21, 8]
[8, 23, 31]
[8, 31, 23]
[23, 8, 31]
[23, 31, 8]
[31, 8, 23]
[31, 23, 8]
[8, 28, 37]
[8, 37, 28]
[28, 8, 37]
[28, 37, 8]
[37, 8, 28]
[37, 28, 8]
[8, 29, 33]
[8, 33, 29]
[29, 8, 33]
[29, 33, 8]
[33, 8, 29]
[33, 29, 8]
[8, 30, 50]
[8, 50, 30]
[30, 8, 50]
[30, 50, 8]
[50, 8, 30]
[50, 30, 8]
[8, 32, 42]
[8, 42, 32]
[32, 8, 42]
[32, 42, 8]
[42, 8, 32]
[42, 32, 8]
[9, 9, 10]
[9, 10, 9]
[10, 9, 9]
[9, 13, 13]
[13, 9, 13]
[13, 13, 9]
[9, 14, 25]
[9, 25, 14]
[14, 9, 25]
[14, 25, 9]
[25, 9, 14]
[25, 14, 9]
[9, 16, 22]
[9, 22, 16]
[16, 9, 22]
[16, 22, 9]
[22, 9, 16]
[22, 16, 9]
[9, 19, 24]
[9, 24, 19]
[19, 9, 24]
[19, 24, 9]
[24, 9, 19]
[24, 19, 9]
[9, 23, 27]
[9, 27, 23]
[23, 9, 27]
[23, 27, 9]
[27, 9, 23]
[27, 23, 9]
[9, 26, 33]
[9, 33, 26]
[26, 9, 33]
[26, 33, 9]
[33, 9, 26]
[33, 26, 9]
[9, 28, 45]
[9, 45, 28]
[28, 9, 45]
[28, 45, 9]
[45, 9, 28]
[45, 28, 9]
[9, 29, 31]
[9, 31, 29]
[29, 9, 31]
[29, 31, 9]
[31, 9, 29]
[31, 29, 9]
[9, 30, 40]
[9, 40, 30]
[30, 9, 40]
[30, 40, 9]
[40, 9, 30]
[40, 30, 9]
[9, 32, 53]
[9, 53, 32]
[32, 9, 53]
[32, 53, 9]
[53, 9, 32]
[53, 32, 9]
[10, 10, 17]
[10, 17, 10]
[17, 10, 10]
[10, 11, 21]
[10, 21, 11]
[11, 10, 21]
[11, 21, 10]
[21, 10, 11]
[21, 11, 10]
[10, 13, 27]
[10, 27, 13]
[13, 10, 27]
[13, 27, 10]
[27, 10, 13]
[27, 13, 10]
[10, 15, 20]
[10, 20, 15]
[15, 10, 20]
[15, 20, 10]
[20, 10, 15]
[20, 15, 10]
[10, 22, 23]
[10, 23, 22]
[22, 10, 23]
[22, 23, 10]
[23, 10, 22]
[23, 22, 10]
[10, 24, 43]
[10, 43, 24]
[24, 10, 43]
[24, 43, 10]
[43, 10, 24]
[43, 24, 10]
[10, 25, 45]
[10, 45, 25]
[25, 10, 45]
[25, 45, 10]
[45, 10, 25]
[45, 25, 10]
[10, 26, 35]
[10, 35, 26]
[26, 10, 35]
[26, 35, 10]
[35, 10, 26]
[35, 26, 10]
[10, 28, 36]
[10, 36, 28]
[28, 10, 36]
[28, 36, 10]
[36, 10, 28]
[36, 28, 10]
[10, 29, 51]
[10, 51, 29]
[29, 10, 51]
[29, 51, 10]
[51, 10, 29]
[51, 29, 10]
[10, 30, 33]
[10, 33, 30]
[30, 10, 33]
[30, 33, 10]
[33, 10, 30]
[33, 30, 10]
[10, 31, 49]
[10, 49, 31]
[31, 10, 49]
[31, 49, 10]
[49, 10, 31]
[49, 31, 10]
[10, 32, 48]
[10, 48, 32]
[32, 10, 48]
[32, 48, 10]
[48, 10, 32]
[48, 32, 10]
[11, 11, 23]
[11, 23, 11]
[23, 11, 11]
[11, 12, 15]
[11, 15, 12]
[12, 11, 15]
[12, 15, 11]
[15, 11, 12]
[15, 12, 11]
[11, 13, 26]
[11, 26, 13]
[13, 11, 26]
[13, 26, 11]
[26, 11, 13]
[26, 13, 11]
[11, 14, 30]
[11, 30, 14]
[14, 11, 30]
[14, 30, 11]
[30, 11, 14]
[30, 14, 11]
[11, 17, 27]
[11, 27, 17]
[17, 11, 27]
[17, 27, 11]
[27, 11, 17]
[27, 17, 11]
[11, 19, 28]
[11, 28, 19]
[19, 11, 28]
[19, 28, 11]
[28, 11, 19]
[28, 19, 11]
[11, 22, 44]
[11, 44, 22]
[22, 11, 44]
[22, 44, 11]
[44, 11, 22]
[44, 22, 11]
[11, 24, 29]
[11, 29, 24]
[24, 11, 29]
[24, 29, 11]
[29, 11, 24]
[29, 24, 11]
[11, 25, 31]
[11, 31, 25]
[25, 11, 31]
[25, 31, 11]
[31, 11, 25]
[31, 25, 11]
[11, 32, 46]
[11, 46, 32]
[32, 11, 46]
[32, 46, 11]
[46, 11, 32]
[46, 32, 11]
[11, 33, 35]
[11, 35, 33]
[33, 11, 35]
[33, 35, 11]
[35, 11, 33]
[35, 33, 11]
[11, 34, 49]
[11, 49, 34]
[34, 11, 49]
[34, 49, 11]
[49, 11, 34]
[49, 34, 11]
[12, 12, 21]
[12, 21, 12]
[21, 12, 12]
[12, 16, 29]
[12, 29, 16]
[16, 12, 29]
[16, 29, 12]
[29, 12, 16]
[29, 16, 12]
[12, 17, 18]
[12, 18, 17]
[17, 12, 18]
[17, 18, 12]
[18, 12, 17]
[18, 17, 12]
[12, 19, 19]
[19, 12, 19]
[19, 19, 12]
[12, 22, 33]
[12, 33, 22]
[22, 12, 33]
[22, 33, 12]
[33, 12, 22]
[33, 22, 12]
[12, 23, 37]
[12, 37, 23]
[23, 12, 37]
[23, 37, 12]
[37, 12, 23]
[37, 23, 12]
[12, 24, 36]
[12, 36, 24]
[24, 12, 36]
[24, 36, 12]
[36, 12, 24]
[36, 24, 12]
[12, 25, 40]
[12, 40, 25]
[25, 12, 40]
[25, 40, 12]
[40, 12, 25]
[40, 25, 12]
[12, 26, 42]
[12, 42, 26]
[26, 12, 42]
[26, 42, 12]
[42, 12, 26]
[42, 26, 12]
[12, 27, 34]
[12, 34, 27]
[27, 12, 34]
[27, 34, 12]
[34, 12, 27]
[34, 27, 12]
[12, 28, 46]
[12, 46, 28]
[28, 12, 46]
[28, 46, 12]
[46, 12, 28]
[46, 28, 12]
[12, 30, 52]
[12, 52, 30]
[30, 12, 52]
[30, 52, 12]
[52, 12, 30]
[52, 30, 12]
[12, 31, 54]
[12, 54, 31]
[31, 12, 54]
[31, 54, 12]
[54, 12, 31]
[54, 31, 12]
[13, 14, 38]
[13, 38, 14]
[14, 13, 38]
[14, 38, 13]
[38, 13, 14]
[38, 14, 13]
[13, 15, 18]
[13, 18, 15]
[15, 13, 18]
[15, 18, 13]
[18, 13, 15]
[18, 15, 13]
[13, 17, 24]
[13, 24, 17]
[17, 13, 24]
[17, 24, 13]
[24, 13, 17]
[24, 17, 13]
[13, 21, 21]
[21, 13, 21]
[21, 21, 13]
[13, 22, 43]
[13, 43, 22]
[22, 13, 43]
[22, 43, 13]
[43, 13, 22]
[43, 22, 13]
[13, 29, 30]
[13, 30, 29]
[29, 13, 30]
[29, 30, 13]
[30, 13, 29]
[30, 29, 13]
[13, 31, 41]
[13, 41, 31]
[31, 13, 41]
[31, 41, 13]
[41, 13, 31]
[41, 31, 13]
[13, 32, 34]
[13, 34, 32]
[32, 13, 34]
[32, 34, 13]
[34, 13, 32]
[34, 32, 13]
[13, 35, 40]
[13, 40, 35]
[35, 13, 40]
[35, 40, 13]
[40, 13, 35]
[40, 35, 13]
[13, 36, 47]
[13, 47, 36]
[36, 13, 47]
[36, 47, 13]
[47, 13, 36]
[47, 36, 13]
[13, 37, 49]
[13, 49, 37]
[37, 13, 49]
[37, 49, 13]
[49, 13, 37]
[49, 37, 13]
[14, 14, 28]
[14, 28, 14]
[28, 14, 14]
[14, 15, 41]
[14, 41, 15]
[15, 14, 41]
[15, 41, 14]
[41, 14, 15]
[41, 15, 14]
[14, 18, 20]
[14, 20, 18]
[18, 14, 20]
[18, 20, 14]
[20, 14, 18]
[20, 18, 14]
[14, 19, 32]
[14, 32, 19]
[19, 14, 32]
[19, 32, 14]
[32, 14, 19]
[32, 19, 14]
[14, 21, 42]
[14, 42, 21]
[21, 14, 42]
[21, 42, 14]
[42, 14, 21]
[42, 21, 14]
[14, 29, 29]
[29, 14, 29]
[29, 29, 14]
[14, 31, 35]
[14, 35, 31]
[31, 14, 35]
[31, 35, 14]
[35, 14, 31]
[35, 31, 14]
[14, 33, 44]
[14, 44, 33]
[33, 14, 44]
[33, 44, 14]
[44, 14, 33]
[44, 33, 14]
[14, 36, 37]
[14, 37, 36]
[36, 14, 37]
[36, 37, 14]
[37, 14, 36]
[37, 36, 14]
[14, 40, 43]
[14, 43, 40]
[40, 14, 43]
[40, 43, 14]
[43, 14, 40]
[43, 40, 14]
[15, 15, 26]
[15, 26, 15]
[26, 15, 15]
[15, 16, 31]
[15, 31, 16]
[16, 15, 31]
[16, 31, 15]
[31, 15, 16]
[31, 16, 15]
[15, 17, 33]
[15, 33, 17]
[17, 15, 33]
[17, 33, 15]
[33, 15, 17]
[33, 17, 15]
[15, 21, 24]
[15, 24, 21]
[21, 15, 24]
[21, 24, 15]
[24, 15, 21]
[24, 21, 15]
[15, 25, 37]
[15, 37, 25]
[25, 15, 37]
[25, 37, 15]
[37, 15, 25]
[37, 25, 15]
[15, 27, 27]
[27, 15, 27]
[27, 27, 15]
[15, 28, 48]
[15, 48, 28]
[28, 15, 48]
[28, 48, 15]
[48, 15, 28]
[48, 28, 15]
[15, 30, 43]
[15, 43, 30]
[30, 15, 43]
[30, 43, 15]
[43, 15, 30]
[43, 30, 15]
[15, 32, 38]
[15, 38, 32]
[32, 15, 38]
[32, 38, 15]
[38, 15, 32]
[38, 32, 15]
[15, 34, 42]
[15, 42, 34]
[34, 15, 42]
[34, 42, 15]
[42, 15, 34]
[42, 34, 15]
[16, 16, 24]
[16, 24, 16]
[24, 16, 16]
[16, 17, 19]
[16, 19, 17]
[17, 16, 19]
[17, 19, 16]
[19, 16, 17]
[19, 17, 16]
[16, 18, 36]
[16, 36, 18]
[18, 16, 36]
[18, 36, 16]
[36, 16, 18]
[36, 18, 16]
[16, 20, 34]
[16, 34, 20]
[20, 16, 34]
[20, 34, 16]
[34, 16, 20]
[34, 20, 16]
[16, 21, 30]
[16, 30, 21]
[21, 16, 30]
[21, 30, 16]
[30, 16, 21]
[30, 21, 16]
[16, 23, 35]
[16, 35, 23]
[23, 16, 35]
[23, 35, 16]
[35, 16, 23]
[35, 23, 16]
[16, 27, 46]
[16, 46, 27]
[27, 16, 46]
[27, 46, 16]
[46, 16, 27]
[46, 27, 16]
[16, 32, 32]
[32, 16, 32]
[32, 32, 16]
[16, 37, 43]
[16, 43, 37]
[37, 16, 43]
[37, 43, 16]
[43, 16, 37]
[43, 37, 16]
[16, 38, 42]
[16, 42, 38]
[38, 16, 42]
[38, 42, 16]
[42, 16, 38]
[42, 38, 16]
[16, 41, 48]
[16, 48, 41]
[41, 16, 48]
[41, 48, 16]
[48, 16, 41]
[48, 41, 16]
[17, 20, 40]
[17, 40, 20]
[20, 17, 40]
[20, 40, 17]
[40, 17, 20]
[40, 20, 17]
[17, 22, 34]
[17, 34, 22]
[22, 17, 34]
[22, 34, 17]
[34, 17, 22]
[34, 22, 17]
[17, 23, 38]
[17, 38, 23]
[23, 17, 38]
[23, 38, 17]
[38, 17, 23]
[38, 23, 17]
[17, 31, 44]
[17, 44, 31]
[31, 17, 44]
[31, 44, 17]
[44, 17, 31]
[44, 31, 17]
[17, 32, 36]
[17, 36, 32]
[32, 17, 36]
[32, 36, 17]
[36, 17, 32]
[36, 32, 17]
[17, 35, 37]
[17, 37, 35]
[35, 17, 37]
[35, 37, 17]
[37, 17, 35]
[37, 35, 17]
[17, 41, 46]
[17, 46, 41]
[41, 17, 46]
[41, 46, 17]
[46, 17, 41]
[46, 41, 17]
[18, 18, 34]
[18, 34, 18]
[34, 18, 18]
[18, 19, 27]
[18, 27, 19]
[19, 18, 27]
[19, 27, 18]
[27, 18, 19]
[27, 19, 18]
[18, 22, 41]
[18, 41, 22]
[22, 18, 41]
[22, 41, 18]
[41, 18, 22]
[41, 22, 18]
[18, 23, 44]
[18, 44, 23]
[23, 18, 44]
[23, 44, 18]
[44, 18, 23]
[44, 23, 18]
[18, 24, 37]
[18, 37, 24]
[24, 18, 37]
[24, 37, 18]
[37, 18, 24]
[37, 24, 18]
[18, 26, 49]
[18, 49, 26]
[26, 18, 49]
[26, 49, 18]
[49, 18, 26]
[49, 26, 18]
[18, 28, 28]
[28, 18, 28]
[28, 28, 18]
[18, 30, 55]
[18, 55, 30]
[30, 18, 55]
[30, 55, 18]
[55, 18, 30]
[55, 30, 18]
[18, 35, 47]
[18, 47, 35]
[35, 18, 47]
[35, 47, 18]
[47, 18, 35]
[47, 35, 18]
[18, 38, 48]
[18, 48, 38]
[38, 18, 48]
[38, 48, 18]
[48, 18, 38]
[48, 38, 18]
[18, 42, 45]
[18, 45, 42]
[42, 18, 45]
[42, 45, 18]
[45, 18, 42]
[45, 42, 18]
[19, 21, 29]
[19, 29, 21]
[21, 19, 29]
[21, 29, 19]
[29, 19, 21]
[29, 21, 19]
[19, 22, 45]
[19, 45, 22]
[22, 19, 45]
[22, 45, 19]
[45, 19, 22]
[45, 22, 19]
[19, 23, 43]
[19, 43, 23]
[23, 19, 43]
[23, 43, 19]
[43, 19, 23]
[43, 23, 19]
[19, 25, 25]
[25, 19, 25]
[25, 25, 19]
[19, 26, 39]
[19, 39, 26]
[26, 19, 39]
[26, 39, 19]
[39, 19, 26]
[39, 26, 19]
[19, 30, 41]
[19, 41, 30]
[30, 19, 41]
[30, 41, 19]
[41, 19, 30]
[41, 30, 19]
[19, 35, 51]
[19, 51, 35]
[35, 19, 51]
[35, 51, 19]
[51, 19, 35]
[51, 35, 19]
[19, 37, 42]
[19, 42, 37]
[37, 19, 42]
[37, 42, 19]
[42, 19, 37]
[42, 37, 19]
[20, 20, 35]
[20, 35, 20]
[35, 20, 20]
[20, 22, 42]
[20, 42, 22]
[22, 20, 42]
[22, 42, 20]
[42, 20, 22]
[42, 22, 20]
[20, 23, 47]
[20, 47, 23]
[23, 20, 47]
[23, 47, 20]
[47, 20, 23]
[47, 23, 20]
[20, 24, 46]
[20, 46, 24]
[24, 20, 46]
[24, 46, 20]
[46, 20, 24]
[46, 24, 20]
[20, 26, 43]
[20, 43, 26]
[26, 20, 43]
[26, 43, 20]
[43, 20, 26]
[43, 26, 20]
[20, 27, 36]
[20, 36, 27]
[27, 20, 36]
[27, 36, 20]
[36, 20, 27]
[36, 27, 20]
[20, 28, 31]
[20, 31, 28]
[28, 20, 31]
[28, 31, 20]
[31, 20, 28]
[31, 28, 20]
[20, 29, 48]
[20, 48, 29]
[29, 20, 48]
[29, 48, 20]
[48, 20, 29]
[48, 29, 20]
[20, 33, 33]
[33, 20, 33]
[33, 33, 20]
[20, 37, 39]
[20, 39, 37]
[37, 20, 39]
[37, 39, 20]
[39, 20, 37]
[39, 37, 20]
[21, 22, 26]
[21, 26, 22]
[22, 21, 26]
[22, 26, 21]
[26, 21, 22]
[26, 22, 21]
[21, 23, 28]
[21, 28, 23]
[23, 21, 28]
[23, 28, 21]
[28, 21, 23]
[28, 23, 21]
[21, 25, 48]
[21, 48, 25]
[25, 21, 48]
[25, 48, 21]
[48, 21, 25]
[48, 25, 21]
[21, 31, 47]
[21, 47, 31]
[31, 21, 47]
[31, 47, 21]
[47, 21, 31]
[47, 31, 21]
[22, 22, 32]
[22, 32, 22]
[32, 22, 22]
[22, 24, 25]
[22, 25, 24]
[24, 22, 25]
[24, 25, 22]
[25, 22, 24]
[25, 24, 22]
[22, 27, 31]
[22, 31, 27]
[27, 22, 31]
[27, 31, 22]
[31, 22, 27]
[31, 27, 22]
[22, 28, 52]
[22, 52, 28]
[28, 22, 52]
[28, 52, 22]
[52, 22, 28]
[52, 28, 22]
[22, 30, 46]
[22, 46, 30]
[30, 22, 46]
[30, 46, 22]
[46, 22, 30]
[46, 30, 22]
[23, 23, 29]
[23, 29, 23]
[29, 23, 23]
[23, 24, 52]
[23, 52, 24]
[24, 23, 52]
[24, 52, 23]
[52, 23, 24]
[52, 24, 23]
[23, 25, 55]
[23, 55, 25]
[25, 23, 55]
[25, 55, 23]
[55, 23, 25]
[55, 25, 23]
[23, 26, 36]
[23, 36, 26]
[26, 23, 36]
[26, 36, 23]
[36, 23, 26]
[36, 26, 23]
[23, 41, 45]
[23, 45, 41]
[41, 23, 45]
[41, 45, 23]
[45, 23, 41]
[45, 41, 23]
[24, 24, 44]
[24, 44, 24]
[44, 24, 24]
[24, 26, 53]
[24, 53, 26]
[26, 24, 53]
[26, 53, 24]
[53, 24, 26]
[53, 26, 24]
[24, 27, 48]
[24, 48, 27]
[27, 24, 48]
[27, 48, 24]
[48, 24, 27]
[48, 27, 24]
[24, 28, 33]
[24, 33, 28]
[28, 24, 33]
[28, 33, 24]
[33, 24, 28]
[33, 28, 24]
[25, 27, 50]
[25, 50, 27]
[27, 25, 50]
[27, 50, 25]
[50, 25, 27]
[50, 27, 25]
[25, 28, 29]
[25, 29, 28]
[28, 25, 29]
[28, 29, 25]
[29, 25, 28]
[29, 28, 25]
[25, 36, 36]
[36, 25, 36]
[36, 36, 25]
[26, 26, 45]
[26, 45, 26]
[45, 26, 26]
[26, 28, 32]
[26, 32, 28]
[28, 26, 32]
[28, 32, 26]
[32, 26, 28]
[32, 28, 26]
[26, 29, 37]
[26, 37, 29]
[29, 26, 37]
[29, 37, 26]
[37, 26, 29]
[37, 29, 26]
[27, 32, 40]
[27, 40, 32]
[32, 27, 40]
[32, 40, 27]
[40, 27, 32]
[40, 32, 27]
[27, 41, 41]
[41, 27, 41]
[41, 41, 27]
[28, 34, 35]
[28, 35, 34]
[34, 28, 35]
[34, 35, 28]
[35, 28, 34]
[35, 34, 28]
[28, 38, 41]
[28, 41, 38]
[38, 28, 41]
[38, 41, 28]
[41, 28, 38]
[41, 38, 28]
[29, 32, 44]
[29, 44, 32]
[32, 29, 44]
[32, 44, 29]
[44, 29, 32]
[44, 32, 29]
[29, 34, 41]
[29, 41, 34]
[34, 29, 41]
[34, 41, 29]
[41, 29, 34]
[41, 34, 29]
[29, 39, 40]
[29, 40, 39]
[39, 29, 40]
[39, 40, 29]
[40, 29, 39]
[40, 39, 29]
[30, 32, 39]
[30, 39, 32]
[32, 30, 39]
[32, 39, 30]
[39, 30, 32]
[39, 32, 30]
[30, 34, 44]
[30, 44, 34]
[34, 30, 44]
[34, 44, 30]
[44, 30, 34]
[44, 34, 30]
[30, 37, 38]
[30, 38, 37]
[37, 30, 38]
[37, 38, 30]
[38, 30, 37]
[38, 37, 30]
[31, 33, 43]
[31, 43, 33]
[33, 31, 43]
[33, 43, 31]
[43, 31, 33]
[43, 33, 31]
[32, 35, 41]
[32, 41, 35]
[35, 32, 41]
[35, 41, 32]
[41, 32, 35]
[41, 35, 32]
[0, 38, 62]
[0, 62, 38]
[38, 0, 62]
[38, 62, 0]
[62, 0, 38]
[62, 38, 0]
[1, 36, 61]
[1, 61, 36]
[36, 1, 61]
[36, 61, 1]
[61, 1, 36]
[61, 36, 1]
[5, 33, 58]
[5, 58, 33]
[33, 5, 58]
[33, 58, 5]
[58, 5, 33]
[58, 33, 5]
[6, 34, 55]
[6, 55, 34]
[34, 6, 55]
[34, 55, 6]
[55, 6, 34]
[55, 34, 6]
[8, 36, 54]
[8, 54, 36]
[36, 8, 54]
[36, 54, 8]
[54, 8, 36]
[54, 36, 8]
[9, 35, 54]
[9, 54, 35]
[35, 9, 54]
[35, 54, 9]
[54, 9, 35]
[54, 35, 9]
[12, 32, 57]
[12, 57, 32]
[32, 12, 57]
[32, 57, 12]
[57, 12, 32]
[57, 32, 12]
[13, 44, 50]
[13, 50, 44]
[44, 13, 50]
[44, 50, 13]
[50, 13, 44]
[50, 44, 13]
[15, 36, 53]
[15, 53, 36]
[36, 15, 53]
[36, 53, 15]
[53, 15, 36]
[53, 36, 15]
[16, 33, 53]
[16, 53, 33]
[33, 16, 53]
[33, 53, 16]
[53, 16, 33]
[53, 33, 16]
[17, 42, 52]
[17, 52, 42]
[42, 17, 52]
[42, 52, 17]
[52, 17, 42]
[52, 42, 17]
[17, 47, 48]
[17, 48, 47]
[47, 17, 48]
[47, 48, 17]
[48, 17, 47]
[48, 47, 17]
[19, 46, 48]
[19, 48, 46]
[46, 19, 48]
[46, 48, 19]
[48, 19, 46]
[48, 46, 19]
[21, 33, 50]
[21, 50, 33]
[33, 21, 50]
[33, 50, 21]
[50, 21, 33]
[50, 33, 21]
[21, 43, 49]
[21, 49, 43]
[43, 21, 49]
[43, 49, 21]
[49, 21, 43]
[49, 43, 21]
[22, 29, 54]
[22, 54, 29]
[29, 22, 54]
[29, 54, 22]
[54, 22, 29]
[54, 29, 22]
[22, 37, 48]
[22, 48, 37]
[37, 22, 48]
[37, 48, 22]
[48, 22, 37]
[48, 37, 22]
[23, 32, 49]
[23, 49, 32]
[32, 23, 49]
[32, 49, 23]
[49, 23, 32]
[49, 32, 23]
[25, 44, 47]
[25, 47, 44]
[44, 25, 47]
[44, 47, 25]
[47, 25, 44]
[47, 44, 25]
[26, 27, 54]
[26, 54, 27]
[27, 26, 54]
[27, 54, 26]
[54, 26, 27]
[54, 27, 26]
[27, 28, 51]
[27, 51, 28]
[28, 27, 51]
[28, 51, 27]
[51, 27, 28]
[51, 28, 27]
[31, 39, 45]
[31, 45, 39]
[39, 31, 45]
[39, 45, 31]
[45, 31, 39]
[45, 39, 31]
[31, 40, 42]
[31, 42, 40]
[40, 31, 42]
[40, 42, 31]
[42, 31, 40]
[42, 40, 31]
[32, 37, 47]
[32, 47, 37]
[37, 32, 47]
[37, 47, 32]
[47, 32, 37]
[47, 37, 32]
[33, 37, 45]
[33, 45, 37]
[37, 33, 45]
[37, 45, 33]
[45, 33, 37]
[45, 37, 33]
[35, 35, 48]
[35, 48, 35]
[48, 35, 35]
[0, 40, 65]
[0, 65, 40]
[40, 0, 65]
[40, 65, 0]
[65, 0, 40]
[65, 40, 0]
[1, 37, 63]
[1, 63, 37]
[37, 1, 63]
[37, 63, 1]
[63, 1, 37]
[63, 37, 1]
[2, 39, 61]
[2, 61, 39]
[39, 2, 61]
[39, 61, 2]
[61, 2, 39]
[61, 39, 2]
[3, 37, 62]
[3, 62, 37]
[37, 3, 62]
[37, 62, 3]
[62, 3, 37]
[62, 37, 3]
[4, 37, 61]
[4, 61, 37]
[37, 4, 61]
[37, 61, 4]
[61, 4, 37]
[61, 37, 4]
[5, 36, 62]
[5, 62, 36]
[36, 5, 62]
[36, 62, 5]
[62, 5, 36]
[62, 36, 5]
[5, 37, 59]
[5, 59, 37]
[37, 5, 59]
[37, 59, 5]
[59, 5, 37]
[59, 37, 5]
[6, 35, 60]
[6, 60, 35]
[35, 6, 60]
[35, 60, 6]
[60, 6, 35]
[60, 35, 6]
[6, 36, 58]
[6, 58, 36]
[36, 6, 58]
[36, 58, 6]
[58, 6, 36]
[58, 36, 6]
[6, 38, 56]
[6, 56, 38]
[38, 6, 56]
[38, 56, 6]
[56, 6, 38]
[56, 38, 6]
[8, 34, 56]
[8, 56, 34]
[34, 8, 56]
[34, 56, 8]
[56, 8, 34]
[56, 34, 8]
[13, 33, 59]
[13, 59, 33]
[33, 13, 59]
[33, 59, 13]
[59, 13, 33]
[59, 33, 13]
[14, 45, 53]
[14, 53, 45]
[45, 14, 53]
[45, 53, 14]
[53, 14, 45]
[53, 45, 14]
[14, 47, 52]
[14, 52, 47]
[47, 14, 52]
[47, 52, 14]
[52, 14, 47]
[52, 47, 14]
[19, 36, 55]
[19, 55, 36]
[36, 19, 55]
[36, 55, 19]
[55, 19, 36]
[55, 36, 19]
[20, 44, 51]
[20, 51, 44]
[44, 20, 51]
[44, 51, 20]
[51, 20, 44]
[51, 44, 20]
[23, 30, 61]
[23, 61, 30]
[30, 23, 61]
[30, 61, 23]
[61, 23, 30]
[61, 30, 23]
[24, 30, 58]
[24, 58, 30]
[30, 24, 58]
[30, 58, 24]
[58, 24, 30]
[58, 30, 24]
[24, 38, 49]
[24, 49, 38]
[38, 24, 49]
[38, 49, 24]
[49, 24, 38]
[49, 38, 24]
[25, 32, 56]
[25, 56, 32]
[32, 25, 56]
[32, 56, 25]
[56, 25, 32]
[56, 32, 25]
[25, 33, 51]
[25, 51, 33]
[33, 25, 51]
[33, 51, 25]
[51, 25, 33]
[51, 33, 25]
[25, 35, 49]
[25, 49, 35]
[35, 25, 49]
[35, 49, 25]
[49, 25, 35]
[49, 35, 25]
[26, 30, 56]
[26, 56, 30]
[30, 26, 56]
[30, 56, 26]
[56, 26, 30]
[56, 30, 26]
[27, 29, 58]
[27, 58, 29]
[29, 27, 58]
[29, 58, 27]
[58, 27, 29]
[58, 29, 27]
[30, 45, 47]
[30, 47, 45]
[45, 30, 47]
[45, 47, 30]
[47, 30, 45]
[47, 45, 30]
[33, 41, 42]
[33, 42, 41]
[41, 33, 42]
[41, 42, 33]
[42, 33, 41]
[42, 41, 33]
[34, 40, 46]
[34, 46, 40]
[40, 34, 46]
[40, 46, 34]
[46, 34, 40]
[46, 40, 34]
[0, 42, 68]
[0, 68, 42]
[42, 0, 68]
[42, 68, 0]
[68, 0, 42]
[68, 42, 0]
[1, 39, 66]
[1, 66, 39]
[39, 1, 66]
[39, 66, 1]
[66, 1, 39]
[66, 39, 1]
[2, 37, 65]
[2, 65, 37]
[37, 2, 65]
[37, 65, 2]
[65, 2, 37]
[65, 37, 2]
[3, 40, 64]
[3, 64, 40]
[40, 3, 64]
[40, 64, 3]
[64, 3, 40]
[64, 40, 3]
[3, 42, 63]
[3, 63, 42]
[42, 3, 63]
[42, 63, 3]
[63, 3, 42]
[63, 42, 3]
[6, 37, 64]
[6, 64, 37]
[37, 6, 64]
[37, 64, 6]
[64, 6, 37]
[64, 37, 6]
[6, 42, 61]
[6, 61, 42]
[42, 6, 61]
[42, 61, 6]
[61, 6, 42]
[61, 42, 6]
[7, 35, 62]
[7, 62, 35]
[35, 7, 62]
[35, 62, 7]
[62, 7, 35]
[62, 35, 7]
[7, 38, 58]
[7, 58, 38]
[38, 7, 58]
[38, 58, 7]
[58, 7, 38]
[58, 38, 7]
[8, 35, 58]
[8, 58, 35]
[35, 8, 58]
[35, 58, 8]
[58, 8, 35]
[58, 35, 8]
[9, 34, 60]
[9, 60, 34]
[34, 9, 60]
[34, 60, 9]
[60, 9, 34]
[60, 34, 9]
[9, 39, 57]
[9, 57, 39]
[39, 9, 57]
[39, 57, 9]
[57, 9, 39]
[57, 39, 9]
[11, 37, 57]
[11, 57, 37]
[37, 11, 57]
[37, 57, 11]
[57, 11, 37]
[57, 37, 11]
[11, 39, 56]
[11, 56, 39]
[39, 11, 56]
[39, 56, 11]
[56, 11, 39]
[56, 39, 11]
[14, 48, 55]
[14, 55, 48]
[48, 14, 55]
[48, 55, 14]
[55, 14, 48]
[55, 48, 14]
[15, 50, 54]
[15, 54, 50]
[50, 15, 54]
[50, 54, 15]
[54, 15, 50]
[54, 50, 15]
[18, 52, 53]
[18, 53, 52]
[52, 18, 53]
[52, 53, 18]
[53, 18, 52]
[53, 52, 18]
[22, 47, 55]
[22, 55, 47]
[47, 22, 55]
[47, 55, 22]
[55, 22, 47]
[55, 47, 22]
[23, 46, 51]
[23, 51, 46]
[46, 23, 51]
[46, 51, 23]
[51, 23, 46]
[51, 46, 23]
[24, 32, 66]
[24, 66, 32]
[32, 24, 66]
[32, 66, 24]
[66, 24, 32]
[66, 32, 24]
[25, 30, 60]
[25, 60, 30]
[30, 25, 60]
[30, 60, 25]
[60, 25, 30]
[60, 30, 25]
[25, 34, 59]
[25, 59, 34]
[34, 25, 59]
[34, 59, 25]
[59, 25, 34]
[59, 34, 25]
[25, 39, 54]
[25, 54, 39]
[39, 25, 54]
[39, 54, 25]
[54, 25, 39]
[54, 39, 25]
[26, 31, 59]
[26, 59, 31]
[31, 26, 59]
[31, 59, 26]
[59, 26, 31]
[59, 31, 26]
[27, 35, 55]
[27, 55, 35]
[35, 27, 55]
[35, 55, 27]
[55, 27, 35]
[55, 35, 27]
[27, 37, 52]
[27, 52, 37]
[37, 27, 52]
[37, 52, 27]
[52, 27, 37]
[52, 37, 27]
[30, 30, 57]
[30, 57, 30]
[57, 30, 30]
[31, 31, 56]
[31, 56, 31]
[56, 31, 31]
[31, 36, 52]
[31, 52, 36]
[36, 31, 52]
[36, 52, 31]
[52, 31, 36]
[52, 36, 31]
[32, 33, 55]
[32, 55, 33]
[33, 32, 55]
[33, 55, 32]
[55, 32, 33]
[55, 33, 32]
[34, 37, 50]
[34, 50, 37]
[37, 34, 50]
[37, 50, 34]
[50, 34, 37]
[50, 37, 34]
[35, 42, 46]
[35, 46, 42]
[42, 35, 46]
[42, 46, 35]
[46, 35, 42]
[46, 42, 35]
[38, 43, 45]
[38, 45, 43]
[43, 38, 45]
[43, 45, 38]
[45, 38, 43]
[45, 43, 38]
[0, 43, 70]
[0, 70, 43]
[43, 0, 70]
[43, 70, 0]
[70, 0, 43]
[70, 43, 0]
[1, 44, 67]
[1, 67, 44]
[44, 1, 67]
[44, 67, 1]
[67, 1, 44]
[67, 44, 1]
[2, 41, 66]
[2, 66, 41]
[41, 2, 66]
[41, 66, 2]
[66, 2, 41]
[66, 41, 2]
[4, 39, 68]
[4, 68, 39]
[39, 4, 68]
[39, 68, 4]
[68, 4, 39]
[68, 39, 4]
[4, 40, 67]
[4, 67, 40]
[40, 4, 67]
[40, 67, 4]
[67, 4, 40]
[67, 40, 4]
[5, 38, 65]
[5, 65, 38]
[38, 5, 65]
[38, 65, 5]
[65, 5, 38]
[65, 38, 5]
[5, 43, 63]
[5, 63, 43]
[43, 5, 63]
[43, 63, 5]
[63, 5, 43]
[63, 43, 5]
[7, 36, 65]
[7, 65, 36]
[36, 7, 65]
[36, 65, 7]
[65, 7, 36]
[65, 36, 7]
[7, 40, 63]
[7, 63, 40]
[40, 7, 63]
[40, 63, 7]
[63, 7, 40]
[63, 40, 7]
[8, 38, 63]
[8, 63, 38]
[38, 8, 63]
[38, 63, 8]
[63, 8, 38]
[63, 38, 8]
[8, 39, 60]
[8, 60, 39]
[39, 8, 60]
[39, 60, 8]
[60, 8, 39]
[60, 39, 8]
[9, 36, 63]
[9, 63, 36]
[36, 9, 63]
[36, 63, 9]
[63, 9, 36]
[63, 36, 9]
[10, 34, 63]
[10, 63, 34]
[34, 10, 63]
[34, 63, 10]
[63, 10, 34]
[63, 34, 10]
[11, 36, 59]
[11, 59, 36]
[36, 11, 59]
[36, 59, 11]
[59, 11, 36]
[59, 36, 11]
[12, 35, 61]
[12, 61, 35]
[35, 12, 61]
[35, 61, 12]
[61, 12, 35]
[61, 35, 12]
[13, 42, 58]
[13, 58, 42]
[42, 13, 58]
[42, 58, 13]
[58, 13, 42]
[58, 42, 13]
[14, 34, 61]
[14, 61, 34]
[34, 14, 61]
[34, 61, 14]
[61, 14, 34]
[61, 34, 14]
[20, 45, 56]
[20, 56, 45]
[45, 20, 56]
[45, 56, 20]
[56, 20, 45]
[56, 45, 20]
[21, 37, 58]
[21, 58, 37]
[37, 21, 58]
[37, 58, 21]
[58, 21, 37]
[58, 37, 21]
[21, 52, 55]
[21, 55, 52]
[52, 21, 55]
[52, 55, 21]
[55, 21, 52]
[55, 52, 21]
[24, 42, 56]
[24, 56, 42]
[42, 24, 56]
[42, 56, 24]
[56, 24, 42]
[56, 42, 24]
[24, 47, 54]
[24, 54, 47]
[47, 24, 54]
[47, 54, 24]
[54, 24, 47]
[54, 47, 24]
[27, 30, 66]
[27, 66, 30]
[30, 27, 66]
[30, 66, 27]
[66, 27, 30]
[66, 30, 27]
[27, 33, 60]
[27, 60, 33]
[33, 27, 60]
[33, 60, 27]
[60, 27, 33]
[60, 33, 27]
[28, 39, 55]
[28, 55, 39]
[39, 28, 55]
[39, 55, 28]
[55, 28, 39]
[55, 39, 28]
[28, 40, 54]
[28, 54, 40]
[40, 28, 54]
[40, 54, 28]
[54, 28, 40]
[54, 40, 28]
[30, 31, 64]
[30, 64, 31]
[31, 30, 64]
[31, 64, 30]
[64, 30, 31]
[64, 31, 30]
[31, 32, 61]
[31, 61, 32]
[32, 31, 61]
[32, 61, 31]
[61, 31, 32]
[61, 32, 31]
[31, 51, 51]
[51, 31, 51]
[51, 51, 31]
[33, 38, 57]
[33, 57, 38]
[38, 33, 57]
[38, 57, 33]
[57, 33, 38]
[57, 38, 33]
[34, 34, 58]
[34, 58, 34]
[58, 34, 34]
[34, 43, 52]
[34, 52, 43]
[43, 34, 52]
[43, 52, 34]
[52, 34, 43]
[52, 43, 34]
[34, 48, 51]
[34, 51, 48]
[48, 34, 51]
[48, 51, 34]
[51, 34, 48]
[51, 48, 34]
[36, 43, 48]
[36, 48, 43]
[43, 36, 48]
[43, 48, 36]
[48, 36, 43]
[48, 43, 36]
[37, 37, 54]
[37, 54, 37]
[54, 37, 37]
[0, 45, 73]
[0, 73, 45]
[45, 0, 73]
[45, 73, 0]
[73, 0, 45]
[73, 45, 0]
[1, 46, 68]
[1, 68, 46]
[46, 1, 68]
[46, 68, 1]
[68, 1, 46]
[68, 46, 1]
[2, 42, 69]
[2, 69, 42]
[42, 2, 69]
[42, 69, 2]
[69, 2, 42]
[69, 42, 2]
[2, 43, 67]
[2, 67, 43]
[43, 2, 67]
[43, 67, 2]
[67, 2, 43]
[67, 43, 2]
[3, 41, 69]
[3, 69, 41]
[41, 3, 69]
[41, 69, 3]
[69, 3, 41]
[69, 41, 3]
[5, 39, 67]
[5, 67, 39]
[39, 5, 67]
[39, 67, 5]
[67, 5, 39]
[67, 39, 5]
[7, 43, 64]
[7, 64, 43]
[43, 7, 64]
[43, 64, 7]
[64, 7, 43]
[64, 43, 7]
[8, 40, 66]
[8, 66, 40]
[40, 8, 66]
[40, 66, 8]
[66, 8, 40]
[66, 40, 8]
[8, 43, 62]
[8, 62, 43]
[43, 8, 62]
[43, 62, 8]
[62, 8, 43]
[62, 43, 8]
[9, 37, 70]
[9, 70, 37]
[37, 9, 70]
[37, 70, 9]
[70, 9, 37]
[70, 37, 9]
[9, 38, 66]
[9, 66, 38]
[38, 9, 66]
[38, 66, 9]
[66, 9, 38]
[66, 38, 9]
[9, 41, 64]
[9, 64, 41]
[41, 9, 64]
[41, 64, 9]
[64, 9, 41]
[64, 41, 9]
[10, 38, 64]
[10, 64, 38]
[38, 10, 64]
[38, 64, 10]
[64, 10, 38]
[64, 38, 10]
[10, 40, 61]
[10, 61, 40]
[40, 10, 61]
[40, 61, 10]
[61, 10, 40]
[61, 40, 10]
[12, 38, 59]
[12, 59, 38]
[38, 12, 59]
[38, 59, 12]
[59, 12, 38]
[59, 38, 12]
[15, 35, 63]
[15, 63, 35]
[35, 15, 63]
[35, 63, 15]
[63, 15, 35]
[63, 35, 15]
[19, 52, 58]
[19, 58, 52]
[52, 19, 58]
[52, 58, 19]
[58, 19, 52]
[58, 52, 19]
[20, 49, 57]
[20, 57, 49]
[49, 20, 57]
[49, 57, 20]
[57, 20, 49]
[57, 49, 20]
[21, 36, 60]
[21, 60, 36]
[36, 21, 60]
[36, 60, 21]
[60, 21, 36]
[60, 36, 21]
[22, 56, 56]
[56, 22, 56]
[56, 56, 22]
[24, 34, 65]
[24, 65, 34]
[34, 24, 65]
[34, 65, 24]
[65, 24, 34]
[65, 34, 24]
[26, 48, 57]
[26, 57, 48]
[48, 26, 57]
[48, 57, 26]
[57, 26, 48]
[57, 48, 26]
[35, 44, 56]
[35, 56, 44]
[44, 35, 56]
[44, 56, 35]
[56, 35, 44]
[56, 44, 35]
[35, 50, 53]
[35, 53, 50]
[50, 35, 53]
[50, 53, 35]
[53, 35, 50]
[53, 50, 35]
[38, 44, 53]
[38, 53, 44]
[44, 38, 53]
[44, 53, 38]
[53, 38, 44]
[53, 44, 38]
[38, 46, 50]
[38, 50, 46]
[46, 38, 50]
[46, 50, 38]
[50, 38, 46]
[50, 46, 38]
[0, 46, 75]
[0, 75, 46]
[46, 0, 75]
[46, 75, 0]
[75, 0, 46]
[75, 46, 0]
[1, 45, 75]
[1, 75, 45]
[45, 1, 75]
[45, 75, 1]
[75, 1, 45]
[75, 45, 1]
[2, 45, 71]
[2, 71, 45]
[45, 2, 71]
[45, 71, 2]
[71, 2, 45]
[71, 45, 2]
[4, 41, 71]
[4, 71, 41]
[41, 4, 71]
[41, 71, 4]
[71, 4, 41]
[71, 41, 4]
[5, 46, 69]
[5, 69, 46]
[46, 5, 69]
[46, 69, 5]
[69, 5, 46]
[69, 46, 5]
[6, 41, 67]
[6, 67, 41]
[41, 6, 67]
[41, 67, 6]
[67, 6, 41]
[67, 41, 6]
[9, 43, 65]
[9, 65, 43]
[43, 9, 65]
[43, 65, 9]
[65, 9, 43]
[65, 43, 9]
[10, 37, 74]
[10, 74, 37]
[37, 10, 74]
[37, 74, 10]
[74, 10, 37]
[74, 37, 10]
[10, 39, 70]
[10, 70, 39]
[39, 10, 70]
[39, 70, 10]
[70, 10, 39]
[70, 39, 10]
[11, 38, 67]
[11, 67, 38]
[38, 11, 67]
[38, 67, 11]
[67, 11, 38]
[67, 38, 11]
[11, 41, 65]
[11, 65, 41]
[41, 11, 65]
[41, 65, 11]
[65, 11, 41]
[65, 41, 11]
[12, 44, 63]
[12, 63, 44]
[44, 12, 63]
[44, 63, 12]
[63, 12, 44]
[63, 44, 12]
[12, 45, 62]
[12, 62, 45]
[45, 12, 62]
[45, 62, 12]
[62, 12, 45]
[62, 45, 12]
[13, 39, 62]
[13, 62, 39]
[39, 13, 62]
[39, 62, 13]
[62, 13, 39]
[62, 39, 13]
[16, 44, 59]
[16, 59, 44]
[44, 16, 59]
[44, 59, 16]
[59, 16, 44]
[59, 44, 16]
[21, 39, 59]
[21, 59, 39]
[39, 21, 59]
[39, 59, 21]
[59, 21, 39]
[59, 39, 21]
[25, 53, 57]
[25, 57, 53]
[53, 25, 57]
[53, 57, 25]
[57, 25, 53]
[57, 53, 25]
[26, 34, 69]
[26, 69, 34]
[34, 26, 69]
[34, 69, 26]
[69, 26, 34]
[69, 34, 26]
[29, 35, 64]
[29, 64, 35]
[35, 29, 64]
[35, 64, 29]
[64, 29, 35]
[64, 35, 29]
[29, 38, 61]
[29, 61, 38]
[38, 29, 61]
[38, 61, 29]
[61, 29, 38]
[61, 38, 29]
[31, 38, 60]
[31, 60, 38]
[38, 31, 60]
[38, 60, 31]
[60, 31, 38]
[60, 38, 31]
[33, 34, 66]
[33, 66, 34]
[34, 33, 66]
[34, 66, 33]
[66, 33, 34]
[66, 34, 33]
[37, 53, 55]
[37, 55, 53]
[53, 37, 55]
[53, 55, 37]
[55, 37, 53]
[55, 53, 37]
[39, 48, 53]
[39, 53, 48]
[48, 39, 53]
[48, 53, 39]
[53, 39, 48]
[53, 48, 39]
[40, 51, 52]
[40, 52, 51]
[51, 40, 52]
[51, 52, 40]
[52, 40, 51]
[52, 51, 40]
[43, 46, 57]
[43, 57, 46]
[46, 43, 57]
[46, 57, 43]
[57, 43, 46]
[57, 46, 43]
[44, 45, 57]
[44, 57, 45]
[45, 44, 57]
[45, 57, 44]
[57, 44, 45]
[57, 45, 44]
[0, 48, 78]
[0, 78, 48]
[48, 0, 78]
[48, 78, 0]
[78, 0, 48]
[78, 48, 0]
[1, 47, 78]
[1, 78, 47]
[47, 1, 78]
[47, 78, 1]
[78, 1, 47]
[78, 47, 1]
[1, 48, 76]
[1, 76, 48]
[48, 1, 76]
[48, 76, 1]
[76, 1, 48]
[76, 48, 1]
[2, 46, 78]
[2, 78, 46]
[46, 2, 78]
[46, 78, 2]
[78, 2, 46]
[78, 46, 2]
[3, 45, 74]
[3, 74, 45]
[45, 3, 74]
[45, 74, 3]
[74, 3, 45]
[74, 45, 3]
[3, 47, 73]
[3, 73, 47]
[47, 3, 73]
[47, 73, 3]
[73, 3, 47]
[73, 47, 3]
[4, 42, 73]
[4, 73, 42]
[42, 4, 73]
[42, 73, 4]
[73, 4, 42]
[73, 42, 4]
[4, 44, 72]
[4, 72, 44]
[44, 4, 72]
[44, 72, 4]
[72, 4, 44]
[72, 44, 4]
[6, 43, 72]
[6, 72, 43]
[43, 6, 72]
[43, 72, 6]
[72, 6, 43]
[72, 43, 6]
[7, 41, 72]
[7, 72, 41]
[41, 7, 72]
[41, 72, 7]
[72, 7, 41]
[72, 41, 7]
[7, 44, 69]
[7, 69, 44]
[44, 7, 69]
[44, 69, 7]
[69, 7, 44]
[69, 44, 7]
[8, 41, 70]
[8, 70, 41]
[41, 8, 70]
[41, 70, 8]
[70, 8, 41]
[70, 41, 8]
[8, 44, 68]
[8, 68, 44]
[44, 8, 68]
[44, 68, 8]
[68, 8, 44]
[68, 44, 8]
[9, 42, 67]
[9, 67, 42]
[42, 9, 67]
[42, 67, 9]
[67, 9, 42]
[67, 42, 9]
[11, 40, 73]
[11, 73, 40]
[40, 11, 73]
[40, 73, 11]
[73, 11, 40]
[73, 40, 11]
[12, 39, 69]
[12, 69, 39]
[39, 12, 69]
[39, 69, 12]
[69, 12, 39]
[69, 39, 12]
[12, 41, 68]
[12, 68, 41]
[41, 12, 68]
[41, 68, 12]
[68, 12, 41]
[68, 41, 12]
[14, 49, 64]
[14, 64, 49]
[49, 14, 64]
[49, 64, 14]
[64, 14, 49]
[64, 49, 14]
[15, 39, 65]
[15, 65, 39]
[39, 15, 65]
[39, 65, 15]
[65, 15, 39]
[65, 39, 15]
[16, 39, 63]
[16, 63, 39]
[39, 16, 63]
[39, 63, 16]
[63, 16, 39]
[63, 39, 16]
[18, 40, 62]
[18, 62, 40]
[40, 18, 62]
[40, 62, 18]
[62, 18, 40]
[62, 40, 18]
[18, 46, 60]
[18, 60, 46]
[46, 18, 60]
[46, 60, 18]
[60, 18, 46]
[60, 46, 18]
[19, 38, 71]
[19, 71, 38]
[38, 19, 71]
[38, 71, 19]
[71, 19, 38]
[71, 38, 19]
[20, 38, 69]
[20, 69, 38]
[38, 20, 69]
[38, 69, 20]
[69, 20, 38]
[69, 38, 20]
[23, 56, 59]
[23, 59, 56]
[56, 23, 59]
[56, 59, 23]
[59, 23, 56]
[59, 56, 23]
[24, 51, 59]
[24, 59, 51]
[51, 24, 59]
[51, 59, 24]
[59, 24, 51]
[59, 51, 24]
[28, 53, 58]
[28, 58, 53]
[53, 28, 58]
[53, 58, 28]
[58, 28, 53]
[58, 53, 28]
[29, 36, 66]
[29, 66, 36]
[36, 29, 66]
[36, 66, 29]
[66, 29, 36]
[66, 36, 29]
[29, 42, 60]
[29, 60, 42]
[42, 29, 60]
[42, 60, 29]
[60, 29, 42]
[60, 42, 29]
[30, 35, 67]
[30, 67, 35]
[35, 30, 67]
[35, 67, 30]
[67, 30, 35]
[67, 35, 30]
[31, 34, 75]
[31, 75, 34]
[34, 31, 75]
[34, 75, 31]
[75, 31, 34]
[75, 34, 31]
[33, 36, 64]
[33, 64, 36]
[36, 33, 64]
[36, 64, 33]
[64, 33, 36]
[64, 36, 33]
[40, 41, 59]
[40, 59, 41]
[41, 40, 59]
[41, 59, 40]
[59, 40, 41]
[59, 41, 40]
[40, 50, 56]
[40, 56, 50]
[50, 40, 56]
[50, 56, 40]
[56, 40, 50]
[56, 50, 40]
[41, 49, 56]
[41, 56, 49]
[49, 41, 56]
[49, 56, 41]
[56, 41, 49]
[56, 49, 41]
[41, 52, 54]
[41, 54, 52]
[52, 41, 54]
[52, 54, 41]
[54, 41, 52]
[54, 52, 41]
[44, 48, 54]
[44, 54, 48]
[48, 44, 54]
[48, 54, 44]
[54, 44, 48]
[54, 48, 44]
[0, 50, 81]
[0, 81, 50]
[50, 0, 81]
[50, 81, 0]
[81, 0, 50]
[81, 50, 0]
[1, 50, 79]
[1, 79, 50]
[50, 1, 79]
[50, 79, 1]
[79, 1, 50]
[79, 50, 1]
[2, 49, 79]
[2, 79, 49]
[49, 2, 79]
[49, 79, 2]
[79, 2, 49]
[79, 49, 2]
[3, 46, 76]
[3, 76, 46]
[46, 3, 76]
[46, 76, 3]
[76, 3, 46]
[76, 46, 3]
[3, 48, 75]
[3, 75, 48]
[48, 3, 75]
[48, 75, 3]
[75, 3, 48]
[75, 48, 3]
[4, 49, 74]
[4, 74, 49]
[49, 4, 74]
[49, 74, 4]
[74, 4, 49]
[74, 49, 4]
[5, 44, 74]
[5, 74, 44]
[44, 5, 74]
[44, 74, 5]
[74, 5, 44]
[74, 44, 5]
[7, 46, 70]
[7, 70, 46]
[46, 7, 70]
[46, 70, 7]
[70, 7, 46]
[70, 46, 7]
[9, 48, 68]
[9, 68, 48]
[48, 9, 68]
[48, 68, 9]
[68, 9, 48]
[68, 48, 9]
[10, 41, 73]
[10, 73, 41]
[41, 10, 73]
[41, 73, 10]
[73, 10, 41]
[73, 41, 10]
[10, 42, 72]
[10, 72, 42]
[42, 10, 72]
[42, 72, 10]
[72, 10, 42]
[72, 42, 10]
[10, 44, 71]
[10, 71, 44]
[44, 10, 71]
[44, 71, 10]
[71, 10, 44]
[71, 44, 10]
[10, 50, 67]
[10, 67, 50]
[50, 10, 67]
[50, 67, 10]
[67, 10, 50]
[67, 50, 10]
[11, 42, 70]
[11, 70, 42]
[42, 11, 70]
[42, 70, 11]
[70, 11, 42]
[70, 42, 11]
[14, 39, 72]
[14, 72, 39]
[39, 14, 72]
[39, 72, 14]
[72, 14, 39]
[72, 39, 14]
[15, 40, 69]
[15, 69, 40]
[40, 15, 69]
[40, 69, 15]
[69, 15, 40]
[69, 40, 15]
[15, 45, 68]
[15, 68, 45]
[45, 15, 68]
[45, 68, 15]
[68, 15, 45]
[68, 45, 15]
[16, 40, 68]
[16, 68, 40]
[40, 16, 68]
[40, 68, 16]
[68, 16, 40]
[68, 40, 16]
[17, 39, 71]
[17, 71, 39]
[39, 17, 71]
[39, 71, 17]
[71, 17, 39]
[71, 39, 17]
[17, 50, 64]
[17, 64, 50]
[50, 17, 64]
[50, 64, 17]
[64, 17, 50]
[64, 50, 17]
[19, 44, 65]
[19, 65, 44]
[44, 19, 65]
[44, 65, 19]
[65, 19, 44]
[65, 44, 19]
[21, 51, 62]
[21, 62, 51]
[51, 21, 62]
[51, 62, 21]
[62, 21, 51]
[62, 51, 21]
[22, 57, 60]
[22, 60, 57]
[57, 22, 60]
[57, 60, 22]
[60, 22, 57]
[60, 57, 22]
[25, 52, 61]
[25, 61, 52]
[52, 25, 61]
[52, 61, 25]
[61, 25, 52]
[61, 52, 25]
[26, 50, 61]
[26, 61, 50]
[50, 26, 61]
[50, 61, 26]
[61, 26, 50]
[61, 50, 26]
[27, 38, 70]
[27, 70, 38]
[38, 27, 70]
[38, 70, 27]
[70, 27, 38]
[70, 38, 27]
[27, 57, 59]
[27, 59, 57]
[57, 27, 59]
[57, 59, 27]
[59, 27, 57]
[59, 57, 27]
[30, 36, 72]
[30, 72, 36]
[36, 30, 72]
[36, 72, 30]
[72, 30, 36]
[72, 36, 30]
[34, 36, 67]
[34, 67, 36]
[36, 34, 67]
[36, 67, 34]
[67, 34, 36]
[67, 36, 34]
[34, 39, 64]
[34, 64, 39]
[39, 34, 64]
[39, 64, 34]
[64, 34, 39]
[64, 39, 34]
[39, 58, 58]
[58, 39, 58]
[58, 58, 39]
[40, 44, 60]
[40, 60, 44]
[44, 40, 60]
[44, 60, 40]
[60, 40, 44]
[60, 44, 40]
[40, 57, 57]
[57, 40, 57]
[57, 57, 40]
[41, 43, 60]
[41, 60, 43]
[43, 41, 60]
[43, 60, 41]
[60, 41, 43]
[60, 43, 41]
[42, 49, 59]
[42, 59, 49]
[49, 42, 59]
[49, 59, 42]
[59, 42, 49]
[59, 49, 42]
[0, 51, 83]
[0, 83, 51]
[51, 0, 83]
[51, 83, 0]
[83, 0, 51]
[83, 51, 0]
[2, 50, 84]
[2, 84, 50]
[50, 2, 84]
[50, 84, 2]
[84, 2, 50]
[84, 50, 2]
[2, 51, 82]
[2, 82, 51]
[51, 2, 82]
[51, 82, 2]
[82, 2, 51]
[82, 51, 2]
[3, 49, 81]
[3, 81, 49]
[49, 3, 81]
[49, 81, 3]
[81, 3, 49]
[81, 49, 3]
[4, 50, 76]
[4, 76, 50]
[50, 4, 76]
[50, 76, 4]
[76, 4, 50]
[76, 50, 4]
[5, 47, 79]
[5, 79, 47]
[47, 5, 79]
[47, 79, 5]
[79, 5, 47]
[79, 47, 5]
[6, 44, 76]
[6, 76, 44]
[44, 6, 76]
[44, 76, 6]
[76, 6, 44]
[76, 44, 6]
[6, 47, 75]
[6, 75, 47]
[47, 6, 75]
[47, 75, 6]
[75, 6, 47]
[75, 47, 6]
[7, 48, 74]
[7, 74, 48]
[48, 7, 74]
[48, 74, 7]
[74, 7, 48]
[74, 48, 7]
[9, 49, 73]
[9, 73, 49]
[49, 9, 73]
[49, 73, 9]
[73, 9, 49]
[73, 49, 9]
[11, 43, 74]
[11, 74, 43]
[43, 11, 74]
[43, 74, 11]
[74, 11, 43]
[74, 43, 11]
[11, 47, 72]
[11, 72, 47]
[47, 11, 72]
[47, 72, 11]
[72, 11, 47]
[72, 47, 11]
[12, 47, 71]
[12, 71, 47]
[47, 12, 71]
[47, 71, 12]
[71, 12, 47]
[71, 47, 12]
[13, 45, 70]
[13, 70, 45]
[45, 13, 70]
[45, 70, 13]
[70, 13, 45]
[70, 45, 13]
[18, 39, 73]
[18, 73, 39]
[39, 18, 73]
[39, 73, 18]
[73, 18, 39]
[73, 39, 18]
[18, 51, 69]
[18, 69, 51]
[51, 18, 69]
[51, 69, 18]
[69, 18, 51]
[69, 51, 18]
[18, 56, 65]
[18, 65, 56]
[56, 18, 65]
[56, 65, 18]
[65, 18, 56]
[65, 56, 18]
[19, 47, 69]
[19, 69, 47]
[47, 19, 69]
[47, 69, 19]
[69, 19, 47]
[69, 47, 19]
[20, 54, 68]
[20, 68, 54]
[54, 20, 68]
[54, 68, 20]
[68, 20, 54]
[68, 54, 20]
[21, 40, 70]
[21, 70, 40]
[40, 21, 70]
[40, 70, 21]
[70, 21, 40]
[70, 40, 21]
[21, 44, 66]
[21, 66, 44]
[44, 21, 66]
[44, 66, 21]
[66, 21, 44]
[66, 44, 21]
[21, 56, 63]
[21, 63, 56]
[56, 21, 63]
[56, 63, 21]
[63, 21, 56]
[63, 56, 21]
[23, 50, 65]
[23, 65, 50]
[50, 23, 65]
[50, 65, 23]
[65, 23, 50]
[65, 50, 23]
[23, 60, 62]
[23, 62, 60]
[60, 23, 62]
[60, 62, 23]
[62, 23, 60]
[62, 60, 23]
[26, 51, 63]
[26, 63, 51]
[51, 26, 63]
[51, 63, 26]
[63, 26, 51]
[63, 51, 26]
[26, 55, 62]
[26, 62, 55]
[55, 26, 62]
[55, 62, 26]
[62, 26, 55]
[62, 55, 26]
[29, 43, 69]
[29, 69, 43]
[43, 29, 69]
[43, 69, 29]
[69, 29, 43]
[69, 43, 29]
[30, 59, 59]
[59, 30, 59]
[59, 59, 30]
[32, 43, 68]
[32, 68, 43]
[43, 32, 68]
[43, 68, 32]
[68, 32, 43]
[68, 43, 32]
[33, 47, 65]
[33, 65, 47]
[47, 33, 65]
[47, 65, 33]
[65, 33, 47]
[65, 47, 33]
[34, 38, 68]
[34, 68, 38]
[38, 34, 68]
[38, 68, 34]
[68, 34, 38]
[68, 38, 34]
[35, 36, 70]
[35, 70, 36]
[36, 35, 70]
[36, 70, 35]
[70, 35, 36]
[70, 36, 35]
[41, 47, 63]
[41, 63, 47]
[47, 41, 63]
[47, 63, 41]
[63, 41, 47]
[63, 47, 41]
[42, 47, 62]
[42, 62, 47]
[47, 42, 62]
[47, 62, 42]
[62, 42, 47]
[62, 47, 42]
[43, 51, 61]
[43, 61, 51]
[51, 43, 61]
[51, 61, 43]
[61, 43, 51]
[61, 51, 43]
[43, 54, 59]
[43, 59, 54]
[54, 43, 59]
[54, 59, 43]
[59, 43, 54]
[59, 54, 43]
[44, 44, 62]
[44, 62, 44]
[62, 44, 44]
[45, 49, 61]
[45, 61, 49]
[49, 45, 61]
[49, 61, 45]
[61, 45, 49]
[61, 49, 45]
[0, 53, 86]
[0, 86, 53]
[53, 0, 86]
[53, 86, 0]
[86, 0, 53]
[86, 53, 0]
[1, 52, 85]
[1, 85, 52]
[52, 1, 85]
[52, 85, 1]
[85, 1, 52]
[85, 52, 1]
[2, 54, 83]
[2, 83, 54]
[54, 2, 83]
[54, 83, 2]
[83, 2, 54]
[83, 54, 2]
[3, 51, 87]
[3, 87, 51]
[51, 3, 87]
[51, 87, 3]
[87, 3, 51]
[87, 51, 3]
[5, 48, 81]
[5, 81, 48]
[48, 5, 81]
[48, 81, 5]
[81, 5, 48]
[81, 48, 5]
[5, 49, 80]
[5, 80, 49]
[49, 5, 80]
[49, 80, 5]
[80, 5, 49]
[80, 49, 5]
[7, 45, 79]
[7, 79, 45]
[45, 7, 79]
[45, 79, 7]
[79, 7, 45]
[79, 45, 7]
[8, 45, 76]
[8, 76, 45]
[45, 8, 76]
[45, 76, 8]
[76, 8, 45]
[76, 45, 8]
[9, 44, 80]
[9, 80, 44]
[44, 9, 80]
[44, 80, 9]
[80, 9, 44]
[80, 44, 9]
[10, 52, 75]
[10, 75, 52]
[52, 10, 75]
[52, 75, 10]
[75, 10, 52]
[75, 52, 10]
[12, 43, 76]
[12, 76, 43]
[43, 12, 76]
[43, 76, 12]
[76, 12, 43]
[76, 43, 12]
[13, 46, 74]
[13, 74, 46]
[46, 13, 74]
[46, 74, 13]
[74, 13, 46]
[74, 46, 13]
[14, 50, 70]
[14, 70, 50]
[50, 14, 70]
[50, 70, 14]
[70, 14, 50]
[70, 50, 14]
[15, 46, 71]
[15, 71, 46]
[46, 15, 71]
[46, 71, 15]
[71, 15, 46]
[71, 46, 15]
[19, 40, 76]
[19, 76, 40]
[40, 19, 76]
[40, 76, 19]
[76, 19, 40]
[76, 40, 19]
[21, 45, 72]
[21, 72, 45]
[45, 21, 72]
[45, 72, 21]
[72, 21, 45]
[72, 45, 21]
[22, 53, 67]
[22, 67, 53]
[53, 22, 67]
[53, 67, 22]
[67, 22, 53]
[67, 53, 22]
[22, 59, 65]
[22, 65, 59]
[59, 22, 65]
[59, 65, 22]
[65, 22, 59]
[65, 59, 22]
[23, 48, 70]
[23, 70, 48]
[48, 23, 70]
[48, 70, 23]
[70, 23, 48]
[70, 48, 23]
[23, 58, 66]
[23, 66, 58]
[58, 23, 66]
[58, 66, 23]
[66, 23, 58]
[66, 58, 23]
[23, 63, 64]
[23, 64, 63]
[63, 23, 64]
[63, 64, 23]
[64, 23, 63]
[64, 63, 23]
[24, 62, 64]
[24, 64, 62]
[62, 24, 64]
[62, 64, 24]
[64, 24, 62]
[64, 62, 24]
[25, 42, 71]
[25, 71, 42]
[42, 25, 71]
[42, 71, 25]
[71, 25, 42]
[71, 42, 25]
[26, 47, 68]
[26, 68, 47]
[47, 26, 68]
[47, 68, 26]
[68, 26, 47]
[68, 47, 26]
[26, 52, 66]
[26, 66, 52]
[52, 26, 66]
[52, 66, 26]
[66, 26, 52]
[66, 52, 26]
[27, 53, 63]
[27, 63, 53]
[53, 27, 63]
[53, 63, 27]
[63, 27, 53]
[63, 53, 27]
[33, 39, 74]
[33, 74, 39]
[39, 33, 74]
[39, 74, 33]
[74, 33, 39]
[74, 39, 33]
[33, 61, 61]
[61, 33, 61]
[61, 61, 33]
[35, 38, 76]
[35, 76, 38]
[38, 35, 76]
[38, 76, 35]
[76, 35, 38]
[76, 38, 35]
[36, 45, 69]
[36, 69, 45]
[45, 36, 69]
[45, 69, 36]
[69, 36, 45]
[69, 45, 36]
[37, 40, 71]
[37, 71, 40]
[40, 37, 71]
[40, 71, 37]
[71, 37, 40]
[71, 40, 37]
[38, 38, 73]
[38, 73, 38]
[73, 38, 38]
[42, 51, 64]
[42, 64, 51]
[51, 42, 64]
[51, 64, 42]
[64, 42, 51]
[64, 51, 42]
[45, 45, 66]
[45, 66, 45]
[66, 45, 45]
[45, 59, 60]
[45, 60, 59]
[59, 45, 60]
[59, 60, 45]
[60, 45, 59]
[60, 59, 45]
[47, 53, 61]
[47, 61, 53]
[53, 47, 61]
[53, 61, 47]
[61, 47, 53]
[61, 53, 47]
[49, 50, 63]
[49, 63, 50]
[50, 49, 63]
[50, 63, 49]
[63, 49, 50]
[63, 50, 49]
[0, 55, 89]
[0, 89, 55]
[55, 0, 89]
[55, 89, 0]
[89, 0, 55]
[89, 55, 0]
[1, 54, 88]
[1, 88, 54]
[54, 1, 88]
[54, 88, 1]
[88, 1, 54]
[88, 54, 1]
[1, 55, 87]
[1, 87, 55]
[55, 1, 87]
[55, 87, 1]
[87, 1, 55]
[87, 55, 1]
[3, 52, 86]
[3, 86, 52]
[52, 3, 86]
[52, 86, 3]
[86, 3, 52]
[86, 52, 3]
[5, 53, 82]
[5, 82, 53]
[53, 5, 82]
[53, 82, 5]
[82, 5, 53]
[82, 53, 5]
[6, 48, 83]
[6, 83, 48]
[48, 6, 83]
[48, 83, 6]
[83, 6, 48]
[83, 48, 6]
[6, 51, 81]
[6, 81, 51]
[51, 6, 81]
[51, 81, 6]
[81, 6, 51]
[81, 51, 6]
[8, 46, 82]
[8, 82, 46]
[46, 8, 82]
[46, 82, 8]
[82, 8, 46]
[82, 46, 8]
[8, 47, 80]
[8, 80, 47]
[47, 8, 80]
[47, 80, 8]
[80, 8, 47]
[80, 47, 8]
[8, 51, 79]
[8, 79, 51]
[51, 8, 79]
[51, 79, 8]
[79, 8, 51]
[79, 51, 8]
[9, 46, 81]
[9, 81, 46]
[46, 9, 81]
[46, 81, 9]
[81, 9, 46]
[81, 46, 9]
[9, 47, 77]
[9, 77, 47]
[47, 9, 77]
[47, 77, 9]
[77, 9, 47]
[77, 47, 9]
[10, 46, 79]
[10, 79, 46]
[46, 10, 79]
[46, 79, 10]
[79, 10, 46]
[79, 46, 10]
[11, 45, 77]
[11, 77, 45]
[45, 11, 77]
[45, 77, 11]
[77, 11, 45]
[77, 45, 11]
[11, 54, 75]
[11, 75, 54]
[54, 11, 75]
[54, 75, 11]
[75, 11, 54]
[75, 54, 11]
[15, 44, 78]
[15, 78, 44]
[44, 15, 78]
[44, 78, 15]
[78, 15, 44]
[78, 44, 15]
[15, 52, 70]
[15, 70, 52]
[52, 15, 70]
[52, 70, 15]
[70, 15, 52]
[70, 52, 15]
[16, 51, 72]
[16, 72, 51]
[51, 16, 72]
[51, 72, 16]
[72, 16, 51]
[72, 51, 16]
[17, 43, 77]
[17, 77, 43]
[43, 17, 77]
[43, 77, 17]
[77, 17, 43]
[77, 43, 17]
[17, 49, 76]
[17, 76, 49]
[49, 17, 76]
[49, 76, 17]
[76, 17, 49]
[76, 49, 17]
[19, 49, 75]
[19, 75, 49]
[49, 19, 75]
[49, 75, 19]
[75, 19, 49]
[75, 49, 19]
[19, 50, 74]
[19, 74, 50]
[50, 19, 74]
[50, 74, 19]
[74, 19, 50]
[74, 50, 19]
[20, 41, 78]
[20, 78, 41]
[41, 20, 78]
[41, 78, 20]
[78, 20, 41]
[78, 41, 20]
[22, 51, 71]
[22, 71, 51]
[51, 22, 71]
[51, 71, 22]
[71, 22, 51]
[71, 51, 22]
[23, 53, 69]
[23, 69, 53]
[53, 23, 69]
[53, 69, 23]
[69, 23, 53]
[69, 53, 23]
[24, 55, 68]
[24, 68, 55]
[55, 24, 68]
[55, 68, 24]
[68, 24, 55]
[68, 55, 24]
[25, 46, 72]
[25, 72, 46]
[46, 25, 72]
[46, 72, 25]
[72, 25, 46]
[72, 46, 25]
[26, 64, 67]
[26, 67, 64]
[64, 26, 67]
[64, 67, 26]
[67, 26, 64]
[67, 64, 26]
[28, 49, 69]
[28, 69, 49]
[49, 28, 69]
[49, 69, 28]
[69, 28, 49]
[69, 49, 28]
[33, 40, 78]
[33, 78, 40]
[40, 33, 78]
[40, 78, 33]
[78, 33, 40]
[78, 40, 33]
[35, 39, 75]
[35, 75, 39]
[39, 35, 75]
[39, 75, 35]
[75, 35, 39]
[75, 39, 35]
[35, 43, 73]
[35, 73, 43]
[43, 35, 73]
[43, 73, 35]
[73, 35, 43]
[73, 43, 35]
[36, 38, 78]
[36, 78, 38]
[38, 36, 78]
[38, 78, 36]
[78, 36, 38]
[78, 38, 36]
[36, 49, 68]
[36, 68, 49]
[49, 36, 68]
[49, 68, 36]
[68, 36, 49]
[68, 49, 36]
[40, 40, 72]
[40, 72, 40]
[72, 40, 40]
[41, 62, 62]
[62, 41, 62]
[62, 62, 41]
[44, 55, 64]
[44, 64, 55]
[55, 44, 64]
[55, 64, 44]
[64, 44, 55]
[64, 55, 44]
[45, 54, 65]
[45, 65, 54]
[54, 45, 65]
[54, 65, 45]
[65, 45, 54]
[65, 54, 45]
[46, 58, 63]
[46, 63, 58]
[58, 46, 63]
[58, 63, 46]
[63, 46, 58]
[63, 58, 46]
[46, 59, 62]
[46, 62, 59]
[59, 46, 62]
[59, 62, 46]
[62, 46, 59]
[62, 59, 46]
[48, 48, 71]
[48, 71, 48]
[71, 48, 48]
[0, 56, 91]
[0, 91, 56]
[56, 0, 91]
[56, 91, 0]
[91, 0, 56]
[91, 56, 0]
[2, 55, 90]
[2, 90, 55]
[55, 2, 90]
[55, 90, 2]
[90, 2, 55]
[90, 55, 2]
[2, 56, 89]
[2, 89, 56]
[56, 2, 89]
[56, 89, 2]
[89, 2, 56]
[89, 56, 2]
[3, 53, 88]
[3, 88, 53]
[53, 3, 88]
[53, 88, 3]
[88, 3, 53]
[88, 53, 3]
[4, 52, 89]
[4, 89, 52]
[52, 4, 89]
[52, 89, 4]
[89, 4, 52]
[89, 52, 4]
[6, 50, 86]
[6, 86, 50]
[50, 6, 86]
[50, 86, 6]
[86, 6, 50]
[86, 50, 6]
[6, 53, 84]
[6, 84, 53]
[53, 6, 84]
[53, 84, 6]
[84, 6, 53]
[84, 53, 6]
[7, 51, 84]
[7, 84, 51]
[51, 7, 84]
[51, 84, 7]
[84, 7, 51]
[84, 51, 7]
[7, 53, 83]
[7, 83, 53]
[53, 7, 83]
[53, 83, 7]
[83, 7, 53]
[83, 53, 7]
[8, 48, 87]
[8, 87, 48]
[48, 8, 87]
[48, 87, 8]
[87, 8, 48]
[87, 48, 8]
[8, 49, 84]
[8, 84, 49]
[49, 8, 84]
[49, 84, 8]
[84, 8, 49]
[84, 49, 8]
[9, 50, 82]
[9, 82, 50]
[50, 9, 82]
[50, 82, 9]
[82, 9, 50]
[82, 50, 9]
[10, 47, 83]
[10, 83, 47]
[47, 10, 83]
[47, 83, 10]
[83, 10, 47]
[83, 47, 10]
[10, 53, 77]
[10, 77, 53]
[53, 10, 77]
[53, 77, 10]
[77, 10, 53]
[77, 53, 10]
[11, 48, 82]
[11, 82, 48]
[48, 11, 82]
[48, 82, 11]
[82, 11, 48]
[82, 48, 11]
[11, 52, 79]
[11, 79, 52]
[52, 11, 79]
[52, 79, 11]
[79, 11, 52]
[79, 52, 11]
[12, 48, 77]
[12, 77, 48]
[48, 12, 77]
[48, 77, 12]
[77, 12, 48]
[77, 48, 12]
[14, 46, 80]
[14, 80, 46]
[46, 14, 80]
[46, 80, 14]
[80, 14, 46]
[80, 46, 14]
[16, 45, 80]
[16, 80, 45]
[45, 16, 80]
[45, 80, 16]
[80, 16, 45]
[80, 45, 16]
[17, 51, 74]
[17, 74, 51]
[51, 17, 74]
[51, 74, 17]
[74, 17, 51]
[74, 51, 17]
[18, 43, 79]
[18, 79, 43]
[43, 18, 79]
[43, 79, 18]
[79, 18, 43]
[79, 43, 18]
[21, 41, 80]
[21, 80, 41]
[41, 21, 80]
[41, 80, 21]
[80, 21, 41]
[80, 41, 21]
[22, 58, 73]
[22, 73, 58]
[58, 22, 73]
[58, 73, 22]
[73, 22, 58]
[73, 58, 22]
[24, 57, 72]
[24, 72, 57]
[57, 24, 72]
[57, 72, 24]
[72, 24, 57]
[72, 57, 24]
[24, 60, 69]
[24, 69, 60]
[60, 24, 69]
[60, 69, 24]
[69, 24, 60]
[69, 60, 24]
[28, 56, 68]
[28, 68, 56]
[56, 28, 68]
[56, 68, 28]
[68, 28, 56]
[68, 56, 28]
[29, 45, 78]
[29, 78, 45]
[45, 29, 78]
[45, 78, 29]
[78, 29, 45]
[78, 45, 29]
[29, 53, 73]
[29, 73, 53]
[53, 29, 73]
[53, 73, 29]
[73, 29, 53]
[73, 53, 29]
[31, 46, 77]
[31, 77, 46]
[46, 31, 77]
[46, 77, 31]
[77, 31, 46]
[77, 46, 31]
[33, 46, 73]
[33, 73, 46]
[46, 33, 73]
[46, 73, 33]
[73, 33, 46]
[73, 46, 33]
[36, 39, 82]
[36, 82, 39]
[39, 36, 82]
[39, 82, 36]
[82, 36, 39]
[82, 39, 36]
[37, 41, 76]
[37, 76, 41]
[41, 37, 76]
[41, 76, 37]
[76, 37, 41]
[76, 41, 37]
[37, 44, 73]
[37, 73, 44]
[44, 37, 73]
[44, 73, 37]
[73, 37, 44]
[73, 44, 37]
[37, 66, 67]
[37, 67, 66]
[66, 37, 67]
[66, 67, 37]
[67, 37, 66]
[67, 66, 37]
[38, 39, 77]
[38, 77, 39]
[39, 38, 77]
[39, 77, 38]
[77, 38, 39]
[77, 39, 38]
[39, 39, 76]
[39, 76, 39]
[76, 39, 39]
[42, 42, 75]
[42, 75, 42]
[75, 42, 42]
[42, 65, 65]
[65, 42, 65]
[65, 65, 42]
[46, 54, 67]
[46, 67, 54]
[54, 46, 67]
[54, 67, 46]
[67, 46, 54]
[67, 54, 46]
[46, 56, 66]
[46, 66, 56]
[56, 46, 66]
[56, 66, 46]
[66, 46, 56]
[66, 56, 46]
[46, 64, 64]
[64, 46, 64]
[64, 64, 46]
[48, 50, 69]
[48, 69, 50]
[50, 48, 69]
[50, 69, 48]
[69, 48, 50]
[69, 50, 48]
[48, 61, 63]
[48, 63, 61]
[61, 48, 63]
[61, 63, 48]
[63, 48, 61]
[63, 61, 48]
[57, 58, 65]
[57, 65, 58]
[58, 57, 65]
[58, 65, 57]
[65, 57, 58]
[65, 58, 57]
[0, 58, 94]
[0, 94, 58]
[58, 0, 94]
[58, 94, 0]
[94, 0, 58]
[94, 58, 0]
[1, 56, 93]
[1, 93, 56]
[56, 1, 93]
[56, 93, 1]
[93, 1, 56]
[93, 56, 1]
[3, 55, 93]
[3, 93, 55]
[55, 3, 93]
[55, 93, 3]
[93, 3, 55]
[93, 55, 3]
[3, 58, 91]
[3, 91, 58]
[58, 3, 91]
[58, 91, 3]
[91, 3, 58]
[91, 58, 3]
[3, 59, 90]
[3, 90, 59]
[59, 3, 90]
[59, 90, 3]
[90, 3, 59]
[90, 59, 3]
[4, 55, 91]
[4, 91, 55]
[55, 4, 91]
[55, 91, 4]
[91, 4, 55]
[91, 55, 4]
[5, 54, 89]
[5, 89, 54]
[54, 5, 89]
[54, 89, 5]
[89, 5, 54]
[89, 54, 5]
[7, 52, 87]
[7, 87, 52]
[52, 7, 87]
[52, 87, 7]
[87, 7, 52]
[87, 52, 7]
[7, 54, 86]
[7, 86, 54]
[54, 7, 86]
[54, 86, 7]
[86, 7, 54]
[86, 54, 7]
[7, 57, 85]
[7, 85, 57]
[57, 7, 85]
[57, 85, 7]
[85, 7, 57]
[85, 57, 7]
[9, 51, 85]
[9, 85, 51]
[51, 9, 85]
[51, 85, 9]
[85, 9, 51]
[85, 51, 9]
[9, 52, 83]
[9, 83, 52]
[52, 9, 83]
[52, 83, 9]
[83, 9, 52]
[83, 52, 9]
[10, 54, 82]
[10, 82, 54]
[54, 10, 82]
[54, 82, 10]
[82, 10, 54]
[82, 54, 10]
[11, 50, 85]
[11, 85, 50]
[50, 11, 85]
[50, 85, 11]
[85, 11, 50]
[85, 50, 11]
[12, 49, 86]
[12, 86, 49]
[49, 12, 86]
[49, 86, 12]
[86, 12, 49]
[86, 49, 12]
[13, 48, 79]
[13, 79, 48]
[48, 13, 79]
[48, 79, 13]
[79, 13, 48]
[79, 48, 13]
[15, 47, 82]
[15, 82, 47]
[47, 15, 82]
[47, 82, 15]
[82, 15, 47]
[82, 47, 15]
[16, 47, 81]
[16, 81, 47]
[47, 16, 81]
[47, 81, 16]
[81, 16, 47]
[81, 47, 16]
[16, 55, 78]
[16, 78, 55]
[55, 16, 78]
[55, 78, 16]
[78, 16, 55]
[78, 55, 16]
[17, 45, 82]
[17, 82, 45]
[45, 17, 82]
[45, 82, 17]
[82, 17, 45]
[82, 45, 17]
[17, 53, 75]
[17, 75, 53]
[53, 17, 75]
[53, 75, 17]
[75, 17, 53]
[75, 53, 17]
[22, 49, 77]
[22, 77, 49]
[49, 22, 77]
[49, 77, 22]
[77, 22, 49]
[77, 49, 22]
[25, 62, 74]
[25, 74, 62]
[62, 25, 74]
[62, 74, 25]
[74, 25, 62]
[74, 62, 25]
[25, 63, 70]
[25, 70, 63]
[63, 25, 70]
[63, 70, 25]
[70, 25, 63]
[70, 63, 25]
[26, 60, 70]
[26, 70, 60]
[60, 26, 70]
[60, 70, 26]
[70, 26, 60]
[70, 60, 26]
[30, 42, 83]
[30, 83, 42]
[42, 30, 83]
[42, 83, 30]
[83, 30, 42]
[83, 42, 30]
[31, 57, 68]
[31, 68, 57]
[57, 31, 68]
[57, 68, 31]
[68, 31, 57]
[68, 57, 31]
[34, 45, 81]
[34, 81, 45]
[45, 34, 81]
[45, 81, 34]
[81, 34, 45]
[81, 45, 34]
[36, 40, 84]
[36, 84, 40]
[40, 36, 84]
[40, 84, 36]
[84, 36, 40]
[84, 40, 36]
[38, 40, 79]
[38, 79, 40]
[40, 38, 79]
[40, 79, 38]
[79, 38, 40]
[79, 40, 38]
[38, 47, 74]
[38, 74, 47]
[47, 38, 74]
[47, 74, 38]
[74, 38, 47]
[74, 47, 38]
[43, 44, 75]
[43, 75, 44]
[44, 43, 75]
[44, 75, 43]
[75, 43, 44]
[75, 44, 43]
[47, 56, 70]
[47, 70, 56]
[56, 47, 70]
[56, 70, 47]
[70, 47, 56]
[70, 56, 47]
[47, 60, 67]
[47, 67, 60]
[60, 47, 67]
[60, 67, 47]
[67, 47, 60]
[67, 60, 47]
[48, 65, 66]
[48, 66, 65]
[65, 48, 66]
[65, 66, 48]
[66, 48, 65]
[66, 65, 48]
[49, 53, 71]
[49, 71, 53]
[53, 49, 71]
[53, 71, 49]
[71, 49, 53]
[71, 53, 49]
[49, 60, 66]
[49, 66, 60]
[60, 49, 66]
[60, 66, 49]
[66, 49, 60]
[66, 60, 49]
[51, 55, 70]
[51, 70, 55]
[55, 51, 70]
[55, 70, 51]
[70, 51, 55]
[70, 55, 51]
[0, 59, 96]
[0, 96, 59]
[59, 0, 96]
[59, 96, 0]
[96, 0, 59]
[96, 59, 0]
[1, 57, 95]
[1, 95, 57]
[57, 1, 95]
[57, 95, 1]
[95, 1, 57]
[95, 57, 1]
[4, 58, 93]
[4, 93, 58]
[58, 4, 93]
[58, 93, 4]
[93, 4, 58]
[93, 58, 4]
[4, 60, 92]
[4, 92, 60]
[60, 4, 92]
[60, 92, 4]
[92, 4, 60]
[92, 60, 4]
[5, 56, 90]
[5, 90, 56]
[56, 5, 90]
[56, 90, 5]
[90, 5, 56]
[90, 56, 5]
[7, 55, 98]
[7, 98, 55]
[55, 7, 98]
[55, 98, 7]
[98, 7, 55]
[98, 55, 7]
[8, 52, 90]
[8, 90, 52]
[52, 8, 90]
[52, 90, 8]
[90, 8, 52]
[90, 52, 8]
[8, 59, 86]
[8, 86, 59]
[59, 8, 86]
[59, 86, 8]
[86, 8, 59]
[86, 59, 8]
[10, 59, 84]
[10, 84, 59]
[59, 10, 84]
[59, 84, 10]
[84, 10, 59]
[84, 59, 10]
[11, 51, 89]
[11, 89, 51]
[51, 11, 89]
[51, 89, 11]
[89, 11, 51]
[89, 51, 11]
[12, 50, 88]
[12, 88, 50]
[50, 12, 88]
[50, 88, 12]
[88, 12, 50]
[88, 50, 12]
[12, 53, 87]
[12, 87, 53]
[53, 12, 87]
[53, 87, 12]
[87, 12, 53]
[87, 53, 12]
[13, 51, 80]
[13, 80, 51]
[51, 13, 80]
[51, 80, 13]
[80, 13, 51]
[80, 51, 13]
[15, 49, 87]
[15, 87, 49]
[49, 15, 87]
[49, 87, 15]
[87, 15, 49]
[87, 49, 15]
[16, 49, 82]
[16, 82, 49]
[49, 16, 82]
[49, 82, 16]
[82, 16, 49]
[82, 49, 16]
[17, 57, 78]
[17, 78, 57]
[57, 17, 78]
[57, 78, 17]
[78, 17, 57]
[78, 57, 17]
[20, 53, 79]
[20, 79, 53]
[53, 20, 79]
[53, 79, 20]
[79, 20, 53]
[79, 53, 20]
[21, 46, 83]
[21, 83, 46]
[46, 21, 83]
[46, 83, 21]
[83, 21, 46]
[83, 46, 21]
[24, 61, 77]
[24, 77, 61]
[61, 24, 77]
[61, 77, 24]
[77, 24, 61]
[77, 61, 24]
[26, 58, 75]
[26, 75, 58]
[58, 26, 75]
[58, 75, 26]
[75, 26, 58]
[75, 58, 26]
[27, 56, 75]
[27, 75, 56]
[56, 27, 75]
[56, 75, 27]
[75, 27, 56]
[75, 56, 27]
[27, 67, 71]
[27, 71, 67]
[67, 27, 71]
[67, 71, 27]
[71, 27, 67]
[71, 67, 27]
[28, 50, 77]
[28, 77, 50]
[50, 28, 77]
[50, 77, 28]
[77, 28, 50]
[77, 50, 28]
[29, 62, 71]
[29, 71, 62]
[62, 29, 71]
[62, 71, 29]
[71, 29, 62]
[71, 62, 29]
[31, 58, 70]
[31, 70, 58]
[58, 31, 70]
[58, 70, 31]
[70, 31, 58]
[70, 58, 31]
[35, 45, 87]
[35, 87, 45]
[45, 35, 87]
[45, 87, 35]
[87, 35, 45]
[87, 45, 35]
[36, 41, 86]
[36, 86, 41]
[41, 36, 86]
[41, 86, 36]
[86, 36, 41]
[86, 41, 36]
[36, 44, 85]
[36, 85, 44]
[44, 36, 85]
[44, 85, 36]
[85, 36, 44]
[85, 44, 36]
[37, 69, 69]
[69, 37, 69]
[69, 69, 37]
[39, 41, 83]
[39, 83, 41]
[41, 39, 83]
[41, 83, 39]
[83, 39, 41]
[83, 41, 39]
[39, 44, 79]
[39, 79, 44]
[44, 39, 79]
[44, 79, 39]
[79, 39, 44]
[79, 44, 39]
[41, 51, 75]
[41, 75, 51]
[51, 41, 75]
[51, 75, 41]
[75, 41, 51]
[75, 51, 41]
[42, 54, 74]
[42, 74, 54]
[54, 42, 74]
[54, 74, 42]
[74, 42, 54]
[74, 54, 42]
[43, 43, 82]
[43, 82, 43]
[82, 43, 43]
[48, 62, 67]
[48, 67, 62]
[62, 48, 67]
[62, 67, 48]
[67, 48, 62]
[67, 62, 48]
[49, 49, 78]
[49, 78, 49]
[78, 49, 49]
[50, 55, 72]
[50, 72, 55]
[55, 50, 72]
[55, 72, 50]
[72, 50, 55]
[72, 55, 50]
[50, 62, 66]
[50, 66, 62]
[62, 50, 66]
[62, 66, 50]
[66, 50, 62]
[66, 62, 50]
[52, 52, 74]
[52, 74, 52]
[74, 52, 52]
[52, 57, 71]
[52, 71, 57]
[57, 52, 71]
[57, 71, 52]
[71, 52, 57]
[71, 57, 52]
[54, 56, 71]
[54, 71, 56]
[56, 54, 71]
[56, 71, 54]
[71, 54, 56]
[71, 56, 54]
[0, 61, 99]
[0, 99, 61]
[61, 0, 99]
[61, 99, 0]
[99, 0, 61]
[99, 61, 0]
[1, 58, 97]
[1, 97, 58]
[58, 1, 97]
[58, 97, 1]
[97, 1, 58]
[97, 58, 1]
[2, 59, 95]
[2, 95, 59]
[59, 2, 95]
[59, 95, 2]
[95, 2, 59]
[95, 59, 2]
[4, 57, 96]
[4, 96, 57]
[57, 4, 96]
[57, 96, 4]
[96, 4, 57]
[96, 57, 4]
[5, 57, 94]
[5, 94, 57]
[57, 5, 94]
[57, 94, 5]
[94, 5, 57]
[94, 57, 5]
[7, 56, 95]
[7, 95, 56]
[56, 7, 95]
[56, 95, 7]
[95, 7, 56]
[95, 56, 7]
[8, 53, 95]
[8, 95, 53]
[53, 8, 95]
[53, 95, 8]
[95, 8, 53]
[95, 53, 8]
[8, 55, 92]
[8, 92, 55]
[55, 8, 92]
[55, 92, 8]
[92, 8, 55]
[92, 55, 8]
[8, 61, 91]
[8, 91, 61]
[61, 8, 91]
[61, 91, 8]
[91, 8, 61]
[91, 61, 8]
[10, 57, 91]
[10, 91, 57]
[57, 10, 91]
[57, 91, 10]
[91, 10, 57]
[91, 57, 10]
[11, 53, 90]
[11, 90, 53]
[53, 11, 90]
[53, 90, 11]
[90, 11, 53]
[90, 53, 11]
[11, 61, 87]
[11, 87, 61]
[61, 11, 87]
[61, 87, 11]
[87, 11, 61]
[87, 61, 11]
[12, 51, 91]
[12, 91, 51]
[51, 12, 91]
[51, 91, 12]
[91, 12, 51]
[91, 51, 12]
[13, 52, 84]
[13, 84, 52]
[52, 13, 84]
[52, 84, 13]
[84, 13, 52]
[84, 52, 13]
[13, 55, 82]
[13, 82, 55]
[55, 13, 82]
[55, 82, 13]
[82, 13, 55]
[82, 55, 13]
[15, 51, 88]
[15, 88, 51]
[51, 15, 88]
[51, 88, 15]
[88, 15, 51]
[88, 51, 15]
[15, 57, 81]
[15, 81, 57]
[57, 15, 81]
[57, 81, 15]
[81, 15, 57]
[81, 57, 15]
[16, 50, 91]
[16, 91, 50]
[50, 16, 91]
[50, 91, 16]
[91, 16, 50]
[91, 50, 16]
[18, 50, 83]
[18, 83, 50]
[50, 18, 83]
[50, 83, 18]
[83, 18, 50]
[83, 50, 18]
[19, 54, 81]
[19, 81, 54]
[54, 19, 81]
[54, 81, 19]
[81, 19, 54]
[81, 54, 19]
[20, 52, 81]
[20, 81, 52]
[52, 20, 81]
[52, 81, 20]
[81, 20, 52]
[81, 52, 20]
[21, 61, 79]
[21, 79, 61]
[61, 21, 79]
[61, 79, 21]
[79, 21, 61]
[79, 61, 21]
[26, 71, 76]
[26, 76, 71]
[71, 26, 76]
[71, 76, 26]
[76, 26, 71]
[76, 71, 26]
[27, 61, 78]
[27, 78, 61]
[61, 27, 78]
[61, 78, 27]
[78, 27, 61]
[78, 61, 27]
[27, 68, 73]
[27, 73, 68]
[68, 27, 73]
[68, 73, 27]
[73, 27, 68]
[73, 68, 27]
[28, 62, 75]
[28, 75, 62]
[62, 28, 75]
[62, 75, 28]
[75, 28, 62]
[75, 62, 28]
[29, 56, 80]
[29, 80, 56]
[56, 29, 80]
[56, 80, 29]
[80, 29, 56]
[80, 56, 29]
[30, 62, 73]
[30, 73, 62]
[62, 30, 73]
[62, 73, 30]
[73, 30, 62]
[73, 62, 30]
[32, 64, 71]
[32, 71, 64]
[64, 32, 71]
[64, 71, 32]
[71, 32, 64]
[71, 64, 32]
[33, 48, 84]
[33, 84, 48]
[48, 33, 84]
[48, 84, 33]
[84, 33, 48]
[84, 48, 33]
[36, 42, 92]
[36, 92, 42]
[42, 36, 92]
[42, 92, 36]
[92, 36, 42]
[92, 42, 36]
[36, 50, 80]
[36, 80, 50]
[50, 36, 80]
[50, 80, 36]
[80, 36, 50]
[80, 50, 36]
[37, 46, 85]
[37, 85, 46]
[46, 37, 85]
[46, 85, 37]
[85, 37, 46]
[85, 46, 37]
[39, 42, 86]
[39, 86, 42]
[42, 39, 86]
[42, 86, 39]
[86, 39, 42]
[86, 42, 39]
[40, 45, 83]
[40, 83, 45]
[45, 40, 83]
[45, 83, 40]
[83, 40, 45]
[83, 45, 40]
[41, 57, 77]
[41, 77, 57]
[57, 41, 77]
[57, 77, 41]
[77, 41, 57]
[77, 57, 41]
[42, 43, 84]
[42, 84, 43]
[43, 42, 84]
[43, 84, 42]
[84, 42, 43]
[84, 43, 42]
[42, 44, 81]
[42, 81, 44]
[44, 42, 81]
[44, 81, 42]
[81, 42, 44]
[81, 44, 42]
[42, 50, 78]
[42, 78, 50]
[50, 42, 78]
[50, 78, 42]
[78, 42, 50]
[78, 50, 42]
[49, 67, 70]
[49, 70, 67]
[67, 49, 70]
[67, 70, 49]
[70, 49, 67]
[70, 67, 49]
[50, 60, 73]
[50, 73, 60]
[60, 50, 73]
[60, 73, 50]
[73, 50, 60]
[73, 60, 50]
[52, 56, 73]
[52, 73, 56]
[56, 52, 73]
[56, 73, 52]
[73, 52, 56]
[73, 56, 52]
[52, 63, 67]
[52, 67, 63]
[63, 52, 67]
[63, 67, 52]
[67, 52, 63]
[67, 63, 52]
[53, 59, 70]
[53, 70, 59]
[59, 53, 70]
[59, 70, 53]
[70, 53, 59]
[70, 59, 53]
[1, 60, 100]
[1, 100, 60]
[60, 1, 100]
[60, 100, 1]
[100, 1, 60]
[100, 60, 1]
[1, 62, 98]
[1, 98, 62]
[62, 1, 98]
[62, 98, 1]
[98, 1, 62]
[98, 62, 1]
[2, 58, 99]
[2, 99, 58]
[58, 2, 99]
[58, 99, 2]
[99, 2, 58]
[99, 58, 2]
[2, 60, 97]
[2, 97, 60]
[60, 2, 97]
[60, 97, 2]
[97, 2, 60]
[97, 60, 2]
[4, 62, 95]
[4, 95, 62]
[62, 4, 95]
[62, 95, 4]
[95, 4, 62]
[95, 62, 4]
[5, 60, 96]
[5, 96, 60]
[60, 5, 96]
[60, 96, 5]
[96, 5, 60]
[96, 60, 5]
[6, 57, 97]
[6, 97, 57]
[57, 6, 97]
[57, 97, 6]
[97, 6, 57]
[97, 57, 6]
[9, 55, 94]
[9, 94, 55]
[55, 9, 94]
[55, 94, 9]
[94, 9, 55]
[94, 55, 9]
[11, 62, 92]
[11, 92, 62]
[62, 11, 92]
[62, 92, 11]
[92, 11, 62]
[92, 62, 11]
[13, 53, 93]
[13, 93, 53]
[53, 13, 93]
[53, 93, 13]
[93, 13, 53]
[93, 53, 13]
[13, 54, 90]
[13, 90, 54]
[54, 13, 90]
[54, 90, 13]
[90, 13, 54]
[90, 54, 13]
[14, 51, 95]
[14, 95, 51]
[51, 14, 95]
[51, 95, 14]
[95, 14, 51]
[95, 51, 14]
[14, 54, 84]
[14, 84, 54]
[54, 14, 84]
[54, 84, 14]
[84, 14, 54]
[84, 54, 14]
[16, 52, 92]
[16, 92, 52]
[52, 16, 92]
[52, 92, 16]
[92, 16, 52]
[92, 52, 16]
[20, 50, 89]
[20, 89, 50]
[50, 20, 89]
[50, 89, 20]
[89, 20, 50]
[89, 50, 20]
[20, 58, 83]
[20, 83, 58]
[58, 20, 83]
[58, 83, 20]
[83, 20, 58]
[83, 58, 20]
[21, 53, 85]
[21, 85, 53]
[53, 21, 85]
[53, 85, 21]
[85, 21, 53]
[85, 53, 21]
[22, 62, 81]
[22, 81, 62]
[62, 22, 81]
[62, 81, 22]
[81, 22, 62]
[81, 62, 22]
[23, 68, 79]
[23, 79, 68]
[68, 23, 79]
[68, 79, 23]
[79, 23, 68]
[79, 68, 23]
[24, 50, 87]
[24, 87, 50]
[50, 24, 87]
[50, 87, 24]
[87, 24, 50]
[87, 50, 24]
[27, 69, 76]
[27, 76, 69]
[69, 27, 76]
[69, 76, 27]
[76, 27, 69]
[76, 69, 27]
[30, 63, 76]
[30, 76, 63]
[63, 30, 76]
[63, 76, 30]
[76, 30, 63]
[76, 63, 30]
[30, 65, 74]
[30, 74, 65]
[65, 30, 74]
[65, 74, 30]
[74, 30, 65]
[74, 65, 30]
[32, 63, 75]
[32, 75, 63]
[63, 32, 75]
[63, 75, 32]
[75, 32, 63]
[75, 63, 32]
[32, 65, 73]
[32, 73, 65]
[65, 32, 73]
[65, 73, 32]
[73, 32, 65]
[73, 65, 32]
[33, 62, 77]
[33, 77, 62]
[62, 33, 77]
[62, 77, 33]
[77, 33, 62]
[77, 62, 33]
[36, 46, 95]
[36, 95, 46]
[46, 36, 95]
[46, 95, 36]
[95, 36, 46]
[95, 46, 36]
[38, 55, 83]
[38, 83, 55]
[55, 38, 83]
[55, 83, 38]
[83, 38, 55]
[83, 55, 38]
[39, 43, 94]
[39, 94, 43]
[43, 39, 94]
[43, 94, 39]
[94, 39, 43]
[94, 43, 39]
[39, 46, 89]
[39, 89, 46]
[46, 39, 89]
[46, 89, 39]
[89, 39, 46]
[89, 46, 39]
[39, 49, 85]
[39, 85, 49]
[49, 39, 85]
[49, 85, 39]
[85, 39, 49]
[85, 49, 39]
[39, 52, 80]
[39, 80, 52]
[52, 39, 80]
[52, 80, 39]
[80, 39, 52]
[80, 52, 39]
[40, 47, 86]
[40, 86, 47]
[47, 40, 86]
[47, 86, 40]
[86, 40, 47]
[86, 47, 40]
[41, 44, 89]
[41, 89, 44]
[44, 41, 89]
[44, 89, 41]
[89, 41, 44]
[89, 44, 41]
[43, 56, 78]
[43, 78, 56]
[56, 43, 78]
[56, 78, 43]
[78, 43, 56]
[78, 56, 43]
[44, 46, 87]
[44, 87, 46]
[46, 44, 87]
[46, 87, 44]
[87, 44, 46]
[87, 46, 44]
[45, 46, 86]
[45, 86, 46]
[46, 45, 86]
[46, 86, 45]
[86, 45, 46]
[86, 46, 45]
[45, 48, 85]
[45, 85, 48]
[48, 45, 85]
[48, 85, 45]
[85, 45, 48]
[85, 48, 45]
[46, 46, 84]
[46, 84, 46]
[84, 46, 46]
[48, 64, 72]
[48, 72, 64]
[64, 48, 72]
[64, 72, 48]
[72, 48, 64]
[72, 64, 48]
[56, 62, 76]
[56, 76, 62]
[62, 56, 76]
[62, 76, 56]
[76, 56, 62]
[76, 62, 56]
[59, 68, 71]
[59, 71, 68]
[68, 59, 71]
[68, 71, 59]
[71, 59, 68]
[71, 68, 59]
[62, 65, 69]
[62, 69, 65]
[65, 62, 69]
[65, 69, 62]
[69, 62, 65]
[69, 65, 62]
[1, 64, 99]
[1, 99, 64]
[64, 1, 99]
[64, 99, 1]
[99, 1, 64]
[99, 64, 1]
[2, 62, 100]
[2, 100, 62]
[62, 2, 100]
[62, 100, 2]
[100, 2, 62]
[100, 62, 2]
[3, 61, 100]
[3, 100, 61]
[61, 3, 100]
[61, 100, 3]
[100, 3, 61]
[100, 61, 3]
[4, 59, 99]
[4, 99, 59]
[59, 4, 99]
[59, 99, 4]
[99, 4, 59]
[99, 59, 4]
[4, 63, 97]
[4, 97, 63]
[63, 4, 97]
[63, 97, 4]
[97, 4, 63]
[97, 63, 4]
[6, 62, 96]
[6, 96, 62]
[62, 6, 96]
[62, 96, 6]
[96, 6, 62]
[96, 62, 6]
[7, 61, 97]
[7, 97, 61]
[61, 7, 97]
[61, 97, 7]
[97, 7, 61]
[97, 61, 7]
[8, 57, 98]
[8, 98, 57]
[57, 8, 98]
[57, 98, 8]
[98, 8, 57]
[98, 57, 8]
[9, 56, 98]
[9, 98, 56]
[56, 9, 98]
[56, 98, 9]
[98, 9, 56]
[98, 56, 9]
[9, 58, 96]
[9, 96, 58]
[58, 9, 96]
[58, 96, 9]
[96, 9, 58]
[96, 58, 9]
[10, 56, 96]
[10, 96, 56]
[56, 10, 96]
[56, 96, 10]
[96, 10, 56]
[96, 56, 10]
[12, 60, 95]
[12, 95, 60]
[60, 12, 95]
[60, 95, 12]
[95, 12, 60]
[95, 60, 12]
[12, 64, 92]
[12, 92, 64]
[64, 12, 92]
[64, 92, 12]
[92, 12, 64]
[92, 64, 12]
[13, 56, 94]
[13, 94, 56]
[56, 13, 94]
[56, 94, 13]
[94, 13, 56]
[94, 56, 13]
[13, 57, 92]
[13, 92, 57]
[57, 13, 92]
[57, 92, 13]
[92, 13, 57]
[92, 57, 13]
[14, 56, 87]
[14, 87, 56]
[56, 14, 87]
[56, 87, 14]
[87, 14, 56]
[87, 56, 14]
[14, 57, 86]
[14, 86, 57]
[57, 14, 86]
[57, 86, 14]
[86, 14, 57]
[86, 57, 14]
[15, 55, 86]
[15, 86, 55]
[55, 15, 86]
[55, 86, 15]
[86, 15, 55]
[86, 55, 15]
[16, 54, 96]
[16, 96, 54]
[54, 16, 96]
[54, 96, 16]
[96, 16, 54]
[96, 54, 16]
[16, 56, 85]
[16, 85, 56]
[56, 16, 85]
[56, 85, 16]
[85, 16, 56]
[85, 56, 16]
[17, 54, 92]
[17, 92, 54]
[54, 17, 92]
[54, 92, 17]
[92, 17, 54]
[92, 54, 17]
[18, 54, 85]
[18, 85, 54]
[54, 18, 85]
[54, 85, 18]
[85, 18, 54]
[85, 54, 18]
[19, 53, 92]
[19, 92, 53]
[53, 19, 92]
[53, 92, 19]
[92, 19, 53]
[92, 53, 19]
[19, 56, 84]
[19, 84, 56]
[56, 19, 84]
[56, 84, 19]
[84, 19, 56]
[84, 56, 19]
[22, 50, 90]
[22, 90, 50]
[50, 22, 90]
[50, 90, 22]
[90, 22, 50]
[90, 50, 22]
[25, 64, 81]
[25, 81, 64]
[64, 25, 81]
[64, 81, 25]
[81, 25, 64]
[81, 64, 25]
[28, 61, 83]
[28, 83, 61]
[61, 28, 83]
[61, 83, 28]
[83, 28, 61]
[83, 61, 28]
[29, 63, 82]
[29, 82, 63]
[63, 29, 82]
[63, 82, 29]
[82, 29, 63]
[82, 63, 29]
[29, 70, 76]
[29, 76, 70]
[70, 29, 76]
[70, 76, 29]
[76, 29, 70]
[76, 70, 29]
[30, 69, 75]
[30, 75, 69]
[69, 30, 75]
[69, 75, 30]
[75, 30, 69]
[75, 69, 30]
[31, 67, 80]
[31, 80, 67]
[67, 31, 80]
[67, 80, 31]
[80, 31, 67]
[80, 67, 31]
[32, 67, 78]
[32, 78, 67]
[67, 32, 78]
[67, 78, 32]
[78, 32, 67]
[78, 67, 32]
[32, 70, 74]
[32, 74, 70]
[70, 32, 74]
[70, 74, 32]
[74, 32, 70]
[74, 70, 32]
[35, 65, 80]
[35, 80, 65]
[65, 35, 80]
[65, 80, 35]
[80, 35, 65]
[80, 65, 35]
[35, 66, 77]
[35, 77, 66]
[66, 35, 77]
[66, 77, 35]
[77, 35, 66]
[77, 66, 35]
[36, 73, 73]
[73, 36, 73]
[73, 73, 36]
[38, 52, 88]
[38, 88, 52]
[52, 38, 88]
[52, 88, 38]
[88, 38, 52]
[88, 52, 38]
[40, 48, 88]
[40, 88, 48]
[48, 40, 88]
[48, 88, 40]
[88, 40, 48]
[88, 48, 40]
[40, 58, 81]
[40, 81, 58]
[58, 40, 81]
[58, 81, 40]
[81, 40, 58]
[81, 58, 40]
[41, 53, 81]
[41, 81, 53]
[53, 41, 81]
[53, 81, 41]
[81, 41, 53]
[81, 53, 41]
[43, 47, 88]
[43, 88, 47]
[47, 43, 88]
[47, 88, 43]
[88, 43, 47]
[88, 47, 43]
[43, 53, 80]
[43, 80, 53]
[53, 43, 80]
[53, 80, 43]
[80, 43, 53]
[80, 53, 43]
[47, 47, 87]
[47, 87, 47]
[87, 47, 47]
[51, 66, 76]
[51, 76, 66]
[66, 51, 76]
[66, 76, 51]
[76, 51, 66]
[76, 66, 51]
[51, 67, 73]
[51, 73, 67]
[67, 51, 73]
[67, 73, 51]
[73, 51, 67]
[73, 67, 51]
[52, 69, 72]
[52, 72, 69]
[69, 52, 72]
[69, 72, 52]
[72, 52, 69]
[72, 69, 52]
[53, 62, 78]
[53, 78, 62]
[62, 53, 78]
[62, 78, 53]
[78, 53, 62]
[78, 62, 53]
[53, 64, 74]
[53, 74, 64]
[64, 53, 74]
[64, 74, 53]
[74, 53, 64]
[74, 64, 53]
[54, 57, 79]
[54, 79, 57]
[57, 54, 79]
[57, 79, 54]
[79, 54, 57]
[79, 57, 54]
[54, 60, 78]
[54, 78, 60]
[60, 54, 78]
[60, 78, 54]
[78, 54, 60]
[78, 60, 54]
[61, 69, 71]
[61, 71, 69]
[69, 61, 71]
[69, 71, 61]
[71, 61, 69]
[71, 69, 61]
[6, 59, 100]
[6, 100, 59]
[59, 6, 100]
[59, 100, 6]
[100, 6, 59]
[100, 59, 6]
[6, 65, 98]
[6, 98, 65]
[65, 6, 98]
[65, 98, 6]
[98, 6, 65]
[98, 65, 6]
[10, 58, 100]
[10, 100, 58]
[58, 10, 100]
[58, 100, 10]
[100, 10, 58]
[100, 58, 10]
[10, 60, 99]
[10, 99, 60]
[60, 10, 99]
[60, 99, 10]
[99, 10, 60]
[99, 60, 10]
[10, 62, 97]
[10, 97, 62]
[62, 10, 97]
[62, 97, 10]
[97, 10, 62]
[97, 62, 10]
[13, 63, 96]
[13, 96, 63]
[63, 13, 96]
[63, 96, 13]
[96, 13, 63]
[96, 63, 13]
[13, 65, 95]
[13, 95, 65]
[65, 13, 95]
[65, 95, 13]
[95, 13, 65]
[95, 65, 13]
[14, 58, 98]
[14, 98, 58]
[58, 14, 98]
[58, 98, 14]
[98, 14, 58]
[98, 58, 14]
[14, 59, 91]
[14, 91, 59]
[59, 14, 91]
[59, 91, 14]
[91, 14, 59]
[91, 59, 14]
[14, 60, 88]
[14, 88, 60]
[60, 14, 88]
[60, 88, 14]
[88, 14, 60]
[88, 60, 14]
[15, 56, 97]
[15, 97, 56]
[56, 15, 97]
[56, 97, 15]
[97, 15, 56]
[97, 56, 15]
[15, 58, 90]
[15, 90, 58]
[58, 15, 90]
[58, 90, 15]
[90, 15, 58]
[90, 58, 15]
[16, 58, 88]
[16, 88, 58]
[58, 16, 88]
[58, 88, 16]
[88, 16, 58]
[88, 58, 16]
[16, 62, 87]
[16, 87, 62]
[62, 16, 87]
[62, 87, 16]
[87, 16, 62]
[87, 62, 16]
[17, 55, 95]
[17, 95, 55]
[55, 17, 95]
[55, 95, 17]
[95, 17, 55]
[95, 55, 17]
[19, 60, 85]
[19, 85, 60]
[60, 19, 85]
[60, 85, 19]
[85, 19, 60]
[85, 60, 19]
[20, 55, 88]
[20, 88, 55]
[55, 20, 88]
[55, 88, 20]
[88, 20, 55]
[88, 55, 20]
[20, 59, 87]
[20, 87, 59]
[59, 20, 87]
[59, 87, 20]
[87, 20, 59]
[87, 59, 20]
[21, 54, 94]
[21, 94, 54]
[54, 21, 94]
[54, 94, 21]
[94, 21, 54]
[94, 54, 21]
[23, 54, 91]
[23, 91, 54]
[54, 23, 91]
[54, 91, 23]
[91, 23, 54]
[91, 54, 23]
[24, 67, 84]
[24, 84, 67]
[67, 24, 84]
[67, 84, 24]
[84, 24, 67]
[84, 67, 24]
[28, 64, 82]
[28, 82, 64]
[64, 28, 82]
[64, 82, 28]
[82, 28, 64]
[82, 64, 28]
[30, 77, 81]
[30, 81, 77]
[77, 30, 81]
[77, 81, 30]
[81, 30, 77]
[81, 77, 30]
[31, 72, 81]
[31, 81, 72]
[72, 31, 81]
[72, 81, 31]
[81, 31, 72]
[81, 72, 31]
[31, 74, 78]
[31, 78, 74]
[74, 31, 78]
[74, 78, 31]
[78, 31, 74]
[78, 74, 31]
[32, 58, 85]
[32, 85, 58]
[58, 32, 85]
[58, 85, 32]
[85, 32, 58]
[85, 58, 32]
[32, 60, 84]
[32, 84, 60]
[60, 32, 84]
[60, 84, 32]
[84, 32, 60]
[84, 60, 32]
[33, 70, 79]
[33, 79, 70]
[70, 33, 79]
[70, 79, 33]
[79, 33, 70]
[79, 70, 33]
[34, 70, 78]
[34, 78, 70]
[70, 34, 78]
[70, 78, 34]
[78, 34, 70]
[78, 70, 34]
[35, 68, 78]
[35, 78, 68]
[68, 35, 78]
[68, 78, 35]
[78, 35, 68]
[78, 68, 35]
[36, 71, 77]
[36, 77, 71]
[71, 36, 77]
[71, 77, 36]
[77, 36, 71]
[77, 71, 36]
[36, 75, 76]
[36, 76, 75]
[75, 36, 76]
[75, 76, 36]
[76, 36, 75]
[76, 75, 36]
[37, 51, 92]
[37, 92, 51]
[51, 37, 92]
[51, 92, 37]
[92, 37, 51]
[92, 51, 37]
[40, 49, 91]
[40, 91, 49]
[49, 40, 91]
[49, 91, 40]
[91, 40, 49]
[91, 49, 40]
[40, 53, 89]
[40, 89, 53]
[53, 40, 89]
[53, 89, 40]
[89, 40, 53]
[89, 53, 40]
[42, 48, 91]
[42, 91, 48]
[48, 42, 91]
[48, 91, 42]
[91, 42, 48]
[91, 48, 42]
[42, 55, 85]
[42, 85, 55]
[55, 42, 85]
[55, 85, 42]
[85, 42, 55]
[85, 55, 42]
[42, 57, 82]
[42, 82, 57]
[57, 42, 82]
[57, 82, 42]
[82, 42, 57]
[82, 57, 42]
[45, 55, 84]
[45, 84, 55]
[55, 45, 84]
[55, 84, 45]
[84, 45, 55]
[84, 55, 45]
[46, 47, 98]
[46, 98, 47]
[47, 46, 98]
[47, 98, 46]
[98, 46, 47]
[98, 47, 46]
[46, 49, 88]
[46, 88, 49]
[49, 46, 88]
[49, 88, 46]
[88, 46, 49]
[88, 49, 46]
[50, 75, 75]
[75, 50, 75]
[75, 75, 50]
[53, 72, 76]
[53, 76, 72]
[72, 53, 76]
[72, 76, 53]
[76, 53, 72]
[76, 72, 53]
[55, 71, 75]
[55, 75, 71]
[71, 55, 75]
[71, 75, 55]
[75, 55, 71]
[75, 71, 55]
[56, 64, 79]
[56, 79, 64]
[64, 56, 79]
[64, 79, 56]
[79, 56, 64]
[79, 64, 56]
[57, 62, 80]
[57, 80, 62]
[62, 57, 80]
[62, 80, 57]
[80, 57, 62]
[80, 62, 57]
[58, 59, 79]
[58, 79, 59]
[59, 58, 79]
[59, 79, 58]
[79, 58, 59]
[79, 59, 58]
[8, 65, 99]
[8, 99, 65]
[65, 8, 99]
[65, 99, 8]
[99, 8, 65]
[99, 65, 8]
[11, 63, 99]
[11, 99, 63]
[63, 11, 99]
[63, 99, 11]
[99, 11, 63]
[99, 63, 11]
[12, 65, 97]
[12, 97, 65]
[65, 12, 97]
[65, 97, 12]
[97, 12, 65]
[97, 65, 12]
[15, 60, 93]
[15, 93, 60]
[60, 15, 93]
[60, 93, 15]
[93, 15, 60]
[93, 60, 15]
[16, 57, 100]
[16, 100, 57]
[57, 16, 100]
[57, 100, 16]
[100, 16, 57]
[100, 57, 16]
[17, 56, 100]
[17, 100, 56]
[56, 17, 100]
[56, 100, 17]
[100, 17, 56]
[100, 56, 17]
[17, 59, 98]
[17, 98, 59]
[59, 17, 98]
[59, 98, 17]
[98, 17, 59]
[98, 59, 17]
[18, 58, 95]
[18, 95, 58]
[58, 18, 95]
[58, 95, 18]
[95, 18, 58]
[95, 58, 18]
[18, 59, 88]
[18, 88, 59]
[59, 18, 88]
[59, 88, 18]
[88, 18, 59]
[88, 59, 18]
[22, 68, 86]
[22, 86, 68]
[68, 22, 86]
[68, 86, 22]
[86, 22, 68]
[86, 68, 22]
[23, 57, 90]
[23, 90, 57]
[57, 23, 90]
[57, 90, 23]
[90, 23, 57]
[90, 57, 23]
[23, 67, 87]
[23, 87, 67]
[67, 23, 87]
[67, 87, 23]
[87, 23, 67]
[87, 67, 23]
[25, 58, 89]
[25, 89, 58]
[58, 25, 89]
[58, 89, 25]
[89, 25, 58]
[89, 58, 25]
[27, 64, 85]
[27, 85, 64]
[64, 27, 85]
[64, 85, 27]
[85, 27, 64]
[85, 64, 27]
[29, 55, 99]
[29, 99, 55]
[55, 29, 99]
[55, 99, 29]
[99, 29, 55]
[99, 55, 29]
[29, 74, 84]
[29, 84, 74]
[74, 29, 84]
[74, 84, 29]
[84, 29, 74]
[84, 74, 29]
[31, 63, 87]
[31, 87, 63]
[63, 31, 87]
[63, 87, 31]
[87, 31, 63]
[87, 63, 31]
[31, 76, 83]
[31, 83, 76]
[76, 31, 83]
[76, 83, 31]
[83, 31, 76]
[83, 76, 31]
[32, 77, 80]
[32, 80, 77]
[77, 32, 80]
[77, 80, 32]
[80, 32, 77]
[80, 77, 32]
[33, 68, 82]
[33, 82, 68]
[68, 33, 82]
[68, 82, 33]
[82, 33, 68]
[82, 68, 33]
[33, 75, 80]
[33, 80, 75]
[75, 33, 80]
[75, 80, 33]
[80, 33, 75]
[80, 75, 33]
[35, 74, 79]
[35, 79, 74]
[74, 35, 79]
[74, 79, 35]
[79, 35, 74]
[79, 74, 35]
[38, 51, 96]
[38, 96, 51]
[51, 38, 96]
[51, 96, 38]
[96, 38, 51]
[96, 51, 38]
[38, 72, 80]
[38, 80, 72]
[72, 38, 80]
[72, 80, 38]
[80, 38, 72]
[80, 72, 38]
[41, 50, 93]
[41, 93, 50]
[50, 41, 93]
[50, 93, 41]
[93, 41, 50]
[93, 50, 41]
[43, 58, 87]
[43, 87, 58]
[58, 43, 87]
[58, 87, 43]
[87, 43, 58]
[87, 58, 43]
[44, 49, 93]
[44, 93, 49]
[49, 44, 93]
[49, 93, 44]
[93, 44, 49]
[93, 49, 44]
[44, 58, 82]
[44, 82, 58]
[58, 44, 82]
[58, 82, 44]
[82, 44, 58]
[82, 58, 44]
[47, 49, 92]
[47, 92, 49]
[49, 47, 92]
[49, 92, 47]
[92, 47, 49]
[92, 49, 47]
[47, 51, 90]
[47, 90, 51]
[51, 47, 90]
[51, 90, 47]
[90, 47, 51]
[90, 51, 47]
[51, 78, 78]
[78, 51, 78]
[78, 78, 51]
[52, 76, 76]
[76, 52, 76]
[76, 76, 52]
[55, 69, 79]
[55, 79, 69]
[69, 55, 79]
[69, 79, 55]
[79, 55, 69]
[79, 69, 55]
[59, 66, 80]
[59, 80, 66]
[66, 59, 80]
[66, 80, 59]
[80, 59, 66]
[80, 66, 59]
[60, 63, 81]
[60, 81, 63]
[63, 60, 81]
[63, 81, 60]
[81, 60, 63]
[81, 63, 60]
[9, 71, 100]
[9, 100, 71]
[71, 9, 100]
[71, 100, 9]
[100, 9, 71]
[100, 71, 9]
[12, 67, 98]
[12, 98, 67]
[67, 12, 98]
[67, 98, 12]
[98, 12, 67]
[98, 67, 12]
[14, 63, 100]
[14, 100, 63]
[63, 14, 100]
[63, 100, 14]
[100, 14, 63]
[100, 63, 14]
[15, 64, 94]
[15, 94, 64]
[64, 15, 94]
[64, 94, 15]
[94, 15, 64]
[94, 64, 15]
[16, 61, 98]
[16, 98, 61]
[61, 16, 98]
[61, 98, 16]
[98, 16, 61]
[98, 61, 16]
[18, 61, 96]
[18, 96, 61]
[61, 18, 96]
[61, 96, 18]
[96, 18, 61]
[96, 61, 18]
[18, 66, 90]
[18, 90, 66]
[66, 18, 90]
[66, 90, 18]
[90, 18, 66]
[90, 66, 18]
[19, 59, 94]
[19, 94, 59]
[59, 19, 94]
[59, 94, 19]
[94, 19, 59]
[94, 59, 19]
[21, 64, 89]
[21, 89, 64]
[64, 21, 89]
[64, 89, 21]
[89, 21, 64]
[89, 64, 21]
[22, 61, 88]
[22, 88, 61]
[61, 22, 88]
[61, 88, 22]
[88, 22, 61]
[88, 61, 22]
[28, 66, 85]
[28, 85, 66]
[66, 28, 85]
[66, 85, 28]
[85, 28, 66]
[85, 66, 28]
[29, 57, 93]
[29, 93, 57]
[57, 29, 93]
[57, 93, 29]
[93, 29, 57]
[93, 57, 29]
[32, 59, 92]
[32, 92, 59]
[59, 32, 92]
[59, 92, 32]
[92, 32, 59]
[92, 59, 32]
[32, 82, 83]
[32, 83, 82]
[82, 32, 83]
[82, 83, 32]
[83, 32, 82]
[83, 82, 32]
[34, 73, 83]
[34, 83, 73]
[73, 34, 83]
[73, 83, 34]
[83, 34, 73]
[83, 73, 34]
[34, 80, 82]
[34, 82, 80]
[80, 34, 82]
[80, 82, 34]
[82, 34, 80]
[82, 80, 34]
[37, 56, 99]
[37, 99, 56]
[56, 37, 99]
[56, 99, 37]
[99, 37, 56]
[99, 56, 37]
[37, 77, 82]
[37, 82, 77]
[77, 37, 82]
[77, 82, 37]
[82, 37, 77]
[82, 77, 37]
[38, 54, 98]
[38, 98, 54]
[54, 38, 98]
[54, 98, 38]
[98, 38, 54]
[98, 54, 38]
[41, 55, 97]
[41, 97, 55]
[55, 41, 97]
[55, 97, 41]
[97, 41, 55]
[97, 55, 41]
[42, 53, 97]
[42, 97, 53]
[53, 42, 97]
[53, 97, 42]
[97, 42, 53]
[97, 53, 42]
[43, 50, 96]
[43, 96, 50]
[50, 43, 96]
[50, 96, 43]
[96, 43, 50]
[96, 50, 43]
[43, 81, 81]
[81, 43, 81]
[81, 81, 43]
[44, 61, 86]
[44, 86, 61]
[61, 44, 86]
[61, 86, 44]
[86, 44, 61]
[86, 61, 44]
[45, 51, 93]
[45, 93, 51]
[51, 45, 93]
[51, 93, 45]
[93, 45, 51]
[93, 51, 45]
[45, 58, 92]
[45, 92, 58]
[58, 45, 92]
[58, 92, 45]
[92, 45, 58]
[92, 58, 45]
[47, 58, 84]
[47, 84, 58]
[58, 47, 84]
[58, 84, 47]
[84, 47, 58]
[84, 58, 47]
[48, 49, 95]
[48, 95, 49]
[49, 48, 95]
[49, 95, 48]
[95, 48, 49]
[95, 49, 48]
[48, 56, 92]
[48, 92, 56]
[56, 48, 92]
[56, 92, 48]
[92, 48, 56]
[92, 56, 48]
[55, 74, 80]
[55, 80, 74]
[74, 55, 80]
[74, 80, 55]
[80, 55, 74]
[80, 74, 55]
[56, 69, 82]
[56, 82, 69]
[69, 56, 82]
[69, 82, 56]
[82, 56, 69]
[82, 69, 56]
[58, 77, 78]
[58, 78, 77]
[77, 58, 78]
[77, 78, 58]
[78, 58, 77]
[78, 77, 58]
[59, 73, 81]
[59, 81, 73]
[73, 59, 81]
[73, 81, 59]
[81, 59, 73]
[81, 73, 59]
[60, 61, 82]
[60, 82, 61]
[61, 60, 82]
[61, 82, 60]
[82, 60, 61]
[82, 61, 60]
[64, 76, 78]
[64, 78, 76]
[76, 64, 78]
[76, 78, 64]
[78, 64, 76]
[78, 76, 64]
[17, 65, 96]
[17, 96, 65]
[65, 17, 96]
[65, 96, 17]
[96, 17, 65]
[96, 65, 17]
[19, 62, 99]
[19, 99, 62]
[62, 19, 99]
[62, 99, 19]
[99, 19, 62]
[99, 62, 19]
[19, 66, 95]
[19, 95, 66]
[66, 19, 95]
[66, 95, 19]
[95, 19, 66]
[95, 66, 19]
[24, 70, 92]
[24, 92, 70]
[70, 24, 92]
[70, 92, 24]
[92, 24, 70]
[92, 70, 24]
[27, 65, 91]
[27, 91, 65]
[65, 27, 91]
[65, 91, 27]
[91, 27, 65]
[91, 65, 27]
[27, 72, 90]
[27, 90, 72]
[72, 27, 90]
[72, 90, 27]
[90, 27, 72]
[90, 72, 27]
[28, 59, 97]
[28, 97, 59]
[59, 28, 97]
[59, 97, 28]
[97, 28, 59]
[97, 59, 28]
[28, 63, 95]
[28, 95, 63]
[63, 28, 95]
[63, 95, 28]
[95, 28, 63]
[95, 63, 28]
[29, 81, 86]
[29, 86, 81]
[81, 29, 86]
[81, 86, 29]
[86, 29, 81]
[86, 81, 29]
[30, 70, 90]
[30, 90, 70]
[70, 30, 90]
[70, 90, 30]
[90, 30, 70]
[90, 70, 30]
[30, 71, 86]
[30, 86, 71]
[71, 30, 86]
[71, 86, 30]
[86, 30, 71]
[86, 71, 30]
[31, 66, 89]
[31, 89, 66]
[66, 31, 89]
[66, 89, 31]
[89, 31, 66]
[89, 66, 31]
[32, 62, 90]
[32, 90, 62]
[62, 32, 90]
[62, 90, 32]
[90, 32, 62]
[90, 62, 32]
[35, 84, 85]
[35, 85, 84]
[84, 35, 85]
[84, 85, 35]
[85, 35, 84]
[85, 84, 35]
[38, 82, 85]
[38, 85, 82]
[82, 38, 85]
[82, 85, 38]
[85, 38, 82]
[85, 82, 38]
[38, 84, 84]
[84, 38, 84]
[84, 84, 38]
[41, 61, 95]
[41, 95, 61]
[61, 41, 95]
[61, 95, 41]
[95, 41, 61]
[95, 61, 41]
[43, 55, 100]
[43, 100, 55]
[55, 43, 100]
[55, 100, 43]
[100, 43, 55]
[100, 55, 43]
[43, 66, 86]
[43, 86, 66]
[66, 43, 86]
[66, 86, 43]
[86, 43, 66]
[86, 66, 43]
[44, 77, 84]
[44, 84, 77]
[77, 44, 84]
[77, 84, 44]
[84, 44, 77]
[84, 77, 44]
[45, 52, 97]
[45, 97, 52]
[52, 45, 97]
[52, 97, 45]
[97, 45, 52]
[97, 52, 45]
[46, 61, 93]
[46, 93, 61]
[61, 46, 93]
[61, 93, 46]
[93, 46, 61]
[93, 61, 46]
[47, 50, 97]
[47, 97, 50]
[50, 47, 97]
[50, 97, 47]
[97, 47, 50]
[97, 50, 47]
[47, 59, 93]
[47, 93, 59]
[59, 47, 93]
[59, 93, 47]
[93, 47, 59]
[93, 59, 47]
[50, 50, 95]
[50, 95, 50]
[95, 50, 50]
[50, 51, 94]
[50, 94, 51]
[51, 50, 94]
[51, 94, 50]
[94, 50, 51]
[94, 51, 50]
[55, 76, 81]
[55, 81, 76]
[76, 55, 81]
[76, 81, 55]
[81, 55, 76]
[81, 76, 55]
[57, 64, 87]
[57, 87, 64]
[64, 57, 87]
[64, 87, 57]
[87, 57, 64]
[87, 64, 57]
[57, 75, 84]
[57, 84, 75]
[75, 57, 84]
[75, 84, 57]
[84, 57, 75]
[84, 75, 57]
[59, 61, 85]
[59, 85, 61]
[61, 59, 85]
[61, 85, 59]
[85, 59, 61]
[85, 61, 59]
[60, 60, 86]
[60, 86, 60]
[86, 60, 60]
[60, 71, 83]
[60, 83, 71]
[71, 60, 83]
[71, 83, 60]
[83, 60, 71]
[83, 71, 60]
[61, 68, 84]
[61, 84, 68]
[68, 61, 84]
[68, 84, 61]
[84, 61, 68]
[84, 68, 61]
[63, 66, 83]
[63, 83, 66]
[66, 63, 83]
[66, 83, 63]
[83, 63, 66]
[83, 66, 63]
[17, 66, 99]
[17, 99, 66]
[66, 17, 99]
[66, 99, 17]
[99, 17, 66]
[99, 66, 17]
[17, 67, 97]
[17, 97, 67]
[67, 17, 97]
[67, 97, 17]
[97, 17, 67]
[97, 67, 17]
[24, 71, 94]
[24, 94, 71]
[71, 24, 94]
[71, 94, 24]
[94, 24, 71]
[94, 71, 24]
[28, 70, 91]
[28, 91, 70]
[70, 28, 91]
[70, 91, 28]
[91, 28, 70]
[91, 70, 28]
[29, 65, 100]
[29, 100, 65]
[65, 29, 100]
[65, 100, 29]
[100, 29, 65]
[100, 65, 29]
[30, 79, 87]
[30, 87, 79]
[79, 30, 87]
[79, 87, 30]
[87, 30, 79]
[87, 79, 30]
[33, 63, 94]
[33, 94, 63]
[63, 33, 94]
[63, 94, 33]
[94, 33, 63]
[94, 63, 33]
[33, 83, 86]
[33, 86, 83]
[83, 33, 86]
[83, 86, 33]
[86, 33, 83]
[86, 83, 33]
[34, 62, 91]
[34, 91, 62]
[62, 34, 91]
[62, 91, 34]
[91, 34, 62]
[91, 62, 34]
[34, 77, 88]
[34, 88, 77]
[77, 34, 88]
[77, 88, 34]
[88, 34, 77]
[88, 77, 34]
[36, 74, 87]
[36, 87, 74]
[74, 36, 87]
[74, 87, 36]
[87, 36, 74]
[87, 74, 36]
[45, 67, 90]
[45, 90, 67]
[67, 45, 90]
[67, 90, 45]
[90, 45, 67]
[90, 67, 45]
[48, 60, 98]
[48, 98, 60]
[60, 48, 98]
[60, 98, 48]
[98, 48, 60]
[98, 60, 48]
[49, 51, 99]
[49, 99, 51]
[51, 49, 99]
[51, 99, 49]
[99, 49, 51]
[99, 51, 49]
[50, 52, 98]
[50, 98, 52]
[52, 50, 98]
[52, 98, 50]
[98, 50, 52]
[98, 52, 50]
[53, 53, 94]
[53, 94, 53]
[94, 53, 53]
[58, 74, 86]
[58, 86, 74]
[74, 58, 86]
[74, 86, 58]
[86, 58, 74]
[86, 74, 58]
[59, 67, 89]
[59, 89, 67]
[67, 59, 89]
[67, 89, 59]
[89, 59, 67]
[89, 67, 59]
[59, 77, 83]
[59, 83, 77]
[77, 59, 83]
[77, 83, 59]
[83, 59, 77]
[83, 77, 59]
[60, 68, 87]
[60, 87, 68]
[68, 60, 87]
[68, 87, 60]
[87, 60, 68]
[87, 68, 60]
[64, 65, 90]
[64, 90, 65]
[65, 64, 90]
[65, 90, 64]
[90, 64, 65]
[90, 65, 64]
[64, 66, 88]
[64, 88, 66]
[66, 64, 88]
[66, 88, 64]
[88, 64, 66]
[88, 66, 64]
[65, 72, 83]
[65, 83, 72]
[72, 65, 83]
[72, 83, 65]
[83, 65, 72]
[83, 72, 65]
[67, 68, 85]
[67, 85, 68]
[68, 67, 85]
[68, 85, 67]
[85, 67, 68]
[85, 68, 67]
[68, 69, 83]
[68, 83, 69]
[69, 68, 83]
[69, 83, 68]
[83, 68, 69]
[83, 69, 68]
[18, 68, 100]
[18, 100, 68]
[68, 18, 100]
[68, 100, 18]
[100, 18, 68]
[100, 68, 18]
[20, 66, 100]
[20, 100, 66]
[66, 20, 100]
[66, 100, 20]
[100, 20, 66]
[100, 66, 20]
[25, 73, 94]
[25, 94, 73]
[73, 25, 94]
[73, 94, 25]
[94, 25, 73]
[94, 73, 25]
[30, 78, 92]
[30, 92, 78]
[78, 30, 92]
[78, 92, 30]
[92, 30, 78]
[92, 78, 30]
[31, 85, 88]
[31, 88, 85]
[85, 31, 88]
[85, 88, 31]
[88, 31, 85]
[88, 85, 31]
[32, 76, 93]
[32, 93, 76]
[76, 32, 93]
[76, 93, 32]
[93, 32, 76]
[93, 76, 32]
[33, 81, 88]
[33, 88, 81]
[81, 33, 88]
[81, 88, 33]
[88, 33, 81]
[88, 81, 33]
[34, 71, 97]
[34, 97, 71]
[71, 34, 97]
[71, 97, 34]
[97, 34, 71]
[97, 71, 34]
[34, 72, 94]
[34, 94, 72]
[72, 34, 94]
[72, 94, 34]
[94, 34, 72]
[94, 72, 34]
[34, 76, 92]
[34, 92, 76]
[76, 34, 92]
[76, 92, 34]
[92, 34, 76]
[92, 76, 34]
[35, 69, 95]
[35, 95, 69]
[69, 35, 95]
[69, 95, 35]
[95, 35, 69]
[95, 69, 35]
[37, 68, 98]
[37, 98, 68]
[68, 37, 98]
[68, 98, 37]
[98, 37, 68]
[98, 68, 37]
[37, 75, 89]
[37, 89, 75]
[75, 37, 89]
[75, 89, 37]
[89, 37, 75]
[89, 75, 37]
[37, 80, 87]
[37, 87, 80]
[80, 37, 87]
[80, 87, 37]
[87, 37, 80]
[87, 80, 37]
[45, 64, 91]
[45, 91, 64]
[64, 45, 91]
[64, 91, 45]
[91, 45, 64]
[91, 64, 45]
[51, 54, 100]
[51, 100, 54]
[54, 51, 100]
[54, 100, 51]
[100, 51, 54]
[100, 54, 51]
[54, 54, 97]
[54, 97, 54]
[97, 54, 54]
[54, 62, 93]
[54, 93, 62]
[62, 54, 93]
[62, 93, 54]
[93, 54, 62]
[93, 62, 54]
[54, 77, 87]
[54, 87, 77]
[77, 54, 87]
[77, 87, 54]
[87, 54, 77]
[87, 77, 54]
[61, 72, 89]
[61, 89, 72]
[72, 61, 89]
[72, 89, 61]
[89, 61, 72]
[89, 72, 61]
[62, 83, 84]
[62, 84, 83]
[83, 62, 84]
[83, 84, 62]
[84, 62, 83]
[84, 83, 62]
[63, 63, 91]
[63, 91, 63]
[91, 63, 63]
[63, 80, 85]
[63, 85, 80]
[80, 63, 85]
[80, 85, 63]
[85, 63, 80]
[85, 80, 63]
[65, 81, 84]
[65, 84, 81]
[81, 65, 84]
[81, 84, 65]
[84, 65, 81]
[84, 81, 65]
[69, 70, 89]
[69, 89, 70]
[70, 69, 89]
[70, 89, 69]
[89, 69, 70]
[89, 70, 69]
[73, 75, 86]
[73, 86, 75]
[75, 73, 86]
[75, 86, 73]
[86, 73, 75]
[86, 75, 73]
[25, 67, 100]
[25, 100, 67]
[67, 25, 100]
[67, 100, 25]
[100, 25, 67]
[100, 67, 25]
[26, 77, 99]
[26, 99, 77]
[77, 26, 99]
[77, 99, 26]
[99, 26, 77]
[99, 77, 26]
[30, 80, 98]
[30, 98, 80]
[80, 30, 98]
[80, 98, 30]
[98, 30, 80]
[98, 80, 30]
[33, 85, 91]
[33, 91, 85]
[85, 33, 91]
[85, 91, 33]
[91, 33, 85]
[91, 85, 33]
[34, 89, 90]
[34, 90, 89]
[89, 34, 90]
[89, 90, 34]
[90, 34, 89]
[90, 89, 34]
[35, 81, 89]
[35, 89, 81]
[81, 35, 89]
[81, 89, 35]
[89, 35, 81]
[89, 81, 35]
[37, 78, 91]
[37, 91, 78]
[78, 37, 91]
[78, 91, 37]
[91, 37, 78]
[91, 78, 37]
[38, 75, 94]
[38, 94, 75]
[75, 38, 94]
[75, 94, 38]
[94, 38, 75]
[94, 75, 38]
[39, 78, 90]
[39, 90, 78]
[78, 39, 90]
[78, 90, 39]
[90, 39, 78]
[90, 78, 39]
[44, 70, 98]
[44, 98, 70]
[70, 44, 98]
[70, 98, 44]
[98, 44, 70]
[98, 70, 44]
[47, 66, 94]
[47, 94, 66]
[66, 47, 94]
[66, 94, 47]
[94, 47, 66]
[94, 66, 47]
[52, 65, 94]
[52, 94, 65]
[65, 52, 94]
[65, 94, 52]
[94, 52, 65]
[94, 65, 52]
[60, 79, 89]
[60, 89, 79]
[79, 60, 89]
[79, 89, 60]
[89, 60, 79]
[89, 79, 60]
[61, 76, 90]
[61, 90, 76]
[76, 61, 90]
[76, 90, 61]
[90, 61, 76]
[90, 76, 61]
[62, 79, 88]
[62, 88, 79]
[79, 62, 88]
[79, 88, 62]
[88, 62, 79]
[88, 79, 62]
[63, 74, 92]
[63, 92, 74]
[74, 63, 92]
[74, 92, 63]
[92, 63, 74]
[92, 74, 63]
[64, 86, 86]
[86, 64, 86]
[86, 86, 64]
[66, 73, 91]
[66, 91, 73]
[73, 66, 91]
[73, 91, 66]
[91, 66, 73]
[91, 73, 66]
[34, 79, 99]
[34, 99, 79]
[79, 34, 99]
[79, 99, 34]
[99, 34, 79]
[99, 79, 34]
[35, 82, 96]
[35, 96, 82]
[82, 35, 96]
[82, 96, 35]
[96, 35, 82]
[96, 82, 35]
[35, 90, 92]
[35, 92, 90]
[90, 35, 92]
[90, 92, 35]
[92, 35, 90]
[92, 90, 35]
[36, 81, 97]
[36, 97, 81]
[81, 36, 97]
[81, 97, 36]
[97, 36, 81]
[97, 81, 36]
[36, 83, 93]
[36, 93, 83]
[83, 36, 93]
[83, 93, 36]
[93, 36, 83]
[93, 83, 36]
[38, 81, 91]
[38, 91, 81]
[81, 38, 91]
[81, 91, 38]
[91, 38, 81]
[91, 81, 38]
[42, 77, 94]
[42, 94, 77]
[77, 42, 94]
[77, 94, 42]
[94, 42, 77]
[94, 77, 42]
[47, 89, 89]
[89, 47, 89]
[89, 89, 47]
[49, 72, 97]
[49, 97, 72]
[72, 49, 97]
[72, 97, 49]
[97, 49, 72]
[97, 72, 49]
[52, 68, 96]
[52, 96, 68]
[68, 52, 96]
[68, 96, 52]
[96, 52, 68]
[96, 68, 52]
[54, 70, 95]
[54, 95, 70]
[70, 54, 95]
[70, 95, 54]
[95, 54, 70]
[95, 70, 54]
[55, 66, 96]
[55, 96, 66]
[66, 55, 96]
[66, 96, 55]
[96, 55, 66]
[96, 66, 55]
[62, 82, 89]
[62, 89, 82]
[82, 62, 89]
[82, 89, 62]
[89, 62, 82]
[89, 82, 62]
[63, 86, 88]
[63, 88, 86]
[86, 63, 88]
[86, 88, 63]
[88, 63, 86]
[88, 86, 63]
[66, 79, 93]
[66, 93, 79]
[79, 66, 93]
[79, 93, 66]
[93, 66, 79]
[93, 79, 66]
[67, 74, 93]
[67, 93, 74]
[74, 67, 93]
[74, 93, 67]
[93, 67, 74]
[93, 74, 67]
[67, 82, 88]
[67, 88, 82]
[82, 67, 88]
[82, 88, 67]
[88, 67, 82]
[88, 82, 67]
[68, 75, 92]
[68, 92, 75]
[75, 68, 92]
[75, 92, 68]
[92, 68, 75]
[92, 75, 68]
[68, 80, 89]
[68, 89, 80]
[80, 68, 89]
[80, 89, 68]
[89, 68, 80]
[89, 80, 68]
[70, 80, 88]
[70, 88, 80]
[80, 70, 88]
[80, 88, 70]
[88, 70, 80]
[88, 80, 70]
[71, 79, 90]
[71, 90, 79]
[79, 71, 90]
[79, 90, 71]
[90, 71, 79]
[90, 79, 71]
[36, 88, 96]
[36, 96, 88]
[88, 36, 96]
[88, 96, 36]
[96, 36, 88]
[96, 88, 36]
[36, 90, 94]
[36, 94, 90]
[90, 36, 94]
[90, 94, 36]
[94, 36, 90]
[94, 90, 36]
[38, 86, 97]
[38, 97, 86]
[86, 38, 97]
[86, 97, 38]
[97, 38, 86]
[97, 86, 38]
[39, 81, 99]
[39, 99, 81]
[81, 39, 99]
[81, 99, 39]
[99, 39, 81]
[99, 81, 39]
[39, 84, 92]
[39, 92, 84]
[84, 39, 92]
[84, 92, 39]
[92, 39, 84]
[92, 84, 39]
[39, 87, 91]
[39, 91, 87]
[87, 39, 91]
[87, 91, 39]
[91, 39, 87]
[91, 87, 39]
[40, 82, 97]
[40, 97, 82]
[82, 40, 97]
[82, 97, 40]
[97, 40, 82]
[97, 82, 40]
[41, 82, 94]
[41, 94, 82]
[82, 41, 94]
[82, 94, 41]
[94, 41, 82]
[94, 82, 41]
[43, 83, 91]
[43, 91, 83]
[83, 43, 91]
[83, 91, 43]
[91, 43, 83]
[91, 83, 43]
[54, 72, 99]
[54, 99, 72]
[72, 54, 99]
[72, 99, 54]
[99, 54, 72]
[99, 72, 54]
[61, 81, 94]
[61, 94, 81]
[81, 61, 94]
[81, 94, 61]
[94, 61, 81]
[94, 81, 61]
[64, 68, 97]
[64, 97, 68]
[68, 64, 97]
[68, 97, 64]
[97, 64, 68]
[97, 68, 64]
[67, 72, 96]
[67, 96, 72]
[72, 67, 96]
[72, 96, 67]
[96, 67, 72]
[96, 72, 67]
[67, 76, 94]
[67, 94, 76]
[76, 67, 94]
[76, 94, 67]
[94, 67, 76]
[94, 76, 67]
[69, 81, 92]
[69, 92, 81]
[81, 69, 92]
[81, 92, 69]
[92, 69, 81]
[92, 81, 69]
[73, 87, 89]
[73, 89, 87]
[87, 73, 89]
[87, 89, 73]
[89, 73, 87]
[89, 87, 73]
[74, 83, 90]
[74, 90, 83]
[83, 74, 90]
[83, 90, 74]
[90, 74, 83]
[90, 83, 74]
[75, 78, 93]
[75, 93, 78]
[78, 75, 93]
[78, 93, 75]
[93, 75, 78]
[93, 78, 75]
[36, 89, 98]
[36, 98, 89]
[89, 36, 98]
[89, 98, 36]
[98, 36, 89]
[98, 89, 36]
[37, 93, 97]
[37, 97, 93]
[93, 37, 97]
[93, 97, 37]
[97, 37, 93]
[97, 93, 37]
[39, 88, 97]
[39, 97, 88]
[88, 39, 97]
[88, 97, 39]
[97, 39, 88]
[97, 88, 39]
[40, 85, 94]
[40, 94, 85]
[85, 40, 94]
[85, 94, 40]
[94, 40, 85]
[94, 85, 40]
[42, 88, 93]
[42, 93, 88]
[88, 42, 93]
[88, 93, 42]
[93, 42, 88]
[93, 88, 42]
[44, 83, 99]
[44, 99, 83]
[83, 44, 99]
[83, 99, 44]
[99, 44, 83]
[99, 83, 44]
[44, 90, 91]
[44, 91, 90]
[90, 44, 91]
[90, 91, 44]
[91, 44, 90]
[91, 90, 44]
[63, 84, 93]
[63, 93, 84]
[84, 63, 93]
[84, 93, 63]
[93, 63, 84]
[93, 84, 63]
[64, 83, 98]
[64, 98, 83]
[83, 64, 98]
[83, 98, 64]
[98, 64, 83]
[98, 83, 64]
[65, 88, 92]
[65, 92, 88]
[88, 65, 92]
[88, 92, 65]
[92, 65, 88]
[92, 88, 65]
[66, 78, 97]
[66, 97, 78]
[78, 66, 97]
[78, 97, 66]
[97, 66, 78]
[97, 78, 66]
[67, 79, 95]
[67, 95, 79]
[79, 67, 95]
[79, 95, 67]
[95, 67, 79]
[95, 79, 67]
[70, 70, 100]
[70, 100, 70]
[100, 70, 70]
[73, 76, 95]
[73, 95, 76]
[76, 73, 95]
[76, 95, 73]
[95, 73, 76]
[95, 76, 73]
[38, 95, 100]
[38, 100, 95]
[95, 38, 100]
[95, 100, 38]
[100, 38, 95]
[100, 95, 38]
[39, 95, 98]
[39, 98, 95]
[95, 39, 98]
[95, 98, 39]
[98, 39, 95]
[98, 95, 39]
[41, 85, 100]
[41, 100, 85]
[85, 41, 100]
[85, 100, 41]
[100, 41, 85]
[100, 85, 41]
[41, 92, 98]
[41, 98, 92]
[92, 41, 98]
[92, 98, 41]
[98, 41, 92]
[98, 92, 41]
[45, 89, 95]
[45, 95, 89]
[89, 45, 95]
[89, 95, 45]
[95, 45, 89]
[95, 89, 45]
[61, 92, 92]
[92, 61, 92]
[92, 92, 61]
[62, 86, 94]
[62, 94, 86]
[86, 62, 94]
[86, 94, 62]
[94, 62, 86]
[94, 86, 62]
[64, 84, 96]
[64, 96, 84]
[84, 64, 96]
[84, 96, 64]
[96, 64, 84]
[96, 84, 64]
[65, 85, 93]
[65, 93, 85]
[85, 65, 93]
[85, 93, 65]
[93, 65, 85]
[93, 85, 65]
[67, 91, 92]
[67, 92, 91]
[91, 67, 92]
[91, 92, 67]
[92, 67, 91]
[92, 91, 67]
[71, 80, 95]
[71, 95, 80]
[80, 71, 95]
[80, 95, 71]
[95, 71, 80]
[95, 80, 71]
[72, 78, 98]
[72, 98, 78]
[78, 72, 98]
[78, 98, 72]
[98, 72, 78]
[98, 78, 72]
[74, 76, 97]
[74, 97, 76]
[76, 74, 97]
[76, 97, 74]
[97, 74, 76]
[97, 76, 74]
[43, 97, 98]
[43, 98, 97]
[97, 43, 98]
[97, 98, 43]
[98, 43, 97]
[98, 97, 43]
[49, 89, 96]
[49, 96, 89]
[89, 49, 96]
[89, 96, 49]
[96, 49, 89]
[96, 89, 49]
[52, 93, 95]
[52, 95, 93]
[93, 52, 95]
[93, 95, 52]
[95, 52, 93]
[95, 93, 52]
[68, 90, 93]
[68, 93, 90]
[90, 68, 93]
[90, 93, 68]
[93, 68, 90]
[93, 90, 68]
[69, 84, 100]
[69, 100, 84]
[84, 69, 100]
[84, 100, 69]
[100, 69, 84]
[100, 84, 69]
[70, 86, 99]
[70, 99, 86]
[86, 70, 99]
[86, 99, 70]
[99, 70, 86]
[99, 86, 70]
[72, 85, 95]
[72, 95, 85]
[85, 72, 95]
[85, 95, 72]
[95, 72, 85]
[95, 85, 72]
[72, 86, 93]
[72, 93, 86]
[86, 72, 93]
[86, 93, 72]
[93, 72, 86]
[93, 86, 72]
[74, 82, 99]
[74, 99, 82]
[82, 74, 99]
[82, 99, 74]
[99, 74, 82]
[99, 82, 74]
[75, 81, 100]
[75, 100, 81]
[81, 75, 100]
[81, 100, 75]
[100, 75, 81]
[100, 81, 75]
[47, 99, 100]
[47, 100, 99]
[99, 47, 100]
[99, 100, 47]
[100, 47, 99]
[100, 99, 47]
[63, 98, 98]
[98, 63, 98]
[98, 98, 63]
[68, 94, 94]
[94, 68, 94]
[94, 94, 68]
[69, 91, 98]
[69, 98, 91]
[91, 69, 98]
[91, 98, 69]
[98, 69, 91]
[98, 91, 69]
[70, 93, 96]
[70, 96, 93]
[93, 70, 96]
[93, 96, 70]
[96, 70, 93]
[96, 93, 70]
[75, 88, 99]
[75, 99, 88]
[88, 75, 99]
[88, 99, 75]
[99, 75, 88]
[99, 88, 75]
[75, 90, 95]
[75, 95, 90]
[90, 75, 95]
[90, 95, 75]
[95, 75, 90]
[95, 90, 75]
[49, 100, 100]
[100, 49, 100]
[100, 100, 49]
[69, 96, 97]
[69, 97, 96]
[96, 69, 97]
[96, 97, 69]
[97, 69, 96]
[97, 96, 69]
[71, 92, 99]
[71, 99, 92]
[92, 71, 99]
[92, 99, 71]
[99, 71, 92]
[99, 92, 71]
[73, 93, 98]
[73, 98, 93]
[93, 73, 98]
[93, 98, 73]
[98, 73, 93]
[98, 93, 73]
[69, 99, 99]
[99, 69, 99]
[99, 99, 69]
[77, 93, 100]
[77, 100, 93]
[93, 77, 100]
[93, 100, 77]
[100, 77, 93]
[100, 93, 77]
