[0, 0, 0]
[0, 1, 2]
[0, 2, 1]
[1, 0, 2]
[1, 2, 0]
[2, 0, 1]
[2, 1, 0]
[0, 3, 5]
[0, 5, 3]
[3, 0, 5]
[3, 5, 0]
[5, 0, 3]
[5, 3, 0]
[1, 1, 4]
[1, 4, 1]
[4, 1, 1]
[1, 3, 3]
[3, 1, 3]
[3, 3, 1]
[0, 4, 7]
[0, 7, 4]
[4, 0, 7]
[4, 7, 0]
[7, 0, 4]
[7, 4, 0]
[1, 5, 6]
[1, 6, 5]
[5, 1, 6]
[5, 6, 1]
[6, 1, 5]
[6, 5, 1]
[2, 2, 6]
[2, 6, 2]
[6, 2, 2]
[3, 4, 4]
[4, 3, 4]
[4, 4, 3]
[0, 6, 10]
[0, 10, 6]
[6, 0, 10]
[6, 10, 0]
[10, 0, 6]
[10, 6, 0]
[2, 3, 8]
[2, 8, 3]
[3, 2, 8]
[3, 8, 2]
[8, 2, 3]
[8, 3, 2]
[2, 7, 7]
[7, 2, 7]
[7, 7, 2]
[5, 5, 7]
[5, 7, 5]
[7, 5, 5]
[0, 8, 13]
[0, 13, 8]
[8, 0, 13]
[8, 13, 0]
[13, 0, 8]
[13, 8, 0]
[1, 7, 12]
[1, 12, 7]
[7, 1, 12]
[7, 12, 1]
[12, 1, 7]
[12, 7, 1]
[2, 4, 10]
[2, 10, 4]
[4, 2, 10]
[4, 10, 2]
[10, 2, 4]
[10, 4, 2]
[3, 6, 9]
[3, 9, 6]
[6, 3, 9]
[6, 9, 3]
[9, 3, 6]
[9, 6, 3]
[5, 8, 8]
[8, 5, 8]
[8, 8, 5]
[0, 9, 15]
[0, 15, 9]
[9, 0, 15]
[9, 15, 0]
[15, 0, 9]
[15, 9, 0]
[1, 8, 15]
[1, 15, 8]
[8, 1, 15]
[8, 15, 1]
[15, 1, 8]
[15, 8, 1]
[1, 10, 14]
[1, 14, 10]
[10, 1, 14]
[10, 14, 1]
[14, 1, 10]
[14, 10, 1]
[2, 5, 12]
[2, 12, 5]
[5, 2, 12]
[5, 12, 2]
[12, 2, 5]
[12, 5, 2]
[2, 9, 11]
[2, 11, 9]
[9, 2, 11]
[9, 11, 2]
[11, 2, 9]
[11, 9, 2]
[3, 7, 11]
[3, 11, 7]
[7, 3, 11]
[7, 11, 3]
[11, 3, 7]
[11, 7, 3]
[4, 5, 11]
[4, 11, 5]
[5, 4, 11]
[5, 11, 4]
[11, 4, 5]
[11, 5, 4]
[9, 9, 10]
[9, 10, 9]
[10, 9, 9]
[0, 11, 18]
[0, 18, 11]
[11, 0, 18]
[11, 18, 0]
[18, 0, 11]
[18, 11, 0]
[1, 9, 17]
[1, 17, 9]
[9, 1, 17]
[9, 17, 1]
[17, 1, 9]
[17, 9, 1]
[2, 13, 16]
[2, 16, 13]
[13, 2, 16]
[13, 16, 2]
[16, 2, 13]
[16, 13, 2]
[3, 12, 13]
[3, 13, 12]
[12, 3, 13]
[12, 13, 3]
[13, 3, 12]
[13, 12, 3]
[4, 6, 15]
[4, 15, 6]
[6, 4, 15]
[6, 15, 4]
[15, 4, 6]
[15, 6, 4]
[4, 9, 12]
[4, 12, 9]
[9, 4, 12]
[9, 12, 4]
[12, 4, 9]
[12, 9, 4]
[6, 6, 11]
[6, 11, 6]
[11, 6, 6]
[0, 12, 20]
[0, 20, 12]
[12, 0, 20]
[12, 20, 0]
[20, 0, 12]
[20, 12, 0]
[1, 11, 20]
[1, 20, 11]
[11, 1, 20]
[11, 20, 1]
[20, 1, 11]
[20, 11, 1]
[1, 13, 19]
[1, 19, 13]
[13, 1, 19]
[13, 19, 1]
[19, 1, 13]
[19, 13, 1]
[3, 10, 18]
[3, 18, 10]
[10, 3, 18]
[10, 18, 3]
[18, 3, 10]
[18, 10, 3]
[4, 8, 19]
[4, 19, 8]
[8, 4, 19]
[8, 19, 4]
[19, 4, 8]
[19, 8, 4]
[4, 14, 16]
[4, 16, 14]
[14, 4, 16]
[14, 16, 4]
[16, 4, 14]
[16, 14, 4]
[5, 9, 18]
[5, 18, 9]
[9, 5, 18]
[9, 18, 5]
[18, 5, 9]
[18, 9, 5]
[5, 10, 16]
[5, 16, 10]
[10, 5, 16]
[10, 16, 5]
[16, 5, 10]
[16, 10, 5]
[6, 7, 16]
[6, 16, 7]
[7, 6, 16]
[7, 16, 6]
[16, 6, 7]
[16, 7, 6]
[6, 12, 14]
[6, 14, 12]
[12, 6, 14]
[12, 14, 6]
[14, 6, 12]
[14, 12, 6]
[8, 10, 12]
[8, 12, 10]
[10, 8, 12]
[10, 12, 8]
[12, 8, 10]
[12, 10, 8]
[0, 14, 23]
[0, 23, 14]
[14, 0, 23]
[14, 23, 0]
[23, 0, 14]
[23, 14, 0]
[3, 15, 22]
[3, 22, 15]
[15, 3, 22]
[15, 22, 3]
[22, 3, 15]
[22, 15, 3]
[4, 13, 23]
[4, 23, 13]
[13, 4, 23]
[13, 23, 4]
[23, 4, 13]
[23, 13, 4]
[4, 17, 21]
[4, 21, 17]
[17, 4, 21]
[17, 21, 4]
[21, 4, 17]
[21, 17, 4]
[5, 14, 22]
[5, 22, 14]
[14, 5, 22]
[14, 22, 5]
[22, 5, 14]
[22, 14, 5]
[5, 15, 19]
[5, 19, 15]
[15, 5, 19]
[15, 19, 5]
[19, 5, 15]
[19, 15, 5]
[6, 8, 22]
[6, 22, 8]
[8, 6, 22]
[8, 22, 6]
[22, 6, 8]
[22, 8, 6]
[7, 9, 21]
[7, 21, 9]
[9, 7, 21]
[9, 21, 7]
[21, 7, 9]
[21, 9, 7]
[7, 10, 19]
[7, 19, 10]
[10, 7, 19]
[10, 19, 7]
[19, 7, 10]
[19, 10, 7]
[7, 14, 17]
[7, 17, 14]
[14, 7, 17]
[14, 17, 7]
[17, 7, 14]
[17, 14, 7]
[8, 9, 20]
[8, 20, 9]
[9, 8, 20]
[9, 20, 8]
[20, 8, 9]
[20, 9, 8]
[8, 11, 16]
[8, 16, 11]
[11, 8, 16]
[11, 16, 8]
[16, 8, 11]
[16, 11, 8]
[9, 13, 13]
[13, 9, 13]
[13, 13, 9]
[10, 10, 17]
[10, 17, 10]
[17, 10, 10]
[11, 12, 15]
[11, 15, 12]
[12, 11, 15]
[12, 15, 11]
[15, 11, 12]
[15, 12, 11]
[0, 16, 26]
[0, 26, 16]
[16, 0, 26]
[16, 26, 0]
[26, 0, 16]
[26, 16, 0]
[2, 14, 24]
[2, 24, 14]
[14, 2, 24]
[14, 24, 2]
[24, 2, 14]
[24, 14, 2]
[2, 15, 23]
[2, 23, 15]
[15, 2, 23]
[15, 23, 2]
[23, 2, 15]
[23, 15, 2]
[5, 13, 25]
[5, 25, 13]
[13, 5, 25]
[13, 25, 5]
[25, 5, 13]
[25, 13, 5]
[5, 20, 21]
[5, 21, 20]
[20, 5, 21]
[20, 21, 5]
[21, 5, 20]
[21, 20, 5]
[6, 18, 21]
[6, 21, 18]
[18, 6, 21]
[18, 21, 6]
[21, 6, 18]
[21, 18, 6]
[6, 19, 20]
[6, 20, 19]
[19, 6, 20]
[19, 20, 6]
[20, 6, 19]
[20, 19, 6]
[7, 8, 24]
[7, 24, 8]
[8, 7, 24]
[8, 24, 7]
[24, 7, 8]
[24, 8, 7]
[7, 13, 20]
[7, 20, 13]
[13, 7, 20]
[13, 20, 7]
[20, 7, 13]
[20, 13, 7]
[8, 17, 17]
[17, 8, 17]
[17, 17, 8]
[10, 11, 21]
[10, 21, 11]
[11, 10, 21]
[11, 21, 10]
[21, 10, 11]
[21, 11, 10]
[13, 15, 18]
[13, 18, 15]
[15, 13, 18]
[15, 18, 13]
[18, 13, 15]
[18, 15, 13]
[0, 17, 28]
[0, 28, 17]
[17, 0, 28]
[17, 28, 0]
[28, 0, 17]
[28, 17, 0]
[1, 16, 28]
[1, 28, 16]
[16, 1, 28]
[16, 28, 1]
[28, 1, 16]
[28, 16, 1]
[2, 17, 26]
[2, 26, 17]
[17, 2, 26]
[17, 26, 2]
[26, 2, 17]
[26, 17, 2]
[3, 14, 27]
[3, 27, 14]
[14, 3, 27]
[14, 27, 3]
[27, 3, 14]
[27, 14, 3]
[3, 16, 25]
[3, 25, 16]
[16, 3, 25]
[16, 25, 3]
[25, 3, 16]
[25, 16, 3]
[6, 13, 28]
[6, 28, 13]
[13, 6, 28]
[13, 28, 6]
[28, 6, 13]
[28, 13, 6]
[8, 14, 26]
[8, 26, 14]
[14, 8, 26]
[14, 26, 8]
[26, 8, 14]
[26, 14, 8]
[9, 14, 25]
[9, 25, 14]
[14, 9, 25]
[14, 25, 9]
[25, 9, 14]
[25, 14, 9]
[9, 16, 22]
[9, 22, 16]
[16, 9, 22]
[16, 22, 9]
[22, 9, 16]
[22, 16, 9]
[10, 13, 27]
[10, 27, 13]
[13, 10, 27]
[13, 27, 10]
[27, 10, 13]
[27, 13, 10]
[10, 15, 20]
[10, 20, 15]
[15, 10, 20]
[15, 20, 10]
[20, 10, 15]
[20, 15, 10]
[11, 11, 23]
[11, 23, 11]
[23, 11, 11]
[12, 12, 21]
[12, 21, 12]
[21, 12, 12]
[12, 17, 18]
[12, 18, 17]
[17, 12, 18]
[17, 18, 12]
[18, 12, 17]
[18, 17, 12]
[0, 19, 31]
[0, 31, 19]
[19, 0, 31]
[19, 31, 0]
[31, 0, 19]
[31, 19, 0]
[1, 18, 31]
[1, 31, 18]
[18, 1, 31]
[18, 31, 1]
[31, 1, 18]
[31, 18, 1]
[2, 18, 29]
[2, 29, 18]
[18, 2, 29]
[18, 29, 2]
[29, 2, 18]
[29, 18, 2]
[3, 17, 29]
[3, 29, 17]
[17, 3, 29]
[17, 29, 3]
[29, 3, 17]
[29, 17, 3]
[4, 20, 25]
[4, 25, 20]
[20, 4, 25]
[20, 25, 4]
[25, 4, 20]
[25, 20, 4]
[6, 17, 25]
[6, 25, 17]
[17, 6, 25]
[17, 25, 6]
[25, 6, 17]
[25, 17, 6]
[7, 15, 29]
[7, 29, 15]
[15, 7, 29]
[15, 29, 7]
[29, 7, 15]
[29, 15, 7]
[9, 19, 24]
[9, 24, 19]
[19, 9, 24]
[19, 24, 9]
[24, 9, 19]
[24, 19, 9]
[10, 22, 23]
[10, 23, 22]
[22, 10, 23]
[22, 23, 10]
[23, 10, 22]
[23, 22, 10]
[11, 13, 26]
[11, 26, 13]
[13, 11, 26]
[13, 26, 11]
[26, 11, 13]
[26, 13, 11]
[12, 19, 19]
[19, 12, 19]
[19, 19, 12]
[13, 17, 24]
[13, 24, 17]
[17, 13, 24]
[17, 24, 13]
[24, 13, 17]
[24, 17, 13]
[14, 18, 20]
[14, 20, 18]
[18, 14, 20]
[18, 20, 14]
[20, 14, 18]
[20, 18, 14]
[16, 16, 24]
[16, 24, 16]
[24, 16, 16]
[16, 17, 19]
[16, 19, 17]
[17, 16, 19]
[17, 19, 16]
[19, 16, 17]
[19, 17, 16]
[0, 21, 34]
[0, 34, 21]
[21, 0, 34]
[21, 34, 0]
[34, 0, 21]
[34, 21, 0]
[1, 21, 32]
[1, 32, 21]
[21, 1, 32]
[21, 32, 1]
[32, 1, 21]
[32, 21, 1]
[2, 19, 34]
[2, 34, 19]
[19, 2, 34]
[19, 34, 2]
[34, 2, 19]
[34, 19, 2]
[2, 20, 32]
[2, 32, 20]
[20, 2, 32]
[20, 32, 2]
[32, 2, 20]
[32, 20, 2]
[3, 19, 33]
[3, 33, 19]
[19, 3, 33]
[19, 33, 3]
[33, 3, 19]
[33, 19, 3]
[3, 20, 30]
[3, 30, 20]
[20, 3, 30]
[20, 30, 3]
[30, 3, 20]
[30, 20, 3]
[4, 18, 32]
[4, 32, 18]
[18, 4, 32]
[18, 32, 4]
[32, 4, 18]
[32, 18, 4]
[5, 17, 30]
[5, 30, 17]
[17, 5, 30]
[17, 30, 5]
[30, 5, 17]
[30, 17, 5]
[7, 25, 26]
[7, 26, 25]
[25, 7, 26]
[25, 26, 7]
[26, 7, 25]
[26, 25, 7]
[8, 18, 25]
[8, 25, 18]
[18, 8, 25]
[18, 25, 8]
[25, 8, 18]
[25, 18, 8]
[11, 14, 30]
[11, 30, 14]
[14, 11, 30]
[14, 30, 11]
[30, 11, 14]
[30, 14, 11]
[11, 17, 27]
[11, 27, 17]
[17, 11, 27]
[17, 27, 11]
[27, 11, 17]
[27, 17, 11]
[12, 16, 29]
[12, 29, 16]
[16, 12, 29]
[16, 29, 12]
[29, 12, 16]
[29, 16, 12]
[13, 21, 21]
[21, 13, 21]
[21, 21, 13]
[14, 14, 28]
[14, 28, 14]
[28, 14, 14]
[15, 15, 26]
[15, 26, 15]
[26, 15, 15]
[0, 22, 36]
[0, 36, 22]
[22, 0, 36]
[22, 36, 0]
[36, 0, 22]
[36, 22, 0]
[1, 23, 33]
[1, 33, 23]
[23, 1, 33]
[23, 33, 1]
[33, 1, 23]
[33, 23, 1]
[2, 21, 35]
[2, 35, 21]
[21, 2, 35]
[21, 35, 2]
[35, 2, 21]
[35, 21, 2]
[6, 24, 31]
[6, 31, 24]
[24, 6, 31]
[24, 31, 6]
[31, 6, 24]
[31, 24, 6]
[7, 18, 33]
[7, 33, 18]
[18, 7, 33]
[18, 33, 7]
[33, 7, 18]
[33, 18, 7]
[7, 28, 30]
[7, 30, 28]
[28, 7, 30]
[28, 30, 7]
[30, 7, 28]
[30, 28, 7]
[8, 21, 27]
[8, 27, 21]
[21, 8, 27]
[21, 27, 8]
[27, 8, 21]
[27, 21, 8]
[11, 19, 28]
[11, 28, 19]
[19, 11, 28]
[19, 28, 11]
[28, 11, 19]
[28, 19, 11]
[13, 14, 38]
[13, 38, 14]
[14, 13, 38]
[14, 38, 13]
[38, 13, 14]
[38, 14, 13]
[15, 16, 31]
[15, 31, 16]
[16, 15, 31]
[16, 31, 15]
[31, 15, 16]
[31, 16, 15]
[15, 21, 24]
[15, 24, 21]
[21, 15, 24]
[21, 24, 15]
[24, 15, 21]
[24, 21, 15]
[18, 19, 27]
[18, 27, 19]
[19, 18, 27]
[19, 27, 18]
[27, 18, 19]
[27, 19, 18]
[0, 24, 39]
[0, 39, 24]
[24, 0, 39]
[24, 39, 0]
[39, 0, 24]
[39, 24, 0]
[1, 22, 38]
[1, 38, 22]
[22, 1, 38]
[22, 38, 1]
[38, 1, 22]
[38, 22, 1]
[3, 21, 38]
[3, 38, 21]
[21, 3, 38]
[21, 38, 3]
[38, 3, 21]
[38, 21, 3]
[3, 24, 35]
[3, 35, 24]
[24, 3, 35]
[24, 35, 3]
[35, 3, 24]
[35, 24, 3]
[4, 22, 35]
[4, 35, 22]
[22, 4, 35]
[22, 35, 4]
[35, 4, 22]
[35, 22, 4]
[5, 23, 34]
[5, 34, 23]
[23, 5, 34]
[23, 34, 5]
[34, 5, 23]
[34, 23, 5]
[8, 23, 31]
[8, 31, 23]
[23, 8, 31]
[23, 31, 8]
[31, 8, 23]
[31, 23, 8]
[9, 23, 27]
[9, 27, 23]
[23, 9, 27]
[23, 27, 9]
[27, 9, 23]
[27, 23, 9]
[12, 22, 33]
[12, 33, 22]
[22, 12, 33]
[22, 33, 12]
[33, 12, 22]
[33, 22, 12]
[14, 15, 41]
[14, 41, 15]
[15, 14, 41]
[15, 41, 14]
[41, 14, 15]
[41, 15, 14]
[14, 19, 32]
[14, 32, 19]
[19, 14, 32]
[19, 32, 14]
[32, 14, 19]
[32, 19, 14]
[15, 17, 33]
[15, 33, 17]
[17, 15, 33]
[17, 33, 15]
[33, 15, 17]
[33, 17, 15]
[16, 21, 30]
[16, 30, 21]
[21, 16, 30]
[21, 30, 16]
[30, 16, 21]
[30, 21, 16]
[19, 21, 29]
[19, 29, 21]
[21, 19, 29]
[21, 29, 19]
[29, 19, 21]
[29, 21, 19]
[19, 25, 25]
[25, 19, 25]
[25, 25, 19]
[21, 22, 26]
[21, 26, 22]
[22, 21, 26]
[22, 26, 21]
[26, 21, 22]
[26, 22, 21]
[22, 24, 25]
[22, 25, 24]
[24, 22, 25]
[24, 25, 22]
[25, 22, 24]
[25, 24, 22]
[0, 25, 41]
[0, 41, 25]
[25, 0, 41]
[25, 41, 0]
[41, 0, 25]
[41, 25, 0]
[1, 24, 41]
[1, 41, 24]
[24, 1, 41]
[24, 41, 1]
[41, 1, 24]
[41, 24, 1]
[1, 26, 40]
[1, 40, 26]
[26, 1, 40]
[26, 40, 1]
[40, 1, 26]
[40, 26, 1]
[2, 22, 40]
[2, 40, 22]
[22, 2, 40]
[22, 40, 2]
[40, 2, 22]
[40, 22, 2]
[2, 25, 38]
[2, 38, 25]
[25, 2, 38]
[25, 38, 2]
[38, 2, 25]
[38, 25, 2]
[3, 23, 39]
[3, 39, 23]
[23, 3, 39]
[23, 39, 3]
[39, 3, 23]
[39, 23, 3]
[7, 22, 39]
[7, 39, 22]
[22, 7, 39]
[22, 39, 7]
[39, 7, 22]
[39, 22, 7]
[7, 31, 37]
[7, 37, 31]
[31, 7, 37]
[31, 37, 7]
[37, 7, 31]
[37, 31, 7]
[8, 28, 37]
[8, 37, 28]
[28, 8, 37]
[28, 37, 8]
[37, 8, 28]
[37, 28, 8]
[8, 29, 33]
[8, 33, 29]
[29, 8, 33]
[29, 33, 8]
[33, 8, 29]
[33, 29, 8]
[9, 26, 33]
[9, 33, 26]
[26, 9, 33]
[26, 33, 9]
[33, 9, 26]
[33, 26, 9]
[9, 29, 31]
[9, 31, 29]
[29, 9, 31]
[29, 31, 9]
[31, 9, 29]
[31, 29, 9]
[11, 24, 29]
[11, 29, 24]
[24, 11, 29]
[24, 29, 11]
[29, 11, 24]
[29, 24, 11]
[12, 23, 37]
[12, 37, 23]
[23, 12, 37]
[23, 37, 12]
[37, 12, 23]
[37, 23, 12]
[14, 21, 42]
[14, 42, 21]
[21, 14, 42]
[21, 42, 14]
[42, 14, 21]
[42, 21, 14]
[15, 27, 27]
[27, 15, 27]
[27, 27, 15]
[16, 18, 36]
[16, 36, 18]
[18, 16, 36]
[18, 36, 16]
[36, 16, 18]
[36, 18, 16]
[16, 20, 34]
[16, 34, 20]
[20, 16, 34]
[20, 34, 16]
[34, 16, 20]
[34, 20, 16]
[18, 18, 34]
[18, 34, 18]
[34, 18, 18]
[21, 23, 28]
[21, 28, 23]
[23, 21, 28]
[23, 28, 21]
[28, 21, 23]
[28, 23, 21]
[22, 22, 32]
[22, 32, 22]
[32, 22, 22]
[0, 27, 44]
[0, 44, 27]
[27, 0, 44]
[27, 44, 0]
[44, 0, 27]
[44, 27, 0]
[1, 25, 43]
[1, 43, 25]
[25, 1, 43]
[25, 43, 1]
[43, 1, 25]
[43, 25, 1]
[1, 27, 42]
[1, 42, 27]
[27, 1, 42]
[27, 42, 1]
[42, 1, 27]
[42, 27, 1]
[4, 24, 45]
[4, 45, 24]
[24, 4, 45]
[24, 45, 4]
[45, 4, 24]
[45, 24, 4]
[4, 26, 38]
[4, 38, 26]
[26, 4, 38]
[26, 38, 4]
[38, 4, 26]
[38, 26, 4]
[5, 24, 40]
[5, 40, 24]
[24, 5, 40]
[24, 40, 5]
[40, 5, 24]
[40, 24, 5]
[6, 23, 40]
[6, 40, 23]
[23, 6, 40]
[23, 40, 6]
[40, 6, 23]
[40, 23, 6]
[10, 26, 35]
[10, 35, 26]
[26, 10, 35]
[26, 35, 10]
[35, 10, 26]
[35, 26, 10]
[10, 30, 33]
[10, 33, 30]
[30, 10, 33]
[30, 33, 10]
[33, 10, 30]
[33, 30, 10]
[11, 22, 44]
[11, 44, 22]
[22, 11, 44]
[22, 44, 11]
[44, 11, 22]
[44, 22, 11]
[11, 25, 31]
[11, 31, 25]
[25, 11, 31]
[25, 31, 11]
[31, 11, 25]
[31, 25, 11]
[12, 24, 36]
[12, 36, 24]
[24, 12, 36]
[24, 36, 12]
[36, 12, 24]
[36, 24, 12]
[13, 22, 43]
[13, 43, 22]
[22, 13, 43]
[22, 43, 13]
[43, 13, 22]
[43, 22, 13]
[13, 29, 30]
[13, 30, 29]
[29, 13, 30]
[29, 30, 13]
[30, 13, 29]
[30, 29, 13]
[14, 29, 29]
[29, 14, 29]
[29, 29, 14]
[16, 23, 35]
[16, 35, 23]
[23, 16, 35]
[23, 35, 16]
[35, 16, 23]
[35, 23, 16]
[17, 20, 40]
[17, 40, 20]
[20, 17, 40]
[20, 40, 17]
[40, 17, 20]
[40, 20, 17]
[17, 22, 34]
[17, 34, 22]
[22, 17, 34]
[22, 34, 17]
[34, 17, 22]
[34, 22, 17]
[18, 28, 28]
[28, 18, 28]
[28, 28, 18]
[20, 20, 35]
[20, 35, 20]
[35, 20, 20]
[23, 23, 29]
[23, 29, 23]
[29, 23, 23]
[0, 29, 47]
[0, 47, 29]
[29, 0, 47]
[29, 47, 0]
[47, 0, 29]
[47, 29, 0]
[2, 27, 47]
[2, 47, 27]
[27, 2, 47]
[27, 47, 2]
[47, 2, 27]
[47, 27, 2]
[2, 28, 44]
[2, 44, 28]
[28, 2, 44]
[28, 44, 2]
[44, 2, 28]
[44, 28, 2]
[3, 26, 44]
[3, 44, 26]
[26, 3, 44]
[26, 44, 3]
[44, 3, 26]
[44, 26, 3]
[3, 28, 43]
[3, 43, 28]
[28, 3, 43]
[28, 43, 3]
[43, 3, 28]
[43, 28, 3]
[4, 27, 43]
[4, 43, 27]
[27, 4, 43]
[27, 43, 4]
[43, 4, 27]
[43, 27, 4]
[5, 26, 41]
[5, 41, 26]
[26, 5, 41]
[26, 41, 5]
[41, 5, 26]
[41, 26, 5]
[6, 27, 39]
[6, 39, 27]
[27, 6, 39]
[27, 39, 6]
[39, 6, 27]
[39, 27, 6]
[7, 23, 42]
[7, 42, 23]
[23, 7, 42]
[23, 42, 7]
[42, 7, 23]
[42, 23, 7]
[10, 28, 36]
[10, 36, 28]
[28, 10, 36]
[28, 36, 10]
[36, 10, 28]
[36, 28, 10]
[11, 33, 35]
[11, 35, 33]
[33, 11, 35]
[33, 35, 11]
[35, 11, 33]
[35, 33, 11]
[12, 25, 40]
[12, 40, 25]
[25, 12, 40]
[25, 40, 12]
[40, 12, 25]
[40, 25, 12]
[12, 27, 34]
[12, 34, 27]
[27, 12, 34]
[27, 34, 12]
[34, 12, 27]
[34, 27, 12]
[15, 25, 37]
[15, 37, 25]
[25, 15, 37]
[25, 37, 15]
[37, 15, 25]
[37, 25, 15]
[16, 32, 32]
[32, 16, 32]
[32, 32, 16]
[17, 23, 38]
[17, 38, 23]
[23, 17, 38]
[23, 38, 17]
[38, 17, 23]
[38, 23, 17]
[18, 22, 41]
[18, 41, 22]
[22, 18, 41]
[22, 41, 18]
[41, 18, 22]
[41, 22, 18]
[18, 24, 37]
[18, 37, 24]
[24, 18, 37]
[24, 37, 18]
[37, 18, 24]
[37, 24, 18]
[20, 28, 31]
[20, 31, 28]
[28, 20, 31]
[28, 31, 20]
[31, 20, 28]
[31, 28, 20]
[22, 27, 31]
[22, 31, 27]
[27, 22, 31]
[27, 31, 22]
[31, 22, 27]
[31, 27, 22]
[23, 26, 36]
[23, 36, 26]
[26, 23, 36]
[26, 36, 23]
[36, 23, 26]
[36, 26, 23]
[25, 28, 29]
[25, 29, 28]
[28, 25, 29]
[28, 29, 25]
[29, 25, 28]
[29, 28, 25]
[0, 30, 49]
[0, 49, 30]
[30, 0, 49]
[30, 49, 0]
[49, 0, 30]
[49, 30, 0]
[1, 29, 49]
[1, 49, 29]
[29, 1, 49]
[29, 49, 1]
[49, 1, 29]
[49, 29, 1]
[2, 31, 48]
[2, 48, 31]
[31, 2, 48]
[31, 48, 2]
[48, 2, 31]
[48, 31, 2]
[4, 28, 47]
[4, 47, 28]
[28, 4, 47]
[28, 47, 4]
[47, 4, 28]
[47, 28, 4]
[4, 29, 46]
[4, 46, 29]
[29, 4, 46]
[29, 46, 4]
[46, 4, 29]
[46, 29, 4]
[5, 27, 45]
[5, 45, 27]
[27, 5, 45]
[27, 45, 5]
[45, 5, 27]
[45, 27, 5]
[5, 28, 42]
[5, 42, 28]
[28, 5, 42]
[28, 42, 5]
[42, 5, 28]
[42, 28, 5]
[6, 26, 46]
[6, 46, 26]
[26, 6, 46]
[26, 46, 6]
[46, 6, 26]
[46, 26, 6]
[9, 30, 40]
[9, 40, 30]
[30, 9, 40]
[30, 40, 9]
[40, 9, 30]
[40, 30, 9]
[10, 24, 43]
[10, 43, 24]
[24, 10, 43]
[24, 43, 10]
[43, 10, 24]
[43, 24, 10]
[12, 26, 42]
[12, 42, 26]
[26, 12, 42]
[26, 42, 12]
[42, 12, 26]
[42, 26, 12]
[13, 32, 34]
[13, 34, 32]
[32, 13, 34]
[32, 34, 13]
[34, 13, 32]
[34, 32, 13]
[14, 31, 35]
[14, 35, 31]
[31, 14, 35]
[31, 35, 14]
[35, 14, 31]
[35, 31, 14]
[18, 23, 44]
[18, 44, 23]
[23, 18, 44]
[23, 44, 18]
[44, 18, 23]
[44, 23, 18]
[19, 22, 45]
[19, 45, 22]
[22, 19, 45]
[22, 45, 19]
[45, 19, 22]
[45, 22, 19]
[19, 23, 43]
[19, 43, 23]
[23, 19, 43]
[23, 43, 19]
[43, 19, 23]
[43, 23, 19]
[19, 26, 39]
[19, 39, 26]
[26, 19, 39]
[26, 39, 19]
[39, 19, 26]
[39, 26, 19]
[20, 22, 42]
[20, 42, 22]
[22, 20, 42]
[22, 42, 20]
[42, 20, 22]
[42, 22, 20]
[20, 27, 36]
[20, 36, 27]
[27, 20, 36]
[27, 36, 20]
[36, 20, 27]
[36, 27, 20]
[20, 33, 33]
[33, 20, 33]
[33, 33, 20]
[24, 28, 33]
[24, 33, 28]
[28, 24, 33]
[28, 33, 24]
[33, 24, 28]
[33, 28, 24]
[26, 28, 32]
[26, 32, 28]
[28, 26, 32]
[28, 32, 26]
[32, 26, 28]
[32, 28, 26]
[0, 32, 52]
[0, 52, 32]
[32, 0, 52]
[32, 52, 0]
[52, 0, 32]
[52, 32, 0]
[1, 30, 51]
[1, 51, 30]
[30, 1, 51]
[30, 51, 1]
[51, 1, 30]
[51, 30, 1]
[3, 31, 50]
[3, 50, 31]
[31, 3, 50]
[31, 50, 3]
[50, 3, 31]
[50, 31, 3]
[4, 30, 48]
[4, 48, 30]
[30, 4, 48]
[30, 48, 4]
[48, 4, 30]
[48, 30, 4]
[5, 29, 50]
[5, 50, 29]
[29, 5, 50]
[29, 50, 5]
[50, 5, 29]
[50, 29, 5]
[6, 32, 45]
[6, 45, 32]
[32, 6, 45]
[32, 45, 6]
[45, 6, 32]
[45, 32, 6]
[7, 27, 49]
[7, 49, 27]
[27, 7, 49]
[27, 49, 7]
[49, 7, 27]
[49, 27, 7]
[8, 32, 42]
[8, 42, 32]
[32, 8, 42]
[32, 42, 8]
[42, 8, 32]
[42, 32, 8]
[9, 28, 45]
[9, 45, 28]
[28, 9, 45]
[28, 45, 9]
[45, 9, 28]
[45, 28, 9]
[10, 25, 45]
[10, 45, 25]
[25, 10, 45]
[25, 45, 10]
[45, 10, 25]
[45, 25, 10]
[13, 31, 41]
[13, 41, 31]
[31, 13, 41]
[31, 41, 13]
[41, 13, 31]
[41, 31, 13]
[13, 35, 40]
[13, 40, 35]
[35, 13, 40]
[35, 40, 13]
[40, 13, 35]
[40, 35, 13]
[14, 36, 37]
[14, 37, 36]
[36, 14, 37]
[36, 37, 14]
[37, 14, 36]
[37, 36, 14]
[15, 30, 43]
[15, 43, 30]
[30, 15, 43]
[30, 43, 15]
[43, 15, 30]
[43, 30, 15]
[15, 32, 38]
[15, 38, 32]
[32, 15, 38]
[32, 38, 15]
[38, 15, 32]
[38, 32, 15]
[17, 32, 36]
[17, 36, 32]
[32, 17, 36]
[32, 36, 17]
[36, 17, 32]
[36, 32, 17]
[19, 30, 41]
[19, 41, 30]
[30, 19, 41]
[30, 41, 19]
[41, 19, 30]
[41, 30, 19]
[20, 23, 47]
[20, 47, 23]
[23, 20, 47]
[23, 47, 20]
[47, 20, 23]
[47, 23, 20]
[20, 24, 46]
[20, 46, 24]
[24, 20, 46]
[24, 46, 20]
[46, 20, 24]
[46, 24, 20]
[20, 26, 43]
[20, 43, 26]
[26, 20, 43]
[26, 43, 20]
[43, 20, 26]
[43, 26, 20]
[24, 24, 44]
[24, 44, 24]
[44, 24, 24]
[26, 29, 37]
[26, 37, 29]
[29, 26, 37]
[29, 37, 26]
[37, 26, 29]
[37, 29, 26]
[28, 34, 35]
[28, 35, 34]
[34, 28, 35]
[34, 35, 28]
[35, 28, 34]
[35, 34, 28]
[0, 33, 54]
[0, 54, 33]
[33, 0, 54]
[33, 54, 0]
[54, 0, 33]
[54, 33, 0]
[1, 34, 53]
[1, 53, 34]
[34, 1, 53]
[34, 53, 1]
[53, 1, 34]
[53, 34, 1]
[2, 30, 53]
[2, 53, 30]
[30, 2, 53]
[30, 53, 2]
[53, 2, 30]
[53, 30, 2]
[2, 33, 52]
[2, 52, 33]
[33, 2, 52]
[33, 52, 2]
[52, 2, 33]
[52, 33, 2]
[4, 36, 51]
[4, 51, 36]
[36, 4, 51]
[36, 51, 4]
[51, 4, 36]
[51, 36, 4]
[5, 32, 51]
[5, 51, 32]
[32, 5, 51]
[32, 51, 5]
[51, 5, 32]
[51, 32, 5]
[6, 29, 52]
[6, 52, 29]
[29, 6, 52]
[29, 52, 6]
[52, 6, 29]
[52, 29, 6]
[6, 33, 49]
[6, 49, 33]
[33, 6, 49]
[33, 49, 6]
[49, 6, 33]
[49, 33, 6]
[7, 32, 50]
[7, 50, 32]
[32, 7, 50]
[32, 50, 7]
[50, 7, 32]
[50, 32, 7]
[7, 34, 47]
[7, 47, 34]
[34, 7, 47]
[34, 47, 7]
[47, 7, 34]
[47, 34, 7]
[8, 30, 50]
[8, 50, 30]
[30, 8, 50]
[30, 50, 8]
[50, 8, 30]
[50, 30, 8]
[10, 29, 51]
[10, 51, 29]
[29, 10, 51]
[29, 51, 10]
[51, 10, 29]
[51, 29, 10]
[10, 31, 49]
[10, 49, 31]
[31, 10, 49]
[31, 49, 10]
[49, 10, 31]
[49, 31, 10]
[10, 32, 48]
[10, 48, 32]
[32, 10, 48]
[32, 48, 10]
[48, 10, 32]
[48, 32, 10]
[11, 32, 46]
[11, 46, 32]
[32, 11, 46]
[32, 46, 11]
[46, 11, 32]
[46, 32, 11]
[12, 28, 46]
[12, 46, 28]
[28, 12, 46]
[28, 46, 12]
[46, 12, 28]
[46, 28, 12]
[14, 33, 44]
[14, 44, 33]
[33, 14, 44]
[33, 44, 14]
[44, 14, 33]
[44, 33, 14]
[14, 40, 43]
[14, 43, 40]
[40, 14, 43]
[40, 43, 14]
[43, 14, 40]
[43, 40, 14]
[15, 34, 42]
[15, 42, 34]
[34, 15, 42]
[34, 42, 15]
[42, 15, 34]
[42, 34, 15]
[16, 27, 46]
[16, 46, 27]
[27, 16, 46]
[27, 46, 16]
[46, 16, 27]
[46, 27, 16]
[17, 31, 44]
[17, 44, 31]
[31, 17, 44]
[31, 44, 17]
[44, 17, 31]
[44, 31, 17]
[17, 35, 37]
[17, 37, 35]
[35, 17, 37]
[35, 37, 17]
[37, 17, 35]
[37, 35, 17]
[18, 26, 49]
[18, 49, 26]
[26, 18, 49]
[26, 49, 18]
[49, 18, 26]
[49, 26, 18]
[21, 25, 48]
[21, 48, 25]
[25, 21, 48]
[25, 48, 21]
[48, 21, 25]
[48, 25, 21]
[23, 24, 52]
[23, 52, 24]
[24, 23, 52]
[24, 52, 23]
[52, 23, 24]
[52, 24, 23]
[25, 36, 36]
[36, 25, 36]
[36, 36, 25]
[26, 26, 45]
[26, 45, 26]
[45, 26, 26]
[27, 32, 40]
[27, 40, 32]
[32, 27, 40]
[32, 40, 27]
[40, 27, 32]
[40, 32, 27]
[30, 32, 39]
[30, 39, 32]
[32, 30, 39]
[32, 39, 30]
[39, 30, 32]
[39, 32, 30]
[0, 35, 57]
[0, 57, 35]
[35, 0, 57]
[35, 57, 0]
[57, 0, 35]
[57, 35, 0]
[3, 32, 54]
[3, 54, 32]
[32, 3, 54]
[32, 54, 3]
[54, 3, 32]
[54, 32, 3]
[4, 31, 53]
[4, 53, 31]
[31, 4, 53]
[31, 53, 4]
[53, 4, 31]
[53, 31, 4]
[5, 35, 52]
[5, 52, 35]
[35, 5, 52]
[35, 52, 5]
[52, 5, 35]
[52, 35, 5]
[6, 30, 54]
[6, 54, 30]
[30, 6, 54]
[30, 54, 6]
[54, 6, 30]
[54, 30, 6]
[11, 34, 49]
[11, 49, 34]
[34, 11, 49]
[34, 49, 11]
[49, 11, 34]
[49, 34, 11]
[12, 30, 52]
[12, 52, 30]
[30, 12, 52]
[30, 52, 12]
[52, 12, 30]
[52, 30, 12]
[13, 36, 47]
[13, 47, 36]
[36, 13, 47]
[36, 47, 13]
[47, 13, 36]
[47, 36, 13]
[15, 28, 48]
[15, 48, 28]
[28, 15, 48]
[28, 48, 15]
[48, 15, 28]
[48, 28, 15]
[16, 37, 43]
[16, 43, 37]
[37, 16, 43]
[37, 43, 16]
[43, 16, 37]
[43, 37, 16]
[16, 38, 42]
[16, 42, 38]
[38, 16, 42]
[38, 42, 16]
[42, 16, 38]
[42, 38, 16]
[18, 35, 47]
[18, 47, 35]
[35, 18, 47]
[35, 47, 18]
[47, 18, 35]
[47, 35, 18]
[19, 37, 42]
[19, 42, 37]
[37, 19, 42]
[37, 42, 19]
[42, 19, 37]
[42, 37, 19]
[20, 37, 39]
[20, 39, 37]
[37, 20, 39]
[37, 39, 20]
[39, 20, 37]
[39, 37, 20]
[21, 31, 47]
[21, 47, 31]
[31, 21, 47]
[31, 47, 21]
[47, 21, 31]
[47, 31, 21]
[22, 30, 46]
[22, 46, 30]
[30, 22, 46]
[30, 46, 22]
[46, 22, 30]
[46, 30, 22]
[23, 25, 55]
[23, 55, 25]
[25, 23, 55]
[25, 55, 23]
[55, 23, 25]
[55, 25, 23]
[24, 26, 53]
[24, 53, 26]
[26, 24, 53]
[26, 53, 24]
[53, 24, 26]
[53, 26, 24]
[24, 27, 48]
[24, 48, 27]
[27, 24, 48]
[27, 48, 24]
[48, 24, 27]
[48, 27, 24]
[29, 32, 44]
[29, 44, 32]
[32, 29, 44]
[32, 44, 29]
[44, 29, 32]
[44, 32, 29]
[29, 34, 41]
[29, 41, 34]
[34, 29, 41]
[34, 41, 29]
[41, 29, 34]
[41, 34, 29]
[30, 37, 38]
[30, 38, 37]
[37, 30, 38]
[37, 38, 30]
[38, 30, 37]
[38, 37, 30]
[31, 33, 43]
[31, 43, 33]
[33, 31, 43]
[33, 43, 31]
[43, 31, 33]
[43, 33, 31]
[0, 37, 60]
[0, 60, 37]
[37, 0, 60]
[37, 60, 0]
[60, 0, 37]
[60, 37, 0]
[1, 35, 59]
[1, 59, 35]
[35, 1, 59]
[35, 59, 1]
[59, 1, 35]
[59, 35, 1]
[2, 36, 57]
[2, 57, 36]
[36, 2, 57]
[36, 57, 2]
[57, 2, 36]
[57, 36, 2]
[3, 34, 57]
[3, 57, 34]
[34, 3, 57]
[34, 57, 3]
[57, 3, 34]
[57, 34, 3]
[3, 36, 56]
[3, 56, 36]
[36, 3, 56]
[36, 56, 3]
[56, 3, 36]
[56, 36, 3]
[4, 33, 56]
[4, 56, 33]
[33, 4, 56]
[33, 56, 4]
[56, 4, 33]
[56, 33, 4]
[4, 34, 54]
[4, 54, 34]
[34, 4, 54]
[34, 54, 4]
[54, 4, 34]
[54, 34, 4]
[5, 31, 55]
[5, 55, 31]
[31, 5, 55]
[31, 55, 5]
[55, 5, 31]
[55, 31, 5]
[9, 32, 53]
[9, 53, 32]
[32, 9, 53]
[32, 53, 9]
[53, 9, 32]
[53, 32, 9]
[12, 31, 54]
[12, 54, 31]
[31, 12, 54]
[31, 54, 12]
[54, 12, 31]
[54, 31, 12]
[13, 37, 49]
[13, 49, 37]
[37, 13, 49]
[37, 49, 13]
[49, 13, 37]
[49, 37, 13]
[16, 41, 48]
[16, 48, 41]
[41, 16, 48]
[41, 48, 16]
[48, 16, 41]
[48, 41, 16]
[17, 41, 46]
[17, 46, 41]
[41, 17, 46]
[41, 46, 17]
[46, 17, 41]
[46, 41, 17]
[18, 30, 55]
[18, 55, 30]
[30, 18, 55]
[30, 55, 18]
[55, 18, 30]
[55, 30, 18]
[18, 38, 48]
[18, 48, 38]
[38, 18, 48]
[38, 48, 18]
[48, 18, 38]
[48, 38, 18]
[18, 42, 45]
[18, 45, 42]
[42, 18, 45]
[42, 45, 18]
[45, 18, 42]
[45, 42, 18]
[19, 35, 51]
[19, 51, 35]
[35, 19, 51]
[35, 51, 19]
[51, 19, 35]
[51, 35, 19]
[20, 29, 48]
[20, 48, 29]
[29, 20, 48]
[29, 48, 20]
[48, 20, 29]
[48, 29, 20]
[22, 28, 52]
[22, 52, 28]
[28, 22, 52]
[28, 52, 22]
[52, 22, 28]
[52, 28, 22]
[23, 41, 45]
[23, 45, 41]
[41, 23, 45]
[41, 45, 23]
[45, 23, 41]
[45, 41, 23]
[25, 27, 50]
[25, 50, 27]
[27, 25, 50]
[27, 50, 25]
[50, 25, 27]
[50, 27, 25]
[27, 41, 41]
[41, 27, 41]
[41, 41, 27]
[28, 38, 41]
[28, 41, 38]
[38, 28, 41]
[38, 41, 28]
[41, 28, 38]
[41, 38, 28]
[29, 39, 40]
[29, 40, 39]
[39, 29, 40]
[39, 40, 29]
[40, 29, 39]
[40, 39, 29]
[30, 34, 44]
[30, 44, 34]
[34, 30, 44]
[34, 44, 30]
[44, 30, 34]
[44, 34, 30]
[32, 35, 41]
[32, 41, 35]
[35, 32, 41]
[35, 41, 32]
[41, 32, 35]
[41, 35, 32]
[5, 33, 58]
[5, 58, 33]
[33, 5, 58]
[33, 58, 5]
[58, 5, 33]
[58, 33, 5]
[6, 34, 55]
[6, 55, 34]
[34, 6, 55]
[34, 55, 6]
[55, 6, 34]
[55, 34, 6]
[8, 36, 54]
[8, 54, 36]
[36, 8, 54]
[36, 54, 8]
[54, 8, 36]
[54, 36, 8]
[9, 35, 54]
[9, 54, 35]
[35, 9, 54]
[35, 54, 9]
[54, 9, 35]
[54, 35, 9]
[12, 32, 57]
[12, 57, 32]
[32, 12, 57]
[32, 57, 12]
[57, 12, 32]
[57, 32, 12]
[13, 44, 50]
[13, 50, 44]
[44, 13, 50]
[44, 50, 13]
[50, 13, 44]
[50, 44, 13]
[15, 36, 53]
[15, 53, 36]
[36, 15, 53]
[36, 53, 15]
[53, 15, 36]
[53, 36, 15]
[16, 33, 53]
[16, 53, 33]
[33, 16, 53]
[33, 53, 16]
[53, 16, 33]
[53, 33, 16]
[17, 42, 52]
[17, 52, 42]
[42, 17, 52]
[42, 52, 17]
[52, 17, 42]
[52, 42, 17]
[17, 47, 48]
[17, 48, 47]
[47, 17, 48]
[47, 48, 17]
[48, 17, 47]
[48, 47, 17]
[19, 46, 48]
[19, 48, 46]
[46, 19, 48]
[46, 48, 19]
[48, 19, 46]
[48, 46, 19]
[21, 33, 50]
[21, 50, 33]
[33, 21, 50]
[33, 50, 21]
[50, 21, 33]
[50, 33, 21]
[21, 43, 49]
[21, 49, 43]
[43, 21, 49]
[43, 49, 21]
[49, 21, 43]
[49, 43, 21]
[22, 29, 54]
[22, 54, 29]
[29, 22, 54]
[29, 54, 22]
[54, 22, 29]
[54, 29, 22]
[22, 37, 48]
[22, 48, 37]
[37, 22, 48]
[37, 48, 22]
[48, 22, 37]
[48, 37, 22]
[23, 32, 49]
[23, 49, 32]
[32, 23, 49]
[32, 49, 23]
[49, 23, 32]
[49, 32, 23]
[25, 44, 47]
[25, 47, 44]
[44, 25, 47]
[44, 47, 25]
[47, 25, 44]
[47, 44, 25]
[26, 27, 54]
[26, 54, 27]
[27, 26, 54]
[27, 54, 26]
[54, 26, 27]
[54, 27, 26]
[27, 28, 51]
[27, 51, 28]
[28, 27, 51]
[28, 51, 27]
[51, 27, 28]
[51, 28, 27]
[31, 39, 45]
[31, 45, 39]
[39, 31, 45]
[39, 45, 31]
[45, 31, 39]
[45, 39, 31]
[31, 40, 42]
[31, 42, 40]
[40, 31, 42]
[40, 42, 31]
[42, 31, 40]
[42, 40, 31]
[32, 37, 47]
[32, 47, 37]
[37, 32, 47]
[37, 47, 32]
[47, 32, 37]
[47, 37, 32]
[33, 37, 45]
[33, 45, 37]
[37, 33, 45]
[37, 45, 33]
[45, 33, 37]
[45, 37, 33]
[35, 35, 48]
[35, 48, 35]
[48, 35, 35]
[5, 37, 59]
[5, 59, 37]
[37, 5, 59]
[37, 59, 5]
[59, 5, 37]
[59, 37, 5]
[6, 35, 60]
[6, 60, 35]
[35, 6, 60]
[35, 60, 6]
[60, 6, 35]
[60, 35, 6]
[6, 36, 58]
[6, 58, 36]
[36, 6, 58]
[36, 58, 6]
[58, 6, 36]
[58, 36, 6]
[6, 38, 56]
[6, 56, 38]
[38, 6, 56]
[38, 56, 6]
[56, 6, 38]
[56, 38, 6]
[8, 34, 56]
[8, 56, 34]
[34, 8, 56]
[34, 56, 8]
[56, 8, 34]
[56, 34, 8]
[13, 33, 59]
[13, 59, 33]
[33, 13, 59]
[33, 59, 13]
[59, 13, 33]
[59, 33, 13]
[14, 45, 53]
[14, 53, 45]
[45, 14, 53]
[45, 53, 14]
[53, 14, 45]
[53, 45, 14]
[14, 47, 52]
[14, 52, 47]
[47, 14, 52]
[47, 52, 14]
[52, 14, 47]
[52, 47, 14]
[19, 36, 55]
[19, 55, 36]
[36, 19, 55]
[36, 55, 19]
[55, 19, 36]
[55, 36, 19]
[20, 44, 51]
[20, 51, 44]
[44, 20, 51]
[44, 51, 20]
[51, 20, 44]
[51, 44, 20]
[24, 30, 58]
[24, 58, 30]
[30, 24, 58]
[30, 58, 24]
[58, 24, 30]
[58, 30, 24]
[24, 38, 49]
[24, 49, 38]
[38, 24, 49]
[38, 49, 24]
[49, 24, 38]
[49, 38, 24]
[25, 32, 56]
[25, 56, 32]
[32, 25, 56]
[32, 56, 25]
[56, 25, 32]
[56, 32, 25]
[25, 33, 51]
[25, 51, 33]
[33, 25, 51]
[33, 51, 25]
[51, 25, 33]
[51, 33, 25]
[25, 35, 49]
[25, 49, 35]
[35, 25, 49]
[35, 49, 25]
[49, 25, 35]
[49, 35, 25]
[26, 30, 56]
[26, 56, 30]
[30, 26, 56]
[30, 56, 26]
[56, 26, 30]
[56, 30, 26]
[27, 29, 58]
[27, 58, 29]
[29, 27, 58]
[29, 58, 27]
[58, 27, 29]
[58, 29, 27]
[30, 45, 47]
[30, 47, 45]
[45, 30, 47]
[45, 47, 30]
[47, 30, 45]
[47, 45, 30]
[33, 41, 42]
[33, 42, 41]
[41, 33, 42]
[41, 42, 33]
[42, 33, 41]
[42, 41, 33]
[34, 40, 46]
[34, 46, 40]
[40, 34, 46]
[40, 46, 34]
[46, 34, 40]
[46, 40, 34]
[7, 38, 58]
[7, 58, 38]
[38, 7, 58]
[38, 58, 7]
[58, 7, 38]
[58, 38, 7]
[8, 35, 58]
[8, 58, 35]
[35, 8, 58]
[35, 58, 8]
[58, 8, 35]
[58, 35, 8]
[9, 34, 60]
[9, 60, 34]
[34, 9, 60]
[34, 60, 9]
[60, 9, 34]
[60, 34, 9]
[9, 39, 57]
[9, 57, 39]
[39, 9, 57]
[39, 57, 9]
[57, 9, 39]
[57, 39, 9]
[11, 37, 57]
[11, 57, 37]
[37, 11, 57]
[37, 57, 11]
[57, 11, 37]
[57, 37, 11]
[11, 39, 56]
[11, 56, 39]
[39, 11, 56]
[39, 56, 11]
[56, 11, 39]
[56, 39, 11]
[14, 48, 55]
[14, 55, 48]
[48, 14, 55]
[48, 55, 14]
[55, 14, 48]
[55, 48, 14]
[15, 50, 54]
[15, 54, 50]
[50, 15, 54]
[50, 54, 15]
[54, 15, 50]
[54, 50, 15]
[18, 52, 53]
[18, 53, 52]
[52, 18, 53]
[52, 53, 18]
[53, 18, 52]
[53, 52, 18]
[22, 47, 55]
[22, 55, 47]
[47, 22, 55]
[47, 55, 22]
[55, 22, 47]
[55, 47, 22]
[23, 46, 51]
[23, 51, 46]
[46, 23, 51]
[46, 51, 23]
[51, 23, 46]
[51, 46, 23]
[25, 30, 60]
[25, 60, 30]
[30, 25, 60]
[30, 60, 25]
[60, 25, 30]
[60, 30, 25]
[25, 34, 59]
[25, 59, 34]
[34, 25, 59]
[34, 59, 25]
[59, 25, 34]
[59, 34, 25]
[25, 39, 54]
[25, 54, 39]
[39, 25, 54]
[39, 54, 25]
[54, 25, 39]
[54, 39, 25]
[26, 31, 59]
[26, 59, 31]
[31, 26, 59]
[31, 59, 26]
[59, 26, 31]
[59, 31, 26]
[27, 35, 55]
[27, 55, 35]
[35, 27, 55]
[35, 55, 27]
[55, 27, 35]
[55, 35, 27]
[27, 37, 52]
[27, 52, 37]
[37, 27, 52]
[37, 52, 27]
[52, 27, 37]
[52, 37, 27]
[30, 30, 57]
[30, 57, 30]
[57, 30, 30]
[31, 31, 56]
[31, 56, 31]
[56, 31, 31]
[31, 36, 52]
[31, 52, 36]
[36, 31, 52]
[36, 52, 31]
[52, 31, 36]
[52, 36, 31]
[32, 33, 55]
[32, 55, 33]
[33, 32, 55]
[33, 55, 32]
[55, 32, 33]
[55, 33, 32]
[34, 37, 50]
[34, 50, 37]
[37, 34, 50]
[37, 50, 34]
[50, 34, 37]
[50, 37, 34]
[35, 42, 46]
[35, 46, 42]
[42, 35, 46]
[42, 46, 35]
[46, 35, 42]
[46, 42, 35]
[38, 43, 45]
[38, 45, 43]
[43, 38, 45]
[43, 45, 38]
[45, 38, 43]
[45, 43, 38]
[8, 39, 60]
[8, 60, 39]
[39, 8, 60]
[39, 60, 8]
[60, 8, 39]
[60, 39, 8]
[11, 36, 59]
[11, 59, 36]
[36, 11, 59]
[36, 59, 11]
[59, 11, 36]
[59, 36, 11]
[13, 42, 58]
[13, 58, 42]
[42, 13, 58]
[42, 58, 13]
[58, 13, 42]
[58, 42, 13]
[20, 45, 56]
[20, 56, 45]
[45, 20, 56]
[45, 56, 20]
[56, 20, 45]
[56, 45, 20]
[21, 37, 58]
[21, 58, 37]
[37, 21, 58]
[37, 58, 21]
[58, 21, 37]
[58, 37, 21]
[21, 52, 55]
[21, 55, 52]
[52, 21, 55]
[52, 55, 21]
[55, 21, 52]
[55, 52, 21]
[24, 42, 56]
[24, 56, 42]
[42, 24, 56]
[42, 56, 24]
[56, 24, 42]
[56, 42, 24]
[24, 47, 54]
[24, 54, 47]
[47, 24, 54]
[47, 54, 24]
[54, 24, 47]
[54, 47, 24]
[27, 33, 60]
[27, 60, 33]
[33, 27, 60]
[33, 60, 27]
[60, 27, 33]
[60, 33, 27]
[28, 39, 55]
[28, 55, 39]
[39, 28, 55]
[39, 55, 28]
[55, 28, 39]
[55, 39, 28]
[28, 40, 54]
[28, 54, 40]
[40, 28, 54]
[40, 54, 28]
[54, 28, 40]
[54, 40, 28]
[31, 51, 51]
[51, 31, 51]
[51, 51, 31]
[33, 38, 57]
[33, 57, 38]
[38, 33, 57]
[38, 57, 33]
[57, 33, 38]
[57, 38, 33]
[34, 34, 58]
[34, 58, 34]
[58, 34, 34]
[34, 43, 52]
[34, 52, 43]
[43, 34, 52]
[43, 52, 34]
[52, 34, 43]
[52, 43, 34]
[34, 48, 51]
[34, 51, 48]
[48, 34, 51]
[48, 51, 34]
[51, 34, 48]
[51, 48, 34]
[36, 43, 48]
[36, 48, 43]
[43, 36, 48]
[43, 48, 36]
[48, 36, 43]
[48, 43, 36]
[37, 37, 54]
[37, 54, 37]
[54, 37, 37]
[12, 38, 59]
[12, 59, 38]
[38, 12, 59]
[38, 59, 12]
[59, 12, 38]
[59, 38, 12]
[19, 52, 58]
[19, 58, 52]
[52, 19, 58]
[52, 58, 19]
[58, 19, 52]
[58, 52, 19]
[20, 49, 57]
[20, 57, 49]
[49, 20, 57]
[49, 57, 20]
[57, 20, 49]
[57, 49, 20]
[21, 36, 60]
[21, 60, 36]
[36, 21, 60]
[36, 60, 21]
[60, 21, 36]
[60, 36, 21]
[22, 56, 56]
[56, 22, 56]
[56, 56, 22]
[26, 48, 57]
[26, 57, 48]
[48, 26, 57]
[48, 57, 26]
[57, 26, 48]
[57, 48, 26]
[35, 44, 56]
[35, 56, 44]
[44, 35, 56]
[44, 56, 35]
[56, 35, 44]
[56, 44, 35]
[35, 50, 53]
[35, 53, 50]
[50, 35, 53]
[50, 53, 35]
[53, 35, 50]
[53, 50, 35]
[38, 44, 53]
[38, 53, 44]
[44, 38, 53]
[44, 53, 38]
[53, 38, 44]
[53, 44, 38]
[38, 46, 50]
[38, 50, 46]
[46, 38, 50]
[46, 50, 38]
[50, 38, 46]
[50, 46, 38]
[16, 44, 59]
[16, 59, 44]
[44, 16, 59]
[44, 59, 16]
[59, 16, 44]
[59, 44, 16]
[21, 39, 59]
[21, 59, 39]
[39, 21, 59]
[39, 59, 21]
[59, 21, 39]
[59, 39, 21]
[25, 53, 57]
[25, 57, 53]
[53, 25, 57]
[53, 57, 25]
[57, 25, 53]
[57, 53, 25]
[31, 38, 60]
[31, 60, 38]
[38, 31, 60]
[38, 60, 31]
[60, 31, 38]
[60, 38, 31]
[37, 53, 55]
[37, 55, 53]
[53, 37, 55]
[53, 55, 37]
[55, 37, 53]
[55, 53, 37]
[39, 48, 53]
[39, 53, 48]
[48, 39, 53]
[48, 53, 39]
[53, 39, 48]
[53, 48, 39]
[40, 51, 52]
[40, 52, 51]
[51, 40, 52]
[51, 52, 40]
[52, 40, 51]
[52, 51, 40]
[43, 46, 57]
[43, 57, 46]
[46, 43, 57]
[46, 57, 43]
[57, 43, 46]
[57, 46, 43]
[44, 45, 57]
[44, 57, 45]
[45, 44, 57]
[45, 57, 44]
[57, 44, 45]
[57, 45, 44]
[18, 46, 60]
[18, 60, 46]
[46, 18, 60]
[46, 60, 18]
[60, 18, 46]
[60, 46, 18]
[23, 56, 59]
[23, 59, 56]
[56, 23, 59]
[56, 59, 23]
[59, 23, 56]
[59, 56, 23]
[24, 51, 59]
[24, 59, 51]
[51, 24, 59]
[51, 59, 24]
[59, 24, 51]
[59, 51, 24]
[28, 53, 58]
[28, 58, 53]
[53, 28, 58]
[53, 58, 28]
[58, 28, 53]
[58, 53, 28]
[29, 42, 60]
[29, 60, 42]
[42, 29, 60]
[42, 60, 29]
[60, 29, 42]
[60, 42, 29]
[40, 41, 59]
[40, 59, 41]
[41, 40, 59]
[41, 59, 40]
[59, 40, 41]
[59, 41, 40]
[40, 50, 56]
[40, 56, 50]
[50, 40, 56]
[50, 56, 40]
[56, 40, 50]
[56, 50, 40]
[41, 49, 56]
[41, 56, 49]
[49, 41, 56]
[49, 56, 41]
[56, 41, 49]
[56, 49, 41]
[41, 52, 54]
[41, 54, 52]
[52, 41, 54]
[52, 54, 41]
[54, 41, 52]
[54, 52, 41]
[44, 48, 54]
[44, 54, 48]
[48, 44, 54]
[48, 54, 44]
[54, 44, 48]
[54, 48, 44]
[22, 57, 60]
[22, 60, 57]
[57, 22, 60]
[57, 60, 22]
[60, 22, 57]
[60, 57, 22]
[27, 57, 59]
[27, 59, 57]
[57, 27, 59]
[57, 59, 27]
[59, 27, 57]
[59, 57, 27]
[39, 58, 58]
[58, 39, 58]
[58, 58, 39]
[40, 44, 60]
[40, 60, 44]
[44, 40, 60]
[44, 60, 40]
[60, 40, 44]
[60, 44, 40]
[40, 57, 57]
[57, 40, 57]
[57, 57, 40]
[41, 43, 60]
[41, 60, 43]
[43, 41, 60]
[43, 60, 41]
[60, 41, 43]
[60, 43, 41]
[42, 49, 59]
[42, 59, 49]
[49, 42, 59]
[49, 59, 42]
[59, 42, 49]
[59, 49, 42]
[30, 59, 59]
[59, 30, 59]
[59, 59, 30]
[43, 54, 59]
[43, 59, 54]
[54, 43, 59]
[54, 59, 43]
[59, 43, 54]
[59, 54, 43]
[45, 59, 60]
[45, 60, 59]
[59, 45, 60]
[59, 60, 45]
[60, 45, 59]
[60, 59, 45]
