[0, 0, 0]
[0, 1, 2]
[0, 3, 5]
[0, 4, 7]
[0, 6, 10]
[0, 8, 13]
[0, 9, 15]
[0, 11, 18]
[0, 12, 20]
[0, 14, 23]
[0, 16, 26]
[0, 17, 28]
[0, 19, 31]
[0, 21, 34]
[0, 22, 36]
[0, 24, 39]
[0, 25, 41]
[0, 27, 44]
[0, 29, 47]
[0, 30, 49]
[0, 32, 52]
[0, 33, 54]
[0, 35, 57]
[0, 37, 60]
[1, 1, 4]
[1, 3, 3]
[1, 5, 6]
[1, 7, 12]
[1, 8, 15]
[1, 9, 17]
[1, 10, 14]
[1, 11, 20]
[1, 13, 19]
[1, 16, 28]
[1, 18, 31]
[1, 21, 32]
[1, 22, 38]
[1, 23, 33]
[1, 24, 41]
[1, 25, 43]
[1, 26, 40]
[1, 27, 42]
[1, 29, 49]
[1, 30, 51]
[1, 34, 53]
[1, 35, 59]
[2, 2, 6]
[2, 3, 8]
[2, 4, 10]
[2, 5, 12]
[2, 7, 7]
[2, 9, 11]
[2, 13, 16]
[2, 14, 24]
[2, 15, 23]
[2, 17, 26]
[2, 18, 29]
[2, 19, 34]
[2, 20, 32]
[2, 21, 35]
[2, 22, 40]
[2, 25, 38]
[2, 27, 47]
[2, 28, 44]
[2, 30, 53]
[2, 31, 48]
[2, 33, 52]
[2, 36, 57]
[3, 4, 4]
[3, 6, 9]
[3, 7, 11]
[3, 10, 18]
[3, 12, 13]
[3, 14, 27]
[3, 15, 22]
[3, 16, 25]
[3, 17, 29]
[3, 19, 33]
[3, 20, 30]
[3, 21, 38]
[3, 23, 39]
[3, 24, 35]
[3, 26, 44]
[3, 28, 43]
[3, 31, 50]
[3, 32, 54]
[3, 34, 57]
[3, 36, 56]
[4, 5, 11]
[4, 6, 15]
[4, 8, 19]
[4, 9, 12]
[4, 13, 23]
[4, 14, 16]
[4, 17, 21]
[4, 18, 32]
[4, 20, 25]
[4, 22, 35]
[4, 24, 45]
[4, 26, 38]
[4, 27, 43]
[4, 28, 47]
[4, 29, 46]
[4, 30, 48]
[4, 31, 53]
[4, 33, 56]
[4, 34, 54]
[4, 36, 51]
[5, 5, 7]
[5, 8, 8]
[5, 9, 18]
[5, 10, 16]
[5, 13, 25]
[5, 14, 22]
[5, 15, 19]
[5, 17, 30]
[5, 20, 21]
[5, 23, 34]
[5, 24, 40]
[5, 26, 41]
[5, 27, 45]
[5, 28, 42]
[5, 29, 50]
[5, 31, 55]
[5, 32, 51]
[5, 33, 58]
[5, 35, 52]
[5, 37, 59]
[6, 6, 11]
[6, 7, 16]
[6, 8, 22]
[6, 12, 14]
[6, 13, 28]
[6, 17, 25]
[6, 18, 21]
[6, 19, 20]
[6, 23, 40]
[6, 24, 31]
[6, 26, 46]
[6, 27, 39]
[6, 29, 52]
[6, 30, 54]
[6, 32, 45]
[6, 33, 49]
[6, 34, 55]
[6, 35, 60]
[6, 36, 58]
[6, 38, 56]
[7, 8, 24]
[7, 9, 21]
[7, 10, 19]
[7, 13, 20]
[7, 14, 17]
[7, 15, 29]
[7, 18, 33]
[7, 22, 39]
[7, 23, 42]
[7, 25, 26]
[7, 27, 49]
[7, 28, 30]
[7, 31, 37]
[7, 32, 50]
[7, 34, 47]
[7, 38, 58]
[8, 9, 20]
[8, 10, 12]
[8, 11, 16]
[8, 14, 26]
[8, 17, 17]
[8, 18, 25]
[8, 21, 27]
[8, 23, 31]
[8, 28, 37]
[8, 29, 33]
[8, 30, 50]
[8, 32, 42]
[8, 34, 56]
[8, 35, 58]
[8, 36, 54]
[8, 39, 60]
[9, 9, 10]
[9, 13, 13]
[9, 14, 25]
[9, 16, 22]
[9, 19, 24]
[9, 23, 27]
[9, 26, 33]
[9, 28, 45]
[9, 29, 31]
[9, 30, 40]
[9, 32, 53]
[9, 34, 60]
[9, 35, 54]
[9, 39, 57]
[10, 10, 17]
[10, 11, 21]
[10, 13, 27]
[10, 15, 20]
[10, 22, 23]
[10, 24, 43]
[10, 25, 45]
[10, 26, 35]
[10, 28, 36]
[10, 29, 51]
[10, 30, 33]
[10, 31, 49]
[10, 32, 48]
[11, 11, 23]
[11, 12, 15]
[11, 13, 26]
[11, 14, 30]
[11, 17, 27]
[11, 19, 28]
[11, 22, 44]
[11, 24, 29]
[11, 25, 31]
[11, 32, 46]
[11, 33, 35]
[11, 34, 49]
[11, 36, 59]
[11, 37, 57]
[11, 39, 56]
[12, 12, 21]
[12, 16, 29]
[12, 17, 18]
[12, 19, 19]
[12, 22, 33]
[12, 23, 37]
[12, 24, 36]
[12, 25, 40]
[12, 26, 42]
[12, 27, 34]
[12, 28, 46]
[12, 30, 52]
[12, 31, 54]
[12, 32, 57]
[12, 38, 59]
[13, 14, 38]
[13, 15, 18]
[13, 17, 24]
[13, 21, 21]
[13, 22, 43]
[13, 29, 30]
[13, 31, 41]
[13, 32, 34]
[13, 33, 59]
[13, 35, 40]
[13, 36, 47]
[13, 37, 49]
[13, 42, 58]
[13, 44, 50]
[14, 14, 28]
[14, 15, 41]
[14, 18, 20]
[14, 19, 32]
[14, 21, 42]
[14, 29, 29]
[14, 31, 35]
[14, 33, 44]
[14, 36, 37]
[14, 40, 43]
[14, 45, 53]
[14, 47, 52]
[14, 48, 55]
[15, 15, 26]
[15, 16, 31]
[15, 17, 33]
[15, 21, 24]
[15, 25, 37]
[15, 27, 27]
[15, 28, 48]
[15, 30, 43]
[15, 32, 38]
[15, 34, 42]
[15, 36, 53]
[15, 50, 54]
[16, 16, 24]
[16, 17, 19]
[16, 18, 36]
[16, 20, 34]
[16, 21, 30]
[16, 23, 35]
[16, 27, 46]
[16, 32, 32]
[16, 33, 53]
[16, 37, 43]
[16, 38, 42]
[16, 41, 48]
[16, 44, 59]
[17, 20, 40]
[17, 22, 34]
[17, 23, 38]
[17, 31, 44]
[17, 32, 36]
[17, 35, 37]
[17, 41, 46]
[17, 42, 52]
[17, 47, 48]
[18, 18, 34]
[18, 19, 27]
[18, 22, 41]
[18, 23, 44]
[18, 24, 37]
[18, 26, 49]
[18, 28, 28]
[18, 30, 55]
[18, 35, 47]
[18, 38, 48]
[18, 42, 45]
[18, 46, 60]
[18, 52, 53]
[19, 21, 29]
[19, 22, 45]
[19, 23, 43]
[19, 25, 25]
[19, 26, 39]
[19, 30, 41]
[19, 35, 51]
[19, 36, 55]
[19, 37, 42]
[19, 46, 48]
[19, 52, 58]
[20, 20, 35]
[20, 22, 42]
[20, 23, 47]
[20, 24, 46]
[20, 26, 43]
[20, 27, 36]
[20, 28, 31]
[20, 29, 48]
[20, 33, 33]
[20, 37, 39]
[20, 44, 51]
[20, 45, 56]
[20, 49, 57]
[21, 22, 26]
[21, 23, 28]
[21, 25, 48]
[21, 31, 47]
[21, 33, 50]
[21, 36, 60]
[21, 37, 58]
[21, 39, 59]
[21, 43, 49]
[21, 52, 55]
[22, 22, 32]
[22, 24, 25]
[22, 27, 31]
[22, 28, 52]
[22, 29, 54]
[22, 30, 46]
[22, 37, 48]
[22, 47, 55]
[22, 56, 56]
[22, 57, 60]
[23, 23, 29]
[23, 24, 52]
[23, 25, 55]
[23, 26, 36]
[23, 32, 49]
[23, 41, 45]
[23, 46, 51]
[23, 56, 59]
[24, 24, 44]
[24, 26, 53]
[24, 27, 48]
[24, 28, 33]
[24, 30, 58]
[24, 38, 49]
[24, 42, 56]
[24, 47, 54]
[24, 51, 59]
[25, 27, 50]
[25, 28, 29]
[25, 30, 60]
[25, 32, 56]
[25, 33, 51]
[25, 34, 59]
[25, 35, 49]
[25, 36, 36]
[25, 39, 54]
[25, 44, 47]
[25, 53, 57]
[26, 26, 45]
[26, 27, 54]
[26, 28, 32]
[26, 29, 37]
[26, 30, 56]
[26, 31, 59]
[26, 48, 57]
[27, 28, 51]
[27, 29, 58]
[27, 32, 40]
[27, 33, 60]
[27, 35, 55]
[27, 37, 52]
[27, 41, 41]
[27, 57, 59]
[28, 34, 35]
[28, 38, 41]
[28, 39, 55]
[28, 40, 54]
[28, 53, 58]
[29, 32, 44]
[29, 34, 41]
[29, 39, 40]
[29, 42, 60]
[30, 30, 57]
[30, 32, 39]
[30, 34, 44]
[30, 37, 38]
[30, 45, 47]
[30, 59, 59]
[31, 31, 56]
[31, 33, 43]
[31, 36, 52]
[31, 38, 60]
[31, 39, 45]
[31, 40, 42]
[31, 51, 51]
[32, 33, 55]
[32, 35, 41]
[32, 37, 47]
[33, 37, 45]
[33, 38, 57]
[33, 41, 42]
[34, 34, 58]
[34, 37, 50]
[34, 40, 46]
[34, 43, 52]
[34, 48, 51]
[35, 35, 48]
[35, 42, 46]
[35, 44, 56]
[35, 50, 53]
[36, 43, 48]
[37, 37, 54]
[37, 53, 55]
[38, 43, 45]
[38, 44, 53]
[38, 46, 50]
[39, 48, 53]
[39, 58, 58]
[40, 41, 59]
[40, 44, 60]
[40, 50, 56]
[40, 51, 52]
[40, 57, 57]
[41, 43, 60]
[41, 49, 56]
[41, 52, 54]
[42, 49, 59]
[43, 46, 57]
[43, 54, 59]
[44, 45, 57]
[44, 48, 54]
[45, 59, 60]
