[0, 0, 0]
[0, 1, 2]
[0, 2, 1]
[1, 0, 2]
[1, 2, 0]
[0, 3, 5]
[0, 5, 3]
[1, 1, 4]
[1, 4, 1]
[1, 3, 3]
[0, 4, 7]
[0, 7, 4]
[1, 5, 6]
[1, 6, 5]
[0, 6, 10]
[0, 10, 6]
[0, 8, 13]
[0, 13, 8]
[1, 7, 12]
[1, 12, 7]
[0, 9, 15]
[0, 15, 9]
[1, 8, 15]
[1, 15, 8]
[1, 10, 14]
[1, 14, 10]
[0, 11, 18]
[0, 18, 11]
[1, 9, 17]
[1, 17, 9]
[0, 12, 20]
[0, 20, 12]
[1, 11, 20]
[1, 20, 11]
[1, 13, 19]
[1, 19, 13]
[0, 14, 23]
[0, 23, 14]
[0, 16, 26]
[0, 26, 16]
[0, 17, 28]
[0, 28, 17]
[1, 16, 28]
[1, 28, 16]
[0, 19, 31]
[0, 31, 19]
[1, 18, 31]
[1, 31, 18]
[0, 21, 34]
[0, 34, 21]
[1, 21, 32]
[1, 32, 21]
[0, 22, 36]
[0, 36, 22]
[1, 23, 33]
[1, 33, 23]
[0, 24, 39]
[0, 39, 24]
[1, 22, 38]
[1, 38, 22]
[0, 25, 41]
[0, 41, 25]
[1, 24, 41]
[1, 41, 24]
[1, 26, 40]
[1, 40, 26]
[0, 27, 44]
[0, 44, 27]
[1, 25, 43]
[1, 43, 25]
[1, 27, 42]
[1, 42, 27]
[0, 29, 47]
[0, 47, 29]
[0, 30, 49]
[0, 49, 30]
[1, 29, 49]
[1, 49, 29]
[0, 32, 52]
[0, 52, 32]
[1, 30, 51]
[1, 51, 30]
[0, 33, 54]
[0, 54, 33]
[1, 34, 53]
[1, 53, 34]
[0, 35, 57]
[0, 57, 35]
[0, 37, 60]
[0, 60, 37]
[1, 35, 59]
[1, 59, 35]
[0, 38, 62]
[0, 62, 38]
[1, 36, 61]
[1, 61, 36]
[0, 40, 65]
[0, 65, 40]
[1, 37, 63]
[1, 63, 37]
[0, 42, 68]
[0, 68, 42]
[1, 39, 66]
[1, 66, 39]
[0, 43, 70]
[0, 70, 43]
[1, 44, 67]
[1, 67, 44]
[0, 45, 73]
[0, 73, 45]
[1, 46, 68]
[1, 68, 46]
[0, 46, 75]
[0, 75, 46]
[1, 45, 75]
[1, 75, 45]
[0, 48, 78]
[0, 78, 48]
[1, 47, 78]
[1, 78, 47]
[1, 48, 76]
[1, 76, 48]
[0, 50, 81]
[0, 81, 50]
[1, 50, 79]
[1, 79, 50]
[0, 51, 83]
[0, 83, 51]
[0, 53, 86]
[0, 86, 53]
[1, 52, 85]
[1, 85, 52]
[0, 55, 89]
[0, 89, 55]
[1, 54, 88]
[1, 88, 54]
[1, 55, 87]
[1, 87, 55]
[0, 56, 91]
[0, 91, 56]
[0, 58, 94]
[0, 94, 58]
[1, 56, 93]
[1, 93, 56]
[0, 59, 96]
[0, 96, 59]
[1, 57, 95]
[1, 95, 57]
[0, 61, 99]
[0, 99, 61]
[1, 58, 97]
[1, 97, 58]
[0, 63, 102]
[0, 102, 63]
[1, 60, 100]
[1, 100, 60]
[1, 62, 98]
[1, 98, 62]
[1, 64, 99]
[1, 99, 64]
[0, 64, 104]
[0, 104, 64]
[0, 66, 107]
[0, 107, 66]
[1, 65, 106]
[1, 106, 65]
[0, 67, 109]
[0, 109, 67]
[0, 69, 112]
[0, 112, 69]
[1, 69, 111]
[1, 111, 69]
[0, 71, 115]
[0, 115, 71]
[1, 70, 114]
[1, 114, 70]
[0, 72, 117]
[0, 117, 72]
[1, 71, 117]
[1, 117, 71]
[1, 73, 116]
[1, 116, 73]
[0, 74, 120]
[0, 120, 74]
[1, 72, 119]
[1, 119, 72]
[0, 76, 123]
[0, 123, 76]
[1, 74, 122]
[1, 122, 74]
[0, 77, 125]
[0, 125, 77]
[1, 80, 125]
[1, 125, 80]
[0, 79, 128]
[0, 128, 79]
[1, 77, 127]
[1, 127, 77]
[0, 80, 130]
[0, 130, 80]
[0, 82, 133]
[0, 133, 82]
[1, 81, 132]
[1, 132, 81]
[1, 82, 131]
[1, 131, 82]
[0, 84, 136]
[0, 136, 84]
[1, 83, 135]
[1, 135, 83]
[0, 85, 138]
[0, 138, 85]
[1, 84, 138]
[1, 138, 84]
[0, 87, 141]
[0, 141, 87]
[1, 86, 141]
[1, 141, 86]
[0, 88, 143]
[0, 143, 88]
[1, 89, 142]
[1, 142, 89]
[0, 90, 146]
[0, 146, 90]
[0, 92, 149]
[0, 149, 92]
[1, 90, 148]
[1, 148, 90]
[0, 93, 151]
[0, 151, 93]
[1, 91, 150]
[1, 150, 91]
[0, 95, 154]
[0, 154, 95]
[1, 92, 152]
[1, 152, 92]
[0, 97, 157]
[0, 157, 97]
[1, 94, 155]
[1, 155, 94]
[1, 96, 153]
[1, 153, 96]
[0, 98, 159]
[0, 159, 98]
[1, 101, 157]
[1, 157, 101]
[0, 100, 162]
[0, 162, 100]
[0, 101, 164]
[0, 164, 101]
[0, 103, 167]
[0, 167, 103]
[1, 102, 166]
[1, 166, 102]
[1, 103, 165]
[1, 165, 103]
[0, 105, 170]
[0, 170, 105]
[1, 104, 169]
[1, 169, 104]
[1, 105, 168]
[1, 168, 105]
[0, 106, 172]
[0, 172, 106]
[0, 108, 175]
[0, 175, 108]
[1, 107, 174]
[1, 174, 107]
[0, 110, 178]
[0, 178, 110]
[1, 108, 177]
[1, 177, 108]
[1, 110, 176]
[1, 176, 110]
[0, 111, 180]
[0, 180, 111]
[1, 109, 179]
[1, 179, 109]
[0, 113, 183]
[0, 183, 113]
[1, 112, 183]
[1, 183, 112]
[1, 113, 181]
[1, 181, 113]
[0, 114, 185]
[0, 185, 114]
[0, 116, 188]
[0, 188, 116]
[1, 115, 187]
[1, 187, 115]
[0, 118, 191]
[0, 191, 118]
[0, 119, 193]
[0, 193, 119]
[1, 118, 193]
[1, 193, 118]
[0, 121, 196]
[0, 196, 121]
[1, 120, 196]
[1, 196, 120]
[1, 121, 194]
[1, 194, 121]
[0, 122, 198]
[0, 198, 122]
[1, 123, 197]
[1, 197, 123]
[0, 124, 201]
[0, 126, 204]
[1, 124, 203]
[0, 127, 206]
[1, 126, 206]
[1, 128, 205]
[0, 129, 209]
[1, 129, 207]
[0, 131, 212]
[1, 130, 211]
[0, 132, 214]
[0, 134, 217]
[1, 133, 216]
[0, 135, 219]
[1, 134, 219]
[1, 136, 218]
[0, 137, 222]
[1, 137, 221]
[0, 139, 225]
[0, 140, 227]
[1, 139, 227]
[0, 142, 230]
[1, 140, 229]
[0, 144, 233]
[1, 143, 233]
[1, 144, 230]
[0, 145, 235]
[1, 145, 232]
[0, 147, 238]
[1, 146, 237]
[0, 148, 240]
[1, 147, 240]
[0, 150, 243]
[1, 149, 243]
[0, 152, 246]
[1, 151, 246]
[0, 153, 248]
[1, 156, 248]
[0, 155, 251]
[1, 154, 250]
[0, 156, 253]
[0, 158, 256]
[1, 158, 255]
[0, 160, 259]
[1, 159, 258]
[0, 161, 261]
[1, 160, 261]
[1, 162, 260]
[0, 163, 264]
[1, 161, 263]
[0, 165, 267]
[1, 163, 266]
[0, 166, 269]
[1, 164, 268]
[1, 167, 267]
[0, 168, 272]
[0, 169, 274]
[0, 171, 277]
[1, 170, 276]
[0, 173, 280]
[1, 171, 279]
[1, 173, 278]
[0, 174, 282]
[1, 172, 281]
[0, 176, 285]
[1, 175, 285]
[0, 177, 287]
[1, 180, 287]
[0, 179, 290]
[1, 178, 289]
[0, 181, 293]
[0, 182, 295]
[0, 184, 298]
[1, 182, 297]
[1, 184, 296]
[0, 186, 301]
[1, 185, 301]
[1, 186, 299]
[0, 187, 303]
[1, 188, 302]
[0, 189, 306]
[0, 190, 308]
[1, 189, 308]
[0, 192, 311]
[1, 190, 310]
[1, 192, 309]
[0, 194, 314]
[1, 191, 312]
[0, 195, 316]
[1, 195, 313]
[0, 197, 319]
[0, 199, 322]
[1, 198, 321]
[0, 200, 324]
[1, 199, 324]
[1, 200, 326]
