[0, 0, 0]
[0, 1, 2]
[0, 3, 5]
[0, 4, 7]
[0, 6, 10]
[0, 8, 13]
[0, 9, 15]
[0, 11, 18]
[0, 12, 20]
[0, 14, 23]
[0, 16, 26]
[0, 17, 28]
[0, 19, 31]
[0, 21, 34]
[0, 22, 36]
[0, 24, 39]
[0, 25, 41]
[0, 27, 44]
[0, 29, 47]
[0, 30, 49]
[0, 32, 52]
[0, 33, 54]
[0, 35, 57]
[0, 37, 60]
[0, 38, 62]
[0, 40, 65]
[0, 42, 68]
[0, 43, 70]
[0, 45, 73]
[0, 46, 75]
[0, 48, 78]
[0, 50, 81]
[0, 51, 83]
[0, 53, 86]
[0, 55, 89]
[0, 56, 91]
[0, 58, 94]
[0, 59, 96]
[0, 61, 99]
[0, 63, 102]
[0, 64, 104]
[0, 66, 107]
[0, 67, 109]
[0, 69, 112]
[0, 71, 115]
[0, 72, 117]
[0, 74, 120]
[0, 76, 123]
[0, 77, 125]
[0, 79, 128]
[0, 80, 130]
[0, 82, 133]
[0, 84, 136]
[0, 85, 138]
[0, 87, 141]
[0, 88, 143]
[0, 90, 146]
[0, 92, 149]
[0, 93, 151]
[0, 95, 154]
[0, 97, 157]
[0, 98, 159]
[0, 100, 162]
[0, 101, 164]
[0, 103, 167]
[0, 105, 170]
[0, 106, 172]
[0, 108, 175]
[0, 110, 178]
[0, 111, 180]
[0, 113, 183]
[0, 114, 185]
[0, 116, 188]
[0, 118, 191]
[0, 119, 193]
[0, 121, 196]
[0, 122, 198]
[0, 124, 201]
[0, 126, 204]
[0, 127, 206]
[0, 129, 209]
[0, 131, 212]
[0, 132, 214]
[0, 134, 217]
[0, 135, 219]
[0, 137, 222]
[0, 139, 225]
[0, 140, 227]
[0, 142, 230]
[0, 144, 233]
[0, 145, 235]
[0, 147, 238]
[0, 148, 240]
[0, 150, 243]
[0, 152, 246]
[0, 153, 248]
[0, 155, 251]
[0, 156, 253]
[0, 158, 256]
[0, 160, 259]
[0, 161, 261]
[0, 163, 264]
[0, 165, 267]
[0, 166, 269]
[0, 168, 272]
[0, 169, 274]
[0, 171, 277]
[0, 173, 280]
[0, 174, 282]
[0, 176, 285]
[0, 177, 287]
[0, 179, 290]
[0, 181, 293]
[0, 182, 295]
[0, 184, 298]
[0, 186, 301]
[0, 187, 303]
[0, 189, 306]
[0, 190, 308]
[0, 192, 311]
[0, 194, 314]
[0, 195, 316]
[0, 197, 319]
[0, 199, 322]
[0, 200, 324]
[1, 1, 4]
[1, 3, 3]
[1, 5, 6]
[1, 7, 12]
[1, 8, 15]
[1, 9, 17]
[1, 10, 14]
[1, 11, 20]
[1, 13, 19]
[1, 16, 28]
[1, 18, 31]
[1, 21, 32]
[1, 22, 38]
[1, 23, 33]
[1, 24, 41]
[1, 25, 43]
[1, 26, 40]
[1, 27, 42]
[1, 29, 49]
[1, 30, 51]
[1, 34, 53]
[1, 35, 59]
[1, 36, 61]
[1, 37, 63]
[1, 39, 66]
[1, 44, 67]
[1, 45, 75]
[1, 46, 68]
[1, 47, 78]
[1, 48, 76]
[1, 50, 79]
[1, 52, 85]
[1, 54, 88]
[1, 55, 87]
[1, 56, 93]
[1, 57, 95]
[1, 58, 97]
[1, 60, 100]
[1, 62, 98]
[1, 64, 99]
[1, 65, 106]
[1, 69, 111]
[1, 70, 114]
[1, 71, 117]
[1, 72, 119]
[1, 73, 116]
[1, 74, 122]
[1, 77, 127]
[1, 80, 125]
[1, 81, 132]
[1, 82, 131]
[1, 83, 135]
[1, 84, 138]
[1, 86, 141]
[1, 89, 142]
[1, 90, 148]
[1, 91, 150]
[1, 92, 152]
[1, 94, 155]
[1, 96, 153]
[1, 101, 157]
[1, 102, 166]
[1, 103, 165]
[1, 104, 169]
[1, 105, 168]
[1, 107, 174]
[1, 108, 177]
[1, 109, 179]
[1, 110, 176]
[1, 112, 183]
[1, 113, 181]
[1, 115, 187]
[1, 118, 193]
[1, 120, 196]
[1, 121, 194]
[1, 123, 197]
[1, 124, 203]
[1, 126, 206]
[1, 128, 205]
[1, 129, 207]
[1, 130, 211]
[1, 133, 216]
[1, 134, 219]
[1, 136, 218]
[1, 137, 221]
[1, 139, 227]
[1, 140, 229]
[1, 143, 233]
[1, 144, 230]
[1, 145, 232]
[1, 146, 237]
[1, 147, 240]
[1, 149, 243]
[1, 151, 246]
[1, 154, 250]
[1, 156, 248]
[1, 158, 255]
[1, 159, 258]
[1, 160, 261]
[1, 161, 263]
[1, 162, 260]
[1, 163, 266]
[1, 164, 268]
[1, 167, 267]
[1, 170, 276]
[1, 171, 279]
[1, 172, 281]
[1, 173, 278]
[1, 175, 285]
[1, 178, 289]
[1, 180, 287]
[1, 182, 297]
[1, 184, 296]
[1, 185, 301]
[1, 186, 299]
[1, 188, 302]
[1, 189, 308]
[1, 190, 310]
[1, 191, 312]
[1, 192, 309]
[1, 195, 313]
[1, 198, 321]
[1, 199, 324]
[1, 200, 326]
