[0, 0, 0]
[0, 1, 2]
[0, 2, 1]
[1, 0, 2]
[1, 2, 0]
[0, 3, 5]
[0, 5, 3]
[0, 4, 7]
[0, 7, 4]
[0, 6, 10]
[0, 10, 6]
[0, 8, 13]
[0, 13, 8]
[0, 9, 15]
[0, 15, 9]
[0, 11, 18]
[0, 18, 11]
[0, 12, 20]
[0, 20, 12]
[0, 14, 23]
[0, 23, 14]
[0, 16, 26]
[0, 26, 16]
[0, 17, 28]
[0, 28, 17]
[0, 19, 31]
[0, 31, 19]
[0, 21, 34]
[0, 34, 21]
[0, 22, 36]
[0, 36, 22]
[0, 24, 39]
[0, 39, 24]
[0, 25, 41]
[0, 41, 25]
[0, 27, 44]
[0, 44, 27]
[0, 29, 47]
[0, 47, 29]
[0, 30, 49]
[0, 49, 30]
[0, 32, 52]
[0, 52, 32]
[0, 33, 54]
[0, 54, 33]
[0, 35, 57]
[0, 57, 35]
[0, 37, 60]
[0, 60, 37]
[0, 38, 62]
[0, 62, 38]
[0, 40, 65]
[0, 65, 40]
[0, 42, 68]
[0, 68, 42]
[0, 43, 70]
[0, 70, 43]
[0, 45, 73]
[0, 73, 45]
[0, 46, 75]
[0, 75, 46]
[0, 48, 78]
[0, 78, 48]
[0, 50, 81]
[0, 81, 50]
[0, 51, 83]
[0, 83, 51]
[0, 53, 86]
[0, 86, 53]
[0, 55, 89]
[0, 89, 55]
[0, 56, 91]
[0, 91, 56]
[0, 58, 94]
[0, 94, 58]
[0, 59, 96]
[0, 96, 59]
[0, 61, 99]
[0, 99, 61]
[0, 63, 102]
[0, 102, 63]
[0, 64, 104]
[0, 104, 64]
[0, 66, 107]
[0, 107, 66]
[0, 67, 109]
[0, 109, 67]
[0, 69, 112]
[0, 112, 69]
[0, 71, 115]
[0, 115, 71]
[0, 72, 117]
[0, 117, 72]
[0, 74, 120]
[0, 120, 74]
[0, 76, 123]
[0, 123, 76]
[0, 77, 125]
[0, 125, 77]
[0, 79, 128]
[0, 128, 79]
[0, 80, 130]
[0, 130, 80]
[0, 82, 133]
[0, 133, 82]
[0, 84, 136]
[0, 136, 84]
[0, 85, 138]
[0, 138, 85]
[0, 87, 141]
[0, 141, 87]
[0, 88, 143]
[0, 143, 88]
[0, 90, 146]
[0, 146, 90]
[0, 92, 149]
[0, 149, 92]
[0, 93, 151]
[0, 151, 93]
[0, 95, 154]
[0, 154, 95]
[0, 97, 157]
[0, 157, 97]
[0, 98, 159]
[0, 159, 98]
[0, 100, 162]
[0, 162, 100]
[0, 101, 164]
[0, 164, 101]
[0, 103, 167]
[0, 167, 103]
[0, 105, 170]
[0, 170, 105]
[0, 106, 172]
[0, 172, 106]
[0, 108, 175]
[0, 175, 108]
[0, 110, 178]
[0, 178, 110]
[0, 111, 180]
[0, 180, 111]
[0, 113, 183]
[0, 183, 113]
[0, 114, 185]
[0, 185, 114]
[0, 116, 188]
[0, 188, 116]
[0, 118, 191]
[0, 191, 118]
[0, 119, 193]
[0, 193, 119]
[0, 121, 196]
[0, 196, 121]
[0, 122, 198]
[0, 198, 122]
[0, 124, 201]
[0, 201, 124]
[0, 126, 204]
[0, 204, 126]
[0, 127, 206]
[0, 206, 127]
[0, 129, 209]
[0, 209, 129]
[0, 131, 212]
[0, 212, 131]
[0, 132, 214]
[0, 214, 132]
[0, 134, 217]
[0, 217, 134]
[0, 135, 219]
[0, 219, 135]
[0, 137, 222]
[0, 222, 137]
[0, 139, 225]
[0, 225, 139]
[0, 140, 227]
[0, 227, 140]
[0, 142, 230]
[0, 230, 142]
[0, 144, 233]
[0, 233, 144]
[0, 145, 235]
[0, 235, 145]
[0, 147, 238]
[0, 238, 147]
[0, 148, 240]
[0, 240, 148]
[0, 150, 243]
[0, 243, 150]
[0, 152, 246]
[0, 246, 152]
[0, 153, 248]
[0, 248, 153]
[0, 155, 251]
[0, 251, 155]
[0, 156, 253]
[0, 253, 156]
[0, 158, 256]
[0, 256, 158]
[0, 160, 259]
[0, 259, 160]
[0, 161, 261]
[0, 261, 161]
[0, 163, 264]
[0, 264, 163]
[0, 165, 267]
[0, 267, 165]
[0, 166, 269]
[0, 269, 166]
[0, 168, 272]
[0, 272, 168]
[0, 169, 274]
[0, 274, 169]
[0, 171, 277]
[0, 277, 171]
[0, 173, 280]
[0, 280, 173]
[0, 174, 282]
[0, 282, 174]
[0, 176, 285]
[0, 285, 176]
[0, 177, 287]
[0, 287, 177]
[0, 179, 290]
[0, 290, 179]
[0, 181, 293]
[0, 293, 181]
[0, 182, 295]
[0, 295, 182]
[0, 184, 298]
[0, 298, 184]
[1, 1, 1]
[1, 3, 4]
[1, 4, 3]
[1, 5, 8]
[1, 8, 5]
[1, 6, 12]
[1, 12, 6]
[1, 7, 11]
[1, 11, 7]
[1, 9, 14]
[1, 14, 9]
[1, 10, 17]
[1, 17, 10]
[1, 13, 21]
[1, 21, 13]
[1, 15, 24]
[1, 24, 15]
[1, 16, 28]
[1, 28, 16]
[1, 18, 29]
[1, 29, 18]
[1, 19, 33]
[1, 33, 19]
[1, 20, 30]
[1, 30, 20]
[1, 22, 35]
[1, 35, 22]
[1, 23, 38]
[1, 38, 23]
[1, 25, 43]
[1, 43, 25]
[1, 26, 42]
[1, 42, 26]
[1, 27, 46]
[1, 46, 27]
[1, 31, 48]
[1, 48, 31]
[1, 32, 54]
[1, 54, 32]
[1, 34, 55]
[1, 55, 34]
[1, 36, 56]
[1, 56, 36]
[1, 37, 62]
[1, 62, 37]
[1, 39, 63]
[1, 63, 39]
[1, 40, 67]
[1, 67, 40]
[1, 41, 64]
[1, 64, 41]
[1, 44, 72]
[1, 72, 44]
[1, 45, 71]
[1, 71, 45]
[1, 47, 76]
[1, 76, 47]
[1, 49, 79]
[1, 79, 49]
[1, 50, 83]
[1, 83, 50]
[1, 51, 82]
[1, 82, 51]
[1, 52, 84]
[1, 84, 52]
[1, 53, 88]
[1, 88, 53]
[1, 57, 93]
[1, 93, 57]
[1, 58, 92]
[1, 92, 58]
[1, 59, 98]
[1, 98, 59]
[1, 60, 97]
[1, 97, 60]
[1, 61, 101]
[1, 101, 61]
[1, 65, 103]
[1, 103, 65]
[1, 66, 109]
[1, 109, 66]
[1, 68, 110]
[1, 110, 68]
[1, 69, 114]
[1, 114, 69]
[1, 70, 111]
[1, 111, 70]
[1, 73, 119]
[1, 119, 73]
[1, 74, 118]
[1, 118, 74]
[1, 75, 122]
[1, 122, 75]
[1, 77, 127]
[1, 127, 77]
[1, 78, 126]
[1, 126, 78]
[1, 80, 129]
[1, 129, 80]
[1, 81, 132]
[1, 132, 81]
[1, 85, 137]
[1, 137, 85]
[1, 86, 139]
[1, 139, 86]
[1, 87, 143]
[1, 143, 87]
[1, 89, 144]
[1, 144, 89]
[1, 90, 148]
[1, 148, 90]
[1, 91, 145]
[1, 145, 91]
[1, 94, 153]
[1, 153, 94]
[1, 95, 152]
[1, 152, 95]
[1, 96, 156]
[1, 156, 96]
[1, 99, 160]
[1, 160, 99]
[1, 100, 164]
[1, 164, 100]
[1, 102, 165]
[1, 165, 102]
[1, 104, 166]
[1, 166, 104]
[1, 105, 172]
[1, 172, 105]
[1, 106, 171]
[1, 171, 106]
[1, 107, 173]
[1, 173, 107]
[1, 108, 177]
[1, 177, 108]
[1, 112, 182]
[1, 182, 112]
[1, 113, 181]
[1, 181, 113]
[1, 115, 186]
[1, 186, 115]
[1, 116, 190]
[1, 190, 116]
[1, 117, 189]
[1, 189, 117]
[1, 120, 195]
[1, 195, 120]
[1, 121, 194]
[1, 194, 121]
[1, 123, 199]
[1, 199, 123]
[1, 124, 203]
[1, 203, 124]
[1, 125, 202]
[1, 202, 125]
[1, 128, 208]
[1, 208, 128]
[1, 130, 211]
[1, 211, 130]
[1, 131, 209]
[1, 209, 131]
[1, 133, 215]
[1, 215, 133]
[1, 134, 219]
[1, 219, 134]
[1, 135, 218]
[1, 218, 135]
[1, 136, 220]
[1, 220, 136]
[1, 138, 224]
[1, 224, 138]
[1, 140, 229]
[1, 229, 140]
[1, 141, 228]
[1, 228, 141]
[1, 142, 232]
[1, 232, 142]
[1, 146, 234]
[1, 234, 146]
[1, 147, 240]
[1, 240, 147]
[1, 149, 241]
[1, 241, 149]
[1, 150, 245]
[1, 245, 150]
[1, 151, 242]
[1, 242, 151]
[1, 154, 250]
[1, 250, 154]
[1, 155, 249]
[1, 249, 155]
[1, 157, 254]
[1, 254, 157]
[1, 158, 258]
[1, 258, 158]
[1, 159, 257]
[1, 257, 159]
[1, 161, 260]
[1, 260, 161]
[1, 162, 263]
[1, 263, 162]
[1, 163, 266]
[1, 266, 163]
[1, 167, 271]
[1, 271, 167]
[1, 168, 270]
[1, 270, 168]
[1, 169, 276]
[1, 276, 169]
[1, 170, 275]
[1, 275, 170]
[1, 174, 284]
[1, 284, 174]
[1, 175, 281]
[1, 281, 175]
[1, 176, 287]
[1, 287, 176]
[1, 178, 286]
[1, 286, 178]
[1, 179, 288]
[1, 288, 179]
[1, 180, 292]
[1, 292, 180]
[1, 183, 296]
[1, 296, 183]
[1, 184, 300]
[1, 300, 184]
[1, 185, 299]
[1, 299, 185]
[0, 186, 301]
[0, 301, 186]
[0, 187, 303]
[0, 303, 187]
[1, 187, 302]
[1, 302, 187]
[0, 189, 306]
[0, 306, 189]
[1, 188, 305]
[1, 305, 188]
[0, 190, 308]
[0, 308, 190]
[0, 192, 311]
[0, 311, 192]
[1, 191, 309]
[1, 309, 191]
[0, 194, 314]
[0, 314, 194]
[1, 192, 313]
[1, 313, 192]
[1, 193, 312]
[1, 312, 193]
[0, 195, 316]
[0, 316, 195]
[0, 197, 319]
[0, 319, 197]
[1, 196, 318]
[1, 318, 196]
[1, 197, 317]
[1, 317, 197]
[0, 199, 322]
[0, 322, 199]
[1, 198, 321]
[1, 321, 198]
[0, 200, 324]
[0, 324, 200]
[0, 202, 327]
[0, 327, 202]
[1, 200, 326]
[1, 326, 200]
[1, 201, 325]
[1, 325, 201]
[0, 203, 329]
[0, 329, 203]
[0, 205, 332]
[0, 332, 205]
[1, 204, 331]
[1, 331, 204]
[1, 205, 330]
[1, 330, 205]
[0, 207, 335]
[0, 335, 207]
[1, 206, 334]
[1, 334, 206]
[0, 208, 337]
[0, 337, 208]
[1, 207, 337]
[1, 337, 207]
[0, 210, 340]
[0, 340, 210]
[1, 210, 339]
[1, 339, 210]
[0, 211, 342]
[0, 342, 211]
[0, 213, 345]
[0, 345, 213]
[1, 212, 343]
[1, 343, 212]
[0, 215, 348]
[0, 348, 215]
[1, 213, 347]
[1, 347, 213]
[1, 214, 346]
[1, 346, 214]
[0, 216, 350]
[0, 350, 216]
[1, 216, 349]
[1, 349, 216]
[0, 218, 353]
[0, 353, 218]
[1, 217, 352]
[1, 352, 217]
[0, 220, 356]
[0, 356, 220]
[0, 221, 358]
[0, 358, 221]
[1, 221, 357]
[1, 357, 221]
[0, 223, 361]
[0, 361, 223]
[1, 222, 359]
[1, 359, 222]
[0, 224, 363]
[0, 363, 224]
[1, 223, 363]
[1, 363, 223]
[0, 226, 366]
[0, 366, 226]
[1, 225, 364]
[1, 364, 225]
[0, 228, 369]
[0, 369, 228]
[1, 226, 368]
[1, 368, 226]
[1, 227, 365]
[1, 365, 227]
[0, 229, 371]
[0, 371, 229]
[0, 231, 374]
[0, 374, 231]
[1, 230, 373]
[1, 373, 230]
[1, 231, 372]
[1, 372, 231]
[0, 232, 376]
[0, 376, 232]
[0, 234, 379]
[0, 379, 234]
[1, 233, 377]
[1, 377, 233]
[0, 236, 382]
[0, 382, 236]
[1, 235, 380]
[1, 380, 235]
[0, 237, 384]
[0, 384, 237]
[1, 236, 384]
[1, 384, 236]
[1, 237, 383]
[1, 383, 237]
[0, 239, 387]
[0, 387, 239]
[1, 238, 385]
[1, 385, 238]
[0, 241, 390]
[0, 390, 241]
[1, 239, 389]
[1, 389, 239]
[0, 242, 392]
[0, 392, 242]
[0, 244, 395]
[0, 395, 244]
[1, 243, 394]
[1, 394, 243]
[1, 244, 393]
[1, 393, 244]
[0, 245, 397]
[0, 397, 245]
[0, 247, 400]
[0, 400, 247]
[1, 246, 398]
[1, 398, 246]
