[0, 0, 0]
[0, 1, 2]
[0, 3, 5]
[0, 4, 7]
[0, 6, 10]
[0, 8, 13]
[0, 9, 15]
[0, 11, 18]
[0, 12, 20]
[0, 14, 23]
[0, 16, 26]
[0, 17, 28]
[0, 19, 31]
[0, 21, 34]
[0, 22, 36]
[0, 24, 39]
[0, 25, 41]
[0, 27, 44]
[0, 29, 47]
[0, 30, 49]
[0, 32, 52]
[0, 33, 54]
[0, 35, 57]
[0, 37, 60]
[0, 38, 62]
[0, 40, 65]
[0, 42, 68]
[0, 43, 70]
[0, 45, 73]
[0, 46, 75]
[0, 48, 78]
[0, 50, 81]
[0, 51, 83]
[0, 53, 86]
[0, 55, 89]
[0, 56, 91]
[0, 58, 94]
[0, 59, 96]
[0, 61, 99]
[0, 63, 102]
[0, 64, 104]
[0, 66, 107]
[0, 67, 109]
[0, 69, 112]
[0, 71, 115]
[0, 72, 117]
[0, 74, 120]
[0, 76, 123]
[0, 77, 125]
[0, 79, 128]
[0, 80, 130]
[0, 82, 133]
[0, 84, 136]
[0, 85, 138]
[0, 87, 141]
[0, 88, 143]
[0, 90, 146]
[0, 92, 149]
[0, 93, 151]
[0, 95, 154]
[0, 97, 157]
[0, 98, 159]
[0, 100, 162]
[0, 101, 164]
[0, 103, 167]
[0, 105, 170]
[0, 106, 172]
[0, 108, 175]
[0, 110, 178]
[0, 111, 180]
[0, 113, 183]
[0, 114, 185]
[0, 116, 188]
[0, 118, 191]
[0, 119, 193]
[0, 121, 196]
[0, 122, 198]
[0, 124, 201]
[0, 126, 204]
[0, 127, 206]
[0, 129, 209]
[0, 131, 212]
[0, 132, 214]
[0, 134, 217]
[0, 135, 219]
[0, 137, 222]
[0, 139, 225]
[0, 140, 227]
[0, 142, 230]
[0, 144, 233]
[0, 145, 235]
[0, 147, 238]
[0, 148, 240]
[0, 150, 243]
[0, 152, 246]
[0, 153, 248]
[0, 155, 251]
[0, 156, 253]
[0, 158, 256]
[0, 160, 259]
[0, 161, 261]
[0, 163, 264]
[0, 165, 267]
[0, 166, 269]
[0, 168, 272]
[0, 169, 274]
[0, 171, 277]
[0, 173, 280]
[0, 174, 282]
[0, 176, 285]
[0, 177, 287]
[0, 179, 290]
[0, 181, 293]
[0, 182, 295]
[0, 184, 298]
[0, 186, 301]
[0, 187, 303]
[0, 189, 306]
[0, 190, 308]
[0, 192, 311]
[0, 194, 314]
[0, 195, 316]
[0, 197, 319]
[0, 199, 322]
[0, 200, 324]
[0, 202, 327]
[0, 203, 329]
[0, 205, 332]
[0, 207, 335]
[0, 208, 337]
[0, 210, 340]
[0, 211, 342]
[0, 213, 345]
[0, 215, 348]
[0, 216, 350]
[0, 218, 353]
[0, 220, 356]
[0, 221, 358]
[0, 223, 361]
[0, 224, 363]
[0, 226, 366]
[0, 228, 369]
[0, 229, 371]
[0, 231, 374]
[0, 232, 376]
[0, 234, 379]
[0, 236, 382]
[0, 237, 384]
[0, 239, 387]
[0, 241, 390]
[0, 242, 392]
[0, 244, 395]
[0, 245, 397]
[0, 247, 400]
[1, 1, 1]
[1, 3, 4]
[1, 5, 8]
[1, 6, 12]
[1, 7, 11]
[1, 9, 14]
[1, 10, 17]
[1, 13, 21]
[1, 15, 24]
[1, 16, 28]
[1, 18, 29]
[1, 19, 33]
[1, 20, 30]
[1, 22, 35]
[1, 23, 38]
[1, 25, 43]
[1, 26, 42]
[1, 27, 46]
[1, 31, 48]
[1, 32, 54]
[1, 34, 55]
[1, 36, 56]
[1, 37, 62]
[1, 39, 63]
[1, 40, 67]
[1, 41, 64]
[1, 44, 72]
[1, 45, 71]
[1, 47, 76]
[1, 49, 79]
[1, 50, 83]
[1, 51, 82]
[1, 52, 84]
[1, 53, 88]
[1, 57, 93]
[1, 58, 92]
[1, 59, 98]
[1, 60, 97]
[1, 61, 101]
[1, 65, 103]
[1, 66, 109]
[1, 68, 110]
[1, 69, 114]
[1, 70, 111]
[1, 73, 119]
[1, 74, 118]
[1, 75, 122]
[1, 77, 127]
[1, 78, 126]
[1, 80, 129]
[1, 81, 132]
[1, 85, 137]
[1, 86, 139]
[1, 87, 143]
[1, 89, 144]
[1, 90, 148]
[1, 91, 145]
[1, 94, 153]
[1, 95, 152]
[1, 96, 156]
[1, 99, 160]
[1, 100, 164]
[1, 102, 165]
[1, 104, 166]
[1, 105, 172]
[1, 106, 171]
[1, 107, 173]
[1, 108, 177]
[1, 112, 182]
[1, 113, 181]
[1, 115, 186]
[1, 116, 190]
[1, 117, 189]
[1, 120, 195]
[1, 121, 194]
[1, 123, 199]
[1, 124, 203]
[1, 125, 202]
[1, 128, 208]
[1, 130, 211]
[1, 131, 209]
[1, 133, 215]
[1, 134, 219]
[1, 135, 218]
[1, 136, 220]
[1, 138, 224]
[1, 140, 229]
[1, 141, 228]
[1, 142, 232]
[1, 146, 234]
[1, 147, 240]
[1, 149, 241]
[1, 150, 245]
[1, 151, 242]
[1, 154, 250]
[1, 155, 249]
[1, 157, 254]
[1, 158, 258]
[1, 159, 257]
[1, 161, 260]
[1, 162, 263]
[1, 163, 266]
[1, 167, 271]
[1, 168, 270]
[1, 169, 276]
[1, 170, 275]
[1, 174, 284]
[1, 175, 281]
[1, 176, 287]
[1, 178, 286]
[1, 179, 288]
[1, 180, 292]
[1, 183, 296]
[1, 184, 300]
[1, 185, 299]
[1, 187, 302]
[1, 188, 305]
[1, 191, 309]
[1, 192, 313]
[1, 193, 312]
[1, 196, 318]
[1, 197, 317]
[1, 198, 321]
[1, 200, 326]
[1, 201, 325]
[1, 204, 331]
[1, 205, 330]
[1, 206, 334]
[1, 207, 337]
[1, 210, 339]
[1, 212, 343]
[1, 213, 347]
[1, 214, 346]
[1, 216, 349]
[1, 217, 352]
[1, 221, 357]
[1, 222, 359]
[1, 223, 363]
[1, 225, 364]
[1, 226, 368]
[1, 227, 365]
[1, 230, 373]
[1, 231, 372]
[1, 233, 377]
[1, 235, 380]
[1, 236, 384]
[1, 237, 383]
[1, 238, 385]
[1, 239, 389]
[1, 243, 394]
[1, 244, 393]
[1, 246, 398]
