[0, 0, 0]
[0, 1, 2]
[0, 2, 1]
[1, 0, 2]
[1, 2, 0]
[2, 0, 1]
[2, 1, 0]
[1, 1, 1]
[0, 3, 5]
[0, 5, 3]
[3, 0, 5]
[3, 5, 0]
[5, 0, 3]
[5, 3, 0]
[1, 3, 4]
[1, 4, 3]
[3, 1, 4]
[3, 4, 1]
[4, 1, 3]
[4, 3, 1]
[2, 2, 2]
[0, 4, 7]
[0, 7, 4]
[4, 0, 7]
[4, 7, 0]
[7, 0, 4]
[7, 4, 0]
[2, 3, 6]
[2, 6, 3]
[3, 2, 6]
[3, 6, 2]
[6, 2, 3]
[6, 3, 2]
[3, 3, 3]
[0, 6, 10]
[0, 10, 6]
[6, 0, 10]
[6, 10, 0]
[10, 0, 6]
[10, 6, 0]
[1, 5, 8]
[1, 8, 5]
[5, 1, 8]
[5, 8, 1]
[8, 1, 5]
[8, 5, 1]
[2, 4, 8]
[2, 8, 4]
[4, 2, 8]
[4, 8, 2]
[8, 2, 4]
[8, 4, 2]
[2, 5, 7]
[2, 7, 5]
[5, 2, 7]
[5, 7, 2]
[7, 2, 5]
[7, 5, 2]
[4, 4, 4]
[0, 8, 13]
[0, 13, 8]
[8, 0, 13]
[8, 13, 0]
[13, 0, 8]
[13, 8, 0]
[1, 6, 12]
[1, 12, 6]
[6, 1, 12]
[6, 12, 1]
[12, 1, 6]
[12, 6, 1]
[1, 7, 11]
[1, 11, 7]
[7, 1, 11]
[7, 11, 1]
[11, 1, 7]
[11, 7, 1]
[3, 7, 9]
[3, 9, 7]
[7, 3, 9]
[7, 9, 3]
[9, 3, 7]
[9, 7, 3]
[4, 5, 10]
[4, 10, 5]
[5, 4, 10]
[5, 10, 4]
[10, 4, 5]
[10, 5, 4]
[4, 6, 9]
[4, 9, 6]
[6, 4, 9]
[6, 9, 4]
[9, 4, 6]
[9, 6, 4]
[5, 5, 5]
[0, 9, 15]
[0, 15, 9]
[9, 0, 15]
[9, 15, 0]
[15, 0, 9]
[15, 9, 0]
[1, 9, 14]
[1, 14, 9]
[9, 1, 14]
[9, 14, 1]
[14, 1, 9]
[14, 9, 1]
[3, 8, 14]
[3, 14, 8]
[8, 3, 14]
[8, 14, 3]
[14, 3, 8]
[14, 8, 3]
[3, 10, 11]
[3, 11, 10]
[10, 3, 11]
[10, 11, 3]
[11, 3, 10]
[11, 10, 3]
[5, 6, 14]
[5, 14, 6]
[6, 5, 14]
[6, 14, 5]
[14, 5, 6]
[14, 6, 5]
[5, 9, 11]
[5, 11, 9]
[9, 5, 11]
[9, 11, 5]
[11, 5, 9]
[11, 9, 5]
[6, 6, 6]
[0, 11, 18]
[0, 18, 11]
[11, 0, 18]
[11, 18, 0]
[18, 0, 11]
[18, 11, 0]
[1, 10, 17]
[1, 17, 10]
[10, 1, 17]
[10, 17, 1]
[17, 1, 10]
[17, 10, 1]
[2, 9, 16]
[2, 16, 9]
[9, 2, 16]
[9, 16, 2]
[16, 2, 9]
[16, 9, 2]
[2, 10, 15]
[2, 15, 10]
[10, 2, 15]
[10, 15, 2]
[15, 2, 10]
[15, 10, 2]
[4, 11, 12]
[4, 12, 11]
[11, 4, 12]
[11, 12, 4]
[12, 4, 11]
[12, 11, 4]
[6, 7, 13]
[6, 13, 7]
[7, 6, 13]
[7, 13, 6]
[13, 6, 7]
[13, 7, 6]
[6, 8, 11]
[6, 11, 8]
[8, 6, 11]
[8, 11, 6]
[11, 6, 8]
[11, 8, 6]
[7, 7, 7]
[0, 12, 20]
[0, 20, 12]
[12, 0, 20]
[12, 20, 0]
[20, 0, 12]
[20, 12, 0]
[2, 11, 19]
[2, 19, 11]
[11, 2, 19]
[11, 19, 2]
[19, 2, 11]
[19, 11, 2]
[2, 12, 18]
[2, 18, 12]
[12, 2, 18]
[12, 18, 2]
[18, 2, 12]
[18, 12, 2]
[5, 12, 13]
[5, 13, 12]
[12, 5, 13]
[12, 13, 5]
[13, 5, 12]
[13, 12, 5]
[7, 8, 16]
[7, 16, 8]
[8, 7, 16]
[8, 16, 7]
[16, 7, 8]
[16, 8, 7]
[7, 10, 12]
[7, 12, 10]
[10, 7, 12]
[10, 12, 7]
[12, 7, 10]
[12, 10, 7]
[8, 8, 8]
[0, 14, 23]
[0, 23, 14]
[14, 0, 23]
[14, 23, 0]
[23, 0, 14]
[23, 14, 0]
[1, 13, 21]
[1, 21, 13]
[13, 1, 21]
[13, 21, 1]
[21, 1, 13]
[21, 13, 1]
[3, 12, 21]
[3, 21, 12]
[12, 3, 21]
[12, 21, 3]
[21, 3, 12]
[21, 12, 3]
[3, 13, 20]
[3, 20, 13]
[13, 3, 20]
[13, 20, 3]
[20, 3, 13]
[20, 13, 3]
[4, 15, 19]
[4, 19, 15]
[15, 4, 19]
[15, 19, 4]
[19, 4, 15]
[19, 15, 4]
[7, 14, 19]
[7, 19, 14]
[14, 7, 19]
[14, 19, 7]
[19, 7, 14]
[19, 14, 7]
[8, 9, 17]
[8, 17, 9]
[9, 8, 17]
[9, 17, 8]
[17, 8, 9]
[17, 9, 8]
[9, 9, 9]
[0, 16, 26]
[0, 26, 16]
[16, 0, 26]
[16, 26, 0]
[26, 0, 16]
[26, 16, 0]
[1, 15, 24]
[1, 24, 15]
[15, 1, 24]
[15, 24, 1]
[24, 1, 15]
[24, 15, 1]
[2, 13, 23]
[2, 23, 13]
[13, 2, 23]
[13, 23, 2]
[23, 2, 13]
[23, 13, 2]
[4, 13, 22]
[4, 22, 13]
[13, 4, 22]
[13, 22, 4]
[22, 4, 13]
[22, 13, 4]
[5, 16, 20]
[5, 20, 16]
[16, 5, 20]
[16, 20, 5]
[20, 5, 16]
[20, 16, 5]
[8, 10, 20]
[8, 20, 10]
[10, 8, 20]
[10, 20, 8]
[20, 8, 10]
[20, 10, 8]
[8, 12, 19]
[8, 19, 12]
[12, 8, 19]
[12, 19, 8]
[19, 8, 12]
[19, 12, 8]
[8, 15, 18]
[8, 18, 15]
[15, 8, 18]
[15, 18, 8]
[18, 8, 15]
[18, 15, 8]
[9, 10, 18]
[9, 18, 10]
[10, 9, 18]
[10, 18, 9]
[18, 9, 10]
[18, 10, 9]
[10, 10, 10]
[0, 17, 28]
[0, 28, 17]
[17, 0, 28]
[17, 28, 0]
[28, 0, 17]
[28, 17, 0]
[1, 16, 28]
[1, 28, 16]
[16, 1, 28]
[16, 28, 1]
[28, 1, 16]
[28, 16, 1]
[2, 14, 26]
[2, 26, 14]
[14, 2, 26]
[14, 26, 2]
[26, 2, 14]
[26, 14, 2]
[3, 15, 23]
[3, 23, 15]
[15, 3, 23]
[15, 23, 3]
[23, 3, 15]
[23, 15, 3]
[4, 14, 24]
[4, 24, 14]
[14, 4, 24]
[14, 24, 4]
[24, 4, 14]
[24, 14, 4]
[6, 17, 21]
[6, 21, 17]
[17, 6, 21]
[17, 21, 6]
[21, 6, 17]
[21, 17, 6]
[9, 12, 22]
[9, 22, 12]
[12, 9, 22]
[12, 22, 9]
[22, 9, 12]
[22, 12, 9]
[10, 13, 16]
[10, 16, 13]
[13, 10, 16]
[13, 16, 10]
[16, 10, 13]
[16, 13, 10]
[11, 11, 11]
[0, 19, 31]
[0, 31, 19]
[19, 0, 31]
[19, 31, 0]
[31, 0, 19]
[31, 19, 0]
[1, 18, 29]
[1, 29, 18]
[18, 1, 29]
[18, 29, 1]
[29, 1, 18]
[29, 18, 1]
[2, 17, 31]
[2, 31, 17]
[17, 2, 31]
[17, 31, 2]
[31, 2, 17]
[31, 17, 2]
[3, 16, 27]
[3, 27, 16]
[16, 3, 27]
[16, 27, 3]
[27, 3, 16]
[27, 16, 3]
[4, 17, 25]
[4, 25, 17]
[17, 4, 25]
[17, 25, 4]
[25, 4, 17]
[25, 17, 4]
[5, 15, 26]
[5, 26, 15]
[15, 5, 26]
[15, 26, 5]
[26, 5, 15]
[26, 15, 5]
[6, 16, 23]
[6, 23, 16]
[16, 6, 23]
[16, 23, 6]
[23, 6, 16]
[23, 16, 6]
[6, 20, 22]
[6, 22, 20]
[20, 6, 22]
[20, 22, 6]
[22, 6, 20]
[22, 20, 6]
[7, 20, 21]
[7, 21, 20]
[20, 7, 21]
[20, 21, 7]
[21, 7, 20]
[21, 20, 7]
[9, 13, 24]
[9, 24, 13]
[13, 9, 24]
[13, 24, 9]
[24, 9, 13]
[24, 13, 9]
[10, 14, 21]
[10, 21, 14]
[14, 10, 21]
[14, 21, 10]
[21, 10, 14]
[21, 14, 10]
[11, 13, 14]
[11, 14, 13]
[13, 11, 14]
[13, 14, 11]
[14, 11, 13]
[14, 13, 11]
[12, 12, 12]
[0, 21, 34]
[0, 34, 21]
[21, 0, 34]
[21, 34, 0]
[34, 0, 21]
[34, 21, 0]
[1, 19, 33]
[1, 33, 19]
[19, 1, 33]
[19, 33, 1]
[33, 1, 19]
[33, 19, 1]
[1, 20, 30]
[1, 30, 20]
[20, 1, 30]
[20, 30, 1]
[30, 1, 20]
[30, 20, 1]
[2, 20, 29]
[2, 29, 20]
[20, 2, 29]
[20, 29, 2]
[29, 2, 20]
[29, 20, 2]
[3, 17, 29]
[3, 29, 17]
[17, 3, 29]
[17, 29, 3]
[29, 3, 17]
[29, 17, 3]
[4, 16, 29]
[4, 29, 16]
[16, 4, 29]
[16, 29, 4]
[29, 4, 16]
[29, 16, 4]
[5, 17, 27]
[5, 27, 17]
[17, 5, 27]
[17, 27, 5]
[27, 5, 17]
[27, 17, 5]
[6, 15, 28]
[6, 28, 15]
[15, 6, 28]
[15, 28, 6]
[28, 6, 15]
[28, 15, 6]
[8, 21, 22]
[8, 22, 21]
[21, 8, 22]
[21, 22, 8]
[22, 8, 21]
[22, 21, 8]
[10, 19, 23]
[10, 23, 19]
[19, 10, 23]
[19, 23, 10]
[23, 10, 19]
[23, 19, 10]
[11, 15, 25]
[11, 25, 15]
[15, 11, 25]
[15, 25, 11]
[25, 11, 15]
[25, 15, 11]
[11, 16, 21]
[11, 21, 16]
[16, 11, 21]
[16, 21, 11]
[21, 11, 16]
[21, 16, 11]
[12, 14, 15]
[12, 15, 14]
[14, 12, 15]
[14, 15, 12]
[15, 12, 14]
[15, 14, 12]
[13, 13, 13]
[0, 22, 36]
[0, 36, 22]
[22, 0, 36]
[22, 36, 0]
[36, 0, 22]
[36, 22, 0]
[1, 22, 35]
[1, 35, 22]
[22, 1, 35]
[22, 35, 1]
[35, 1, 22]
[35, 22, 1]
[2, 21, 32]
[2, 32, 21]
[21, 2, 32]
[21, 32, 2]
[32, 2, 21]
[32, 21, 2]
[3, 18, 32]
[3, 32, 18]
[18, 3, 32]
[18, 32, 3]
[32, 3, 18]
[32, 18, 3]
[4, 18, 30]
[4, 30, 18]
[18, 4, 30]
[18, 30, 4]
[30, 4, 18]
[30, 18, 4]
[5, 19, 28]
[5, 28, 19]
[19, 5, 28]
[19, 28, 5]
[28, 5, 19]
[28, 19, 5]
[7, 15, 31]
[7, 31, 15]
[15, 7, 31]
[15, 31, 7]
[31, 7, 15]
[31, 15, 7]
[7, 17, 30]
[7, 30, 17]
[17, 7, 30]
[17, 30, 7]
[30, 7, 17]
[30, 17, 7]
[7, 18, 27]
[7, 27, 18]
[18, 7, 27]
[18, 27, 7]
[27, 7, 18]
[27, 18, 7]
[9, 23, 26]
[9, 26, 23]
[23, 9, 26]
[23, 26, 9]
[26, 9, 23]
[26, 23, 9]
[12, 16, 30]
[12, 30, 16]
[16, 12, 30]
[16, 30, 12]
[30, 12, 16]
[30, 16, 12]
[12, 17, 23]
[12, 23, 17]
[17, 12, 23]
[17, 23, 12]
[23, 12, 17]
[23, 17, 12]
[13, 15, 17]
[13, 17, 15]
[15, 13, 17]
[15, 17, 13]
[17, 13, 15]
[17, 15, 13]
[14, 14, 14]
[0, 24, 39]
[0, 39, 24]
[24, 0, 39]
[24, 39, 0]
[39, 0, 24]
[39, 24, 0]
[1, 23, 38]
[1, 38, 23]
[23, 1, 38]
[23, 38, 1]
[38, 1, 23]
[38, 23, 1]
[2, 22, 37]
[2, 37, 22]
[22, 2, 37]
[22, 37, 2]
[37, 2, 22]
[37, 22, 2]
[3, 19, 36]
[3, 36, 19]
[19, 3, 36]
[19, 36, 3]
[36, 3, 19]
[36, 19, 3]
[3, 25, 35]
[3, 35, 25]
[25, 3, 35]
[25, 35, 3]
[35, 3, 25]
[35, 25, 3]
[4, 20, 34]
[4, 34, 20]
[20, 4, 34]
[20, 34, 4]
[34, 4, 20]
[34, 20, 4]
[5, 18, 35]
[5, 35, 18]
[18, 5, 35]
[18, 35, 5]
[35, 5, 18]
[35, 18, 5]
[5, 21, 33]
[5, 33, 21]
[21, 5, 33]
[21, 33, 5]
[33, 5, 21]
[33, 21, 5]
[6, 18, 33]
[6, 33, 18]
[18, 6, 33]
[18, 33, 6]
[33, 6, 18]
[33, 18, 6]
[6, 24, 32]
[6, 32, 24]
[24, 6, 32]
[24, 32, 6]
[32, 6, 24]
[32, 24, 6]
[8, 23, 29]
[8, 29, 23]
[23, 8, 29]
[23, 29, 8]
[29, 8, 23]
[29, 23, 8]
[9, 20, 32]
[9, 32, 20]
[20, 9, 32]
[20, 32, 9]
[32, 9, 20]
[32, 20, 9]
[9, 21, 28]
[9, 28, 21]
[21, 9, 28]
[21, 28, 9]
[28, 9, 21]
[28, 21, 9]
[10, 25, 27]
[10, 27, 25]
[25, 10, 27]
[25, 27, 10]
[27, 10, 25]
[27, 25, 10]
[11, 17, 36]
[11, 36, 17]
[17, 11, 36]
[17, 36, 11]
[36, 11, 17]
[36, 17, 11]
[11, 20, 31]
[11, 31, 20]
[20, 11, 31]
[20, 31, 11]
[31, 11, 20]
[31, 20, 11]
[13, 18, 28]
[13, 28, 18]
[18, 13, 28]
[18, 28, 13]
[28, 13, 18]
[28, 18, 13]
[14, 16, 22]
[14, 22, 16]
[16, 14, 22]
[16, 22, 14]
[22, 14, 16]
[22, 16, 14]
[15, 15, 15]
[0, 25, 41]
[0, 41, 25]
[25, 0, 41]
[25, 41, 0]
[41, 0, 25]
[41, 25, 0]
[2, 24, 40]
[2, 40, 24]
[24, 2, 40]
[24, 40, 2]
[40, 2, 24]
[40, 24, 2]
[2, 25, 38]
[2, 38, 25]
[25, 2, 38]
[25, 38, 2]
[38, 2, 25]
[38, 25, 2]
[3, 22, 40]
[3, 40, 22]
[22, 3, 40]
[22, 40, 3]
[40, 3, 22]
[40, 22, 3]
[3, 24, 37]
[3, 37, 24]
[24, 3, 37]
[24, 37, 3]
[37, 3, 24]
[37, 24, 3]
[4, 21, 36]
[4, 36, 21]
[21, 4, 36]
[21, 36, 4]
[36, 4, 21]
[36, 21, 4]
[6, 19, 40]
[6, 40, 19]
[19, 6, 40]
[19, 40, 6]
[40, 6, 19]
[40, 19, 6]
[7, 22, 33]
[7, 33, 22]
[22, 7, 33]
[22, 33, 7]
[33, 7, 22]
[33, 22, 7]
[9, 19, 35]
[9, 35, 19]
[19, 9, 35]
[19, 35, 9]
[35, 9, 19]
[35, 19, 9]
[9, 25, 30]
[9, 30, 25]
[25, 9, 30]
[25, 30, 9]
[30, 9, 25]
[30, 25, 9]
[10, 22, 32]
[10, 32, 22]
[22, 10, 32]
[22, 32, 10]
[32, 10, 22]
[32, 22, 10]
[13, 19, 30]
[13, 30, 19]
[19, 13, 30]
[19, 30, 13]
[30, 13, 19]
[30, 19, 13]
[14, 17, 32]
[14, 32, 17]
[17, 14, 32]
[17, 32, 14]
[32, 14, 17]
[32, 17, 14]
[14, 18, 31]
[14, 31, 18]
[18, 14, 31]
[18, 31, 14]
[31, 14, 18]
[31, 18, 14]
[14, 20, 27]
[14, 27, 20]
[20, 14, 27]
[20, 27, 14]
[27, 14, 20]
[27, 20, 14]
[15, 16, 34]
[15, 34, 16]
[16, 15, 34]
[16, 34, 15]
[34, 15, 16]
[34, 16, 15]
[16, 16, 16]
[0, 27, 44]
[0, 44, 27]
[27, 0, 44]
[27, 44, 0]
[44, 0, 27]
[44, 27, 0]
[1, 25, 43]
[1, 43, 25]
[25, 1, 43]
[25, 43, 1]
[43, 1, 25]
[43, 25, 1]
[1, 26, 42]
[1, 42, 26]
[26, 1, 42]
[26, 42, 1]
[42, 1, 26]
[42, 26, 1]
[3, 26, 41]
[3, 41, 26]
[26, 3, 41]
[26, 41, 3]
[41, 3, 26]
[41, 26, 3]
[4, 23, 39]
[4, 39, 23]
[23, 4, 39]
[23, 39, 4]
[39, 4, 23]
[39, 23, 4]
[4, 26, 37]
[4, 37, 26]
[26, 4, 37]
[26, 37, 4]
[37, 4, 26]
[37, 26, 4]
[5, 22, 38]
[5, 38, 22]
[22, 5, 38]
[22, 38, 5]
[38, 5, 22]
[38, 22, 5]
[5, 23, 36]
[5, 36, 23]
[23, 5, 36]
[23, 36, 5]
[36, 5, 23]
[36, 23, 5]
[7, 23, 35]
[7, 35, 23]
[23, 7, 35]
[23, 35, 7]
[35, 7, 23]
[35, 23, 7]
[9, 33, 34]
[9, 34, 33]
[33, 9, 34]
[33, 34, 9]
[34, 9, 33]
[34, 33, 9]
[11, 22, 34]
[11, 34, 22]
[22, 11, 34]
[22, 34, 11]
[34, 11, 22]
[34, 22, 11]
[11, 24, 33]
[11, 33, 24]
[24, 11, 33]
[24, 33, 11]
[33, 11, 24]
[33, 24, 11]
[12, 28, 32]
[12, 32, 28]
[28, 12, 32]
[28, 32, 12]
[32, 12, 28]
[32, 28, 12]
[12, 29, 31]
[12, 31, 29]
[29, 12, 31]
[29, 31, 12]
[31, 12, 29]
[31, 29, 12]
[13, 26, 31]
[13, 31, 26]
[26, 13, 31]
[26, 31, 13]
[31, 13, 26]
[31, 26, 13]
[14, 25, 29]
[14, 29, 25]
[25, 14, 29]
[25, 29, 14]
[29, 14, 25]
[29, 25, 14]
[15, 20, 33]
[15, 33, 20]
[20, 15, 33]
[20, 33, 15]
[33, 15, 20]
[33, 20, 15]
[15, 22, 27]
[15, 27, 22]
[22, 15, 27]
[22, 27, 15]
[27, 15, 22]
[27, 22, 15]
[16, 17, 19]
[16, 19, 17]
[17, 16, 19]
[17, 19, 16]
[19, 16, 17]
[19, 17, 16]
[17, 17, 17]
[0, 29, 47]
[0, 47, 29]
[29, 0, 47]
[29, 47, 0]
[47, 0, 29]
[47, 29, 0]
[1, 27, 46]
[1, 46, 27]
[27, 1, 46]
[27, 46, 1]
[46, 1, 27]
[46, 27, 1]
[2, 27, 45]
[2, 45, 27]
[27, 2, 45]
[27, 45, 2]
[45, 2, 27]
[45, 27, 2]
[3, 28, 44]
[3, 44, 28]
[28, 3, 44]
[28, 44, 3]
[44, 3, 28]
[44, 28, 3]
[5, 24, 42]
[5, 42, 24]
[24, 5, 42]
[24, 42, 5]
[42, 5, 24]
[42, 24, 5]
[5, 25, 39]
[5, 39, 25]
[25, 5, 39]
[25, 39, 5]
[39, 5, 25]
[39, 25, 5]
[6, 25, 37]
[6, 37, 25]
[25, 6, 37]
[25, 37, 6]
[37, 6, 25]
[37, 25, 6]
[8, 24, 38]
[8, 38, 24]
[24, 8, 38]
[24, 38, 8]
[38, 8, 24]
[38, 24, 8]
[10, 24, 35]
[10, 35, 24]
[24, 10, 35]
[24, 35, 10]
[35, 10, 24]
[35, 24, 10]
[11, 23, 37]
[11, 37, 23]
[23, 11, 37]
[23, 37, 11]
[37, 11, 23]
[37, 23, 11]
[12, 25, 34]
[12, 34, 25]
[25, 12, 34]
[25, 34, 12]
[34, 12, 25]
[34, 25, 12]
[15, 21, 37]
[15, 37, 21]
[21, 15, 37]
[21, 37, 15]
[37, 15, 21]
[37, 21, 15]
[16, 18, 24]
[16, 24, 18]
[18, 16, 24]
[18, 24, 16]
[24, 16, 18]
[24, 18, 16]
[17, 18, 22]
[17, 22, 18]
[18, 17, 22]
[18, 22, 17]
[22, 17, 18]
[22, 18, 17]
[18, 18, 18]
[0, 30, 49]
[0, 49, 30]
[30, 0, 49]
[30, 49, 0]
[49, 0, 30]
[49, 30, 0]
[1, 31, 48]
[1, 48, 31]
[31, 1, 48]
[31, 48, 1]
[48, 1, 31]
[48, 31, 1]
[2, 28, 47]
[2, 47, 28]
[28, 2, 47]
[28, 47, 2]
[47, 2, 28]
[47, 28, 2]
[4, 27, 50]
[4, 50, 27]
[27, 4, 50]
[27, 50, 4]
[50, 4, 27]
[50, 27, 4]
[4, 28, 46]
[4, 46, 28]
[28, 4, 46]
[28, 46, 4]
[46, 4, 28]
[46, 28, 4]
[5, 29, 44]
[5, 44, 29]
[29, 5, 44]
[29, 44, 5]
[44, 5, 29]
[44, 29, 5]
[6, 26, 43]
[6, 43, 26]
[26, 6, 43]
[26, 43, 6]
[43, 6, 26]
[43, 26, 6]
[6, 27, 41]
[6, 41, 27]
[27, 6, 41]
[27, 41, 6]
[41, 6, 27]
[41, 27, 6]
[7, 24, 43]
[7, 43, 24]
[24, 7, 43]
[24, 43, 7]
[43, 7, 24]
[43, 24, 7]
[7, 25, 40]
[7, 40, 25]
[25, 7, 40]
[25, 40, 7]
[40, 7, 25]
[40, 25, 7]
[11, 26, 39]
[11, 39, 26]
[26, 11, 39]
[26, 39, 11]
[39, 11, 26]
[39, 26, 11]
[11, 35, 38]
[11, 38, 35]
[35, 11, 38]
[35, 38, 11]
[38, 11, 35]
[38, 35, 11]
[12, 24, 36]
[12, 36, 24]
[24, 12, 36]
[24, 36, 12]
[36, 12, 24]
[36, 24, 12]
[15, 32, 35]
[15, 35, 32]
[32, 15, 35]
[32, 35, 15]
[35, 15, 32]
[35, 32, 15]
[17, 20, 26]
[17, 26, 20]
[20, 17, 26]
[20, 26, 17]
[26, 17, 20]
[26, 20, 17]
[18, 19, 21]
[18, 21, 19]
[19, 18, 21]
[19, 21, 18]
[21, 18, 19]
[21, 19, 18]
[19, 19, 19]
[0, 32, 52]
[0, 52, 32]
[32, 0, 52]
[32, 52, 0]
[52, 0, 32]
[52, 32, 0]
[2, 30, 50]
[2, 50, 30]
[30, 2, 50]
[30, 50, 2]
[50, 2, 30]
[50, 30, 2]
[4, 32, 49]
[4, 49, 32]
[32, 4, 49]
[32, 49, 4]
[49, 4, 32]
[49, 32, 4]
[6, 29, 48]
[6, 48, 29]
[29, 6, 48]
[29, 48, 6]
[48, 6, 29]
[48, 29, 6]
[6, 31, 47]
[6, 47, 31]
[31, 6, 47]
[31, 47, 6]
[47, 6, 31]
[47, 31, 6]
[7, 26, 46]
[7, 46, 26]
[26, 7, 46]
[26, 46, 7]
[46, 7, 26]
[46, 26, 7]
[7, 28, 42]
[7, 42, 28]
[28, 7, 42]
[28, 42, 7]
[42, 7, 28]
[42, 28, 7]
[8, 25, 45]
[8, 45, 25]
[25, 8, 45]
[25, 45, 8]
[45, 8, 25]
[45, 25, 8]
[8, 26, 44]
[8, 44, 26]
[26, 8, 44]
[26, 44, 8]
[44, 8, 26]
[44, 26, 8]
[8, 28, 40]
[8, 40, 28]
[28, 8, 40]
[28, 40, 8]
[40, 8, 28]
[40, 28, 8]
[10, 26, 40]
[10, 40, 26]
[26, 10, 40]
[26, 40, 10]
[40, 10, 26]
[40, 26, 10]
[12, 27, 37]
[12, 37, 27]
[27, 12, 37]
[27, 37, 12]
[37, 12, 27]
[37, 27, 12]
[13, 27, 36]
[13, 36, 27]
[27, 13, 36]
[27, 36, 13]
[36, 13, 27]
[36, 27, 13]
[16, 25, 36]
[16, 36, 25]
[25, 16, 36]
[25, 36, 16]
[36, 16, 25]
[36, 25, 16]
[17, 24, 34]
[17, 34, 24]
[24, 17, 34]
[24, 34, 17]
[34, 17, 24]
[34, 24, 17]
[18, 20, 23]
[18, 23, 20]
[20, 18, 23]
[20, 23, 18]
[23, 18, 20]
[23, 20, 18]
[20, 20, 20]
[0, 33, 54]
[0, 54, 33]
[33, 0, 54]
[33, 54, 0]
[54, 0, 33]
[54, 33, 0]
[1, 32, 54]
[1, 54, 32]
[32, 1, 54]
[32, 54, 1]
[54, 1, 32]
[54, 32, 1]
[2, 34, 51]
[2, 51, 34]
[34, 2, 51]
[34, 51, 2]
[51, 2, 34]
[51, 34, 2]
[3, 30, 53]
[3, 53, 30]
[30, 3, 53]
[30, 53, 3]
[53, 3, 30]
[53, 30, 3]
[3, 31, 51]
[3, 51, 31]
[31, 3, 51]
[31, 51, 3]
[51, 3, 31]
[51, 31, 3]
[5, 30, 51]
[5, 51, 30]
[30, 5, 51]
[30, 51, 5]
[51, 5, 30]
[51, 30, 5]
[5, 31, 50]
[5, 50, 31]
[31, 5, 50]
[31, 50, 5]
[50, 5, 31]
[50, 31, 5]
[7, 29, 50]
[7, 50, 29]
[29, 7, 50]
[29, 50, 7]
[50, 7, 29]
[50, 29, 7]
[8, 27, 48]
[8, 48, 27]
[27, 8, 48]
[27, 48, 8]
[48, 8, 27]
[48, 27, 8]
[8, 30, 46]
[8, 46, 30]
[30, 8, 46]
[30, 46, 8]
[46, 8, 30]
[46, 30, 8]
[9, 27, 47]
[9, 47, 27]
[27, 9, 47]
[27, 47, 9]
[47, 9, 27]
[47, 27, 9]
[9, 29, 46]
[9, 46, 29]
[29, 9, 46]
[29, 46, 9]
[46, 9, 29]
[46, 29, 9]
[10, 28, 43]
[10, 43, 28]
[28, 10, 43]
[28, 43, 10]
[43, 10, 28]
[43, 28, 10]
[11, 27, 42]
[11, 42, 27]
[27, 11, 42]
[27, 42, 11]
[42, 11, 27]
[42, 27, 11]
[12, 26, 47]
[12, 47, 26]
[26, 12, 47]
[26, 47, 12]
[47, 12, 26]
[47, 26, 12]
[13, 25, 48]
[13, 48, 25]
[25, 13, 48]
[25, 48, 13]
[48, 13, 25]
[48, 25, 13]
[13, 29, 41]
[13, 41, 29]
[29, 13, 41]
[29, 41, 13]
[41, 13, 29]
[41, 29, 13]
[13, 34, 38]
[13, 38, 34]
[34, 13, 38]
[34, 38, 13]
[38, 13, 34]
[38, 34, 13]
[14, 28, 37]
[14, 37, 28]
[28, 14, 37]
[28, 37, 14]
[37, 14, 28]
[37, 28, 14]
[15, 30, 36]
[15, 36, 30]
[30, 15, 36]
[30, 36, 15]
[36, 15, 30]
[36, 30, 15]
[18, 25, 44]
[18, 44, 25]
[25, 18, 44]
[25, 44, 18]
[44, 18, 25]
[44, 25, 18]
[18, 26, 38]
[18, 38, 26]
[26, 18, 38]
[26, 38, 18]
[38, 18, 26]
[38, 26, 18]
[19, 20, 25]
[19, 25, 20]
[20, 19, 25]
[20, 25, 19]
[25, 19, 20]
[25, 20, 19]
[19, 22, 24]
[19, 24, 22]
[22, 19, 24]
[22, 24, 19]
[24, 19, 22]
[24, 22, 19]
[21, 21, 21]
[0, 35, 57]
[0, 57, 35]
[35, 0, 57]
[35, 57, 0]
[57, 0, 35]
[57, 35, 0]
[1, 34, 55]
[1, 55, 34]
[34, 1, 55]
[34, 55, 1]
[55, 1, 34]
[55, 34, 1]
[2, 33, 55]
[2, 55, 33]
[33, 2, 55]
[33, 55, 2]
[55, 2, 33]
[55, 33, 2]
[3, 33, 52]
[3, 52, 33]
[33, 3, 52]
[33, 52, 3]
[52, 3, 33]
[52, 33, 3]
[4, 31, 55]
[4, 55, 31]
[31, 4, 55]
[31, 55, 4]
[55, 4, 31]
[55, 31, 4]
[6, 30, 57]
[6, 57, 30]
[30, 6, 57]
[30, 57, 6]
[57, 6, 30]
[57, 30, 6]
[8, 31, 54]
[8, 54, 31]
[31, 8, 54]
[31, 54, 8]
[54, 8, 31]
[54, 31, 8]
[8, 32, 47]
[8, 47, 32]
[32, 8, 47]
[32, 47, 8]
[47, 8, 32]
[47, 32, 8]
[9, 31, 49]
[9, 49, 31]
[31, 9, 49]
[31, 49, 9]
[49, 9, 31]
[49, 31, 9]
[10, 29, 51]
[10, 51, 29]
[29, 10, 51]
[29, 51, 10]
[51, 10, 29]
[51, 29, 10]
[10, 30, 47]
[10, 47, 30]
[30, 10, 47]
[30, 47, 10]
[47, 10, 30]
[47, 30, 10]
[11, 28, 48]
[11, 48, 28]
[28, 11, 48]
[28, 48, 11]
[48, 11, 28]
[48, 28, 11]
[11, 29, 45]
[11, 45, 29]
[29, 11, 45]
[29, 45, 11]
[45, 11, 29]
[45, 29, 11]
[14, 30, 44]
[14, 44, 30]
[30, 14, 44]
[30, 44, 14]
[44, 14, 30]
[44, 30, 14]
[14, 33, 43]
[14, 43, 33]
[33, 14, 43]
[33, 43, 14]
[43, 14, 33]
[43, 33, 14]
[15, 29, 40]
[15, 40, 29]
[29, 15, 40]
[29, 40, 15]
[40, 15, 29]
[40, 29, 15]
[16, 32, 37]
[16, 37, 32]
[32, 16, 37]
[32, 37, 16]
[37, 16, 32]
[37, 32, 16]
[19, 26, 32]
[19, 32, 26]
[26, 19, 32]
[26, 32, 19]
[32, 19, 26]
[32, 26, 19]
[20, 24, 28]
[20, 28, 24]
[24, 20, 28]
[24, 28, 20]
[28, 20, 24]
[28, 24, 20]
[21, 23, 25]
[21, 25, 23]
[23, 21, 25]
[23, 25, 21]
[25, 21, 23]
[25, 23, 21]
[22, 22, 22]
[0, 37, 60]
[0, 60, 37]
[37, 0, 60]
[37, 60, 0]
[60, 0, 37]
[60, 37, 0]
[1, 36, 56]
[1, 56, 36]
[36, 1, 56]
[36, 56, 1]
[56, 1, 36]
[56, 36, 1]
[2, 35, 56]
[2, 56, 35]
[35, 2, 56]
[35, 56, 2]
[56, 2, 35]
[56, 35, 2]
[3, 34, 56]
[3, 56, 34]
[34, 3, 56]
[34, 56, 3]
[56, 3, 34]
[56, 34, 3]
[4, 33, 59]
[4, 59, 33]
[33, 4, 59]
[33, 59, 4]
[59, 4, 33]
[59, 33, 4]
[5, 32, 56]
[5, 56, 32]
[32, 5, 56]
[32, 56, 5]
[56, 5, 32]
[56, 32, 5]
[6, 34, 52]
[6, 52, 34]
[34, 6, 52]
[34, 52, 6]
[52, 6, 34]
[52, 34, 6]
[7, 32, 55]
[7, 55, 32]
[32, 7, 55]
[32, 55, 7]
[55, 7, 32]
[55, 32, 7]
[8, 33, 50]
[8, 50, 33]
[33, 8, 50]
[33, 50, 8]
[50, 8, 33]
[50, 33, 8]
[10, 31, 52]
[10, 52, 31]
[31, 10, 52]
[31, 52, 10]
[52, 10, 31]
[52, 31, 10]
[11, 30, 52]
[11, 52, 30]
[30, 11, 52]
[30, 52, 11]
[52, 11, 30]
[52, 30, 11]
[12, 33, 48]
[12, 48, 33]
[33, 12, 48]
[33, 48, 12]
[48, 12, 33]
[48, 33, 12]
[13, 32, 45]
[13, 45, 32]
[32, 13, 45]
[32, 45, 13]
[45, 13, 32]
[45, 32, 13]
[15, 41, 42]
[15, 42, 41]
[41, 15, 42]
[41, 42, 15]
[42, 15, 41]
[42, 41, 15]
[16, 31, 40]
[16, 40, 31]
[31, 16, 40]
[31, 40, 16]
[40, 16, 31]
[40, 31, 16]
[19, 27, 39]
[19, 39, 27]
[27, 19, 39]
[27, 39, 19]
[39, 19, 27]
[39, 27, 19]
[21, 24, 27]
[21, 27, 24]
[24, 21, 27]
[24, 27, 21]
[27, 21, 24]
[27, 24, 21]
[22, 23, 30]
[22, 30, 23]
[23, 22, 30]
[23, 30, 22]
[30, 22, 23]
[30, 23, 22]
[23, 23, 23]
[2, 36, 59]
[2, 59, 36]
[36, 2, 59]
[36, 59, 2]
[59, 2, 36]
[59, 36, 2]
[4, 35, 60]
[4, 60, 35]
[35, 4, 60]
[35, 60, 4]
[60, 4, 35]
[60, 35, 4]
[4, 38, 57]
[4, 57, 38]
[38, 4, 57]
[38, 57, 4]
[57, 4, 38]
[57, 38, 4]
[5, 34, 57]
[5, 57, 34]
[34, 5, 57]
[34, 57, 5]
[57, 5, 34]
[57, 34, 5]
[6, 35, 55]
[6, 55, 35]
[35, 6, 55]
[35, 55, 6]
[55, 6, 35]
[55, 35, 6]
[7, 36, 53]
[7, 53, 36]
[36, 7, 53]
[36, 53, 7]
[53, 7, 36]
[53, 36, 7]
[8, 34, 53]
[8, 53, 34]
[34, 8, 53]
[34, 53, 8]
[53, 8, 34]
[53, 34, 8]
[10, 33, 53]
[10, 53, 33]
[33, 10, 53]
[33, 53, 10]
[53, 10, 33]
[53, 33, 10]
[11, 32, 53]
[11, 53, 32]
[32, 11, 53]
[32, 53, 11]
[53, 11, 32]
[53, 32, 11]
[12, 35, 52]
[12, 52, 35]
[35, 12, 52]
[35, 52, 12]
[52, 12, 35]
[52, 35, 12]
[13, 35, 51]
[13, 51, 35]
[35, 13, 51]
[35, 51, 13]
[51, 13, 35]
[51, 35, 13]
[14, 34, 50]
[14, 50, 34]
[34, 14, 50]
[34, 50, 14]
[50, 14, 34]
[50, 34, 14]
[15, 38, 45]
[15, 45, 38]
[38, 15, 45]
[38, 45, 15]
[45, 15, 38]
[45, 38, 15]
[16, 33, 46]
[16, 46, 33]
[33, 16, 46]
[33, 46, 16]
[46, 16, 33]
[46, 33, 16]
[16, 38, 42]
[16, 42, 38]
[38, 16, 42]
[38, 42, 16]
[42, 16, 38]
[42, 38, 16]
[17, 33, 45]
[17, 45, 33]
[33, 17, 45]
[33, 45, 17]
[45, 17, 33]
[45, 33, 17]
[17, 35, 42]
[17, 42, 35]
[35, 17, 42]
[35, 42, 17]
[42, 17, 35]
[42, 35, 17]
[18, 37, 41]
[18, 41, 37]
[37, 18, 41]
[37, 41, 18]
[41, 18, 37]
[41, 37, 18]
[19, 29, 43]
[19, 43, 29]
[29, 19, 43]
[29, 43, 19]
[43, 19, 29]
[43, 29, 19]
[19, 34, 42]
[19, 42, 34]
[34, 19, 42]
[34, 42, 19]
[42, 19, 34]
[42, 34, 19]
[20, 36, 39]
[20, 39, 36]
[36, 20, 39]
[36, 39, 20]
[39, 20, 36]
[39, 36, 20]
[21, 26, 50]
[21, 50, 26]
[26, 21, 50]
[26, 50, 21]
[50, 21, 26]
[50, 26, 21]
[21, 30, 38]
[21, 38, 30]
[30, 21, 38]
[30, 38, 21]
[38, 21, 30]
[38, 30, 21]
[22, 25, 31]
[22, 31, 25]
[25, 22, 31]
[25, 31, 22]
[31, 22, 25]
[31, 25, 22]
[23, 24, 44]
[23, 44, 24]
[24, 23, 44]
[24, 44, 23]
[44, 23, 24]
[44, 24, 23]
[24, 24, 24]
[3, 38, 59]
[3, 59, 38]
[38, 3, 59]
[38, 59, 3]
[59, 3, 38]
[59, 38, 3]
[5, 37, 59]
[5, 59, 37]
[37, 5, 59]
[37, 59, 5]
[59, 5, 37]
[59, 37, 5]
[6, 36, 58]
[6, 58, 36]
[36, 6, 58]
[36, 58, 6]
[58, 6, 36]
[58, 36, 6]
[7, 34, 58]
[7, 58, 34]
[34, 7, 58]
[34, 58, 7]
[58, 7, 34]
[58, 34, 7]
[7, 39, 57]
[7, 57, 39]
[39, 7, 57]
[39, 57, 7]
[57, 7, 39]
[57, 39, 7]
[9, 36, 57]
[9, 57, 36]
[36, 9, 57]
[36, 57, 9]
[57, 9, 36]
[57, 36, 9]
[9, 37, 56]
[9, 56, 37]
[37, 9, 56]
[37, 56, 9]
[56, 9, 37]
[56, 37, 9]
[10, 36, 54]
[10, 54, 36]
[36, 10, 54]
[36, 54, 10]
[54, 10, 36]
[54, 36, 10]
[13, 33, 57]
[13, 57, 33]
[33, 13, 57]
[33, 57, 13]
[57, 13, 33]
[57, 33, 13]
[15, 39, 51]
[15, 51, 39]
[39, 15, 51]
[39, 51, 15]
[51, 15, 39]
[51, 39, 15]
[16, 35, 47]
[16, 47, 35]
[35, 16, 47]
[35, 47, 16]
[47, 16, 35]
[47, 35, 16]
[17, 38, 46]
[17, 46, 38]
[38, 17, 46]
[38, 46, 17]
[46, 17, 38]
[46, 38, 17]
[17, 39, 44]
[17, 44, 39]
[39, 17, 44]
[39, 44, 17]
[44, 17, 39]
[44, 39, 17]
[18, 34, 47]
[18, 47, 34]
[34, 18, 47]
[34, 47, 18]
[47, 18, 34]
[47, 34, 18]
[20, 35, 43]
[20, 43, 35]
[35, 20, 43]
[35, 43, 20]
[43, 20, 35]
[43, 35, 20]
[20, 40, 41]
[20, 41, 40]
[40, 20, 41]
[40, 41, 20]
[41, 20, 40]
[41, 40, 20]
[21, 29, 52]
[21, 52, 29]
[29, 21, 52]
[29, 52, 21]
[52, 21, 29]
[52, 29, 21]
[21, 31, 41]
[21, 41, 31]
[31, 21, 41]
[31, 41, 21]
[41, 21, 31]
[41, 31, 21]
[22, 26, 45]
[22, 45, 26]
[26, 22, 45]
[26, 45, 22]
[45, 22, 26]
[45, 26, 22]
[23, 27, 33]
[23, 33, 27]
[27, 23, 33]
[27, 33, 23]
[33, 23, 27]
[33, 27, 23]
[23, 28, 31]
[23, 31, 28]
[28, 23, 31]
[28, 31, 23]
[31, 23, 28]
[31, 28, 23]
[24, 25, 52]
[24, 52, 25]
[25, 24, 52]
[25, 52, 24]
[52, 24, 25]
[52, 25, 24]
[24, 29, 30]
[24, 30, 29]
[29, 24, 30]
[29, 30, 24]
[30, 24, 29]
[30, 29, 24]
[25, 25, 25]
[5, 40, 60]
[5, 60, 40]
[40, 5, 60]
[40, 60, 5]
[60, 5, 40]
[60, 40, 5]
[8, 35, 59]
[8, 59, 35]
[35, 8, 59]
[35, 59, 8]
[59, 8, 35]
[59, 35, 8]
[10, 34, 60]
[10, 60, 34]
[34, 10, 60]
[34, 60, 10]
[60, 10, 34]
[60, 34, 10]
[10, 39, 58]
[10, 58, 39]
[39, 10, 58]
[39, 58, 10]
[58, 10, 39]
[58, 39, 10]
[13, 40, 54]
[13, 54, 40]
[40, 13, 54]
[40, 54, 13]
[54, 13, 40]
[54, 40, 13]
[14, 36, 55]
[14, 55, 36]
[36, 14, 55]
[36, 55, 14]
[55, 14, 36]
[55, 36, 14]
[17, 37, 51]
[17, 51, 37]
[37, 17, 51]
[37, 51, 17]
[51, 17, 37]
[51, 37, 17]
[18, 36, 50]
[18, 50, 36]
[36, 18, 50]
[36, 50, 18]
[50, 18, 36]
[50, 36, 18]
[18, 42, 48]
[18, 48, 42]
[42, 18, 48]
[42, 48, 18]
[48, 18, 42]
[48, 42, 18]
[20, 37, 44]
[20, 44, 37]
[37, 20, 44]
[37, 44, 20]
[44, 20, 37]
[44, 37, 20]
[21, 35, 53]
[21, 53, 35]
[35, 21, 53]
[35, 53, 21]
[53, 21, 35]
[53, 35, 21]
[22, 28, 49]
[22, 49, 28]
[28, 22, 49]
[28, 49, 22]
[49, 22, 28]
[49, 28, 22]
[23, 32, 48]
[23, 48, 32]
[32, 23, 48]
[32, 48, 23]
[48, 23, 32]
[48, 32, 23]
[23, 34, 41]
[23, 41, 34]
[34, 23, 41]
[34, 41, 23]
[41, 23, 34]
[41, 34, 23]
[24, 26, 49]
[24, 49, 26]
[26, 24, 49]
[26, 49, 24]
[49, 24, 26]
[49, 26, 24]
[24, 31, 46]
[24, 46, 31]
[31, 24, 46]
[31, 46, 24]
[46, 24, 31]
[46, 31, 24]
[25, 26, 33]
[25, 33, 26]
[26, 25, 33]
[26, 33, 25]
[33, 25, 26]
[33, 26, 25]
[26, 26, 26]
[9, 38, 60]
[9, 60, 38]
[38, 9, 60]
[38, 60, 9]
[60, 9, 38]
[60, 38, 9]
[12, 40, 59]
[12, 59, 40]
[40, 12, 59]
[40, 59, 12]
[59, 12, 40]
[59, 40, 12]
[14, 38, 56]
[14, 56, 38]
[38, 14, 56]
[38, 56, 14]
[56, 14, 38]
[56, 38, 14]
[16, 39, 55]
[16, 55, 39]
[39, 16, 55]
[39, 55, 16]
[55, 16, 39]
[55, 39, 16]
[17, 41, 54]
[17, 54, 41]
[41, 17, 54]
[41, 54, 17]
[54, 17, 41]
[54, 41, 17]
[18, 43, 52]
[18, 52, 43]
[43, 18, 52]
[43, 52, 18]
[52, 18, 43]
[52, 43, 18]
[19, 37, 52]
[19, 52, 37]
[37, 19, 52]
[37, 52, 19]
[52, 19, 37]
[52, 37, 19]
[21, 39, 46]
[21, 46, 39]
[39, 21, 46]
[39, 46, 21]
[46, 21, 39]
[46, 39, 21]
[22, 29, 54]
[22, 54, 29]
[29, 22, 54]
[29, 54, 22]
[54, 22, 29]
[54, 29, 22]
[25, 28, 51]
[25, 51, 28]
[28, 25, 51]
[28, 51, 25]
[51, 25, 28]
[51, 28, 25]
[25, 32, 42]
[25, 42, 32]
[32, 25, 42]
[32, 42, 25]
[42, 25, 32]
[42, 32, 25]
[26, 27, 28]
[26, 28, 27]
[27, 26, 28]
[27, 28, 26]
[28, 26, 27]
[28, 27, 26]
[27, 27, 27]
[14, 39, 60]
[14, 60, 39]
[39, 14, 60]
[39, 60, 14]
[60, 14, 39]
[60, 39, 14]
[14, 40, 57]
[14, 57, 40]
[40, 14, 57]
[40, 57, 14]
[57, 14, 40]
[57, 40, 14]
[17, 40, 56]
[17, 56, 40]
[40, 17, 56]
[40, 56, 17]
[56, 17, 40]
[56, 40, 17]
[19, 38, 54]
[19, 54, 38]
[38, 19, 54]
[38, 54, 19]
[54, 19, 38]
[54, 38, 19]
[20, 38, 53]
[20, 53, 38]
[38, 20, 53]
[38, 53, 20]
[53, 20, 38]
[53, 38, 20]
[22, 39, 50]
[22, 50, 39]
[39, 22, 50]
[39, 50, 22]
[50, 22, 39]
[50, 39, 22]
[22, 43, 47]
[22, 47, 43]
[43, 22, 47]
[43, 47, 22]
[47, 22, 43]
[47, 43, 22]
[26, 29, 34]
[26, 34, 29]
[29, 26, 34]
[29, 34, 26]
[34, 26, 29]
[34, 29, 26]
[28, 28, 28]
[15, 43, 60]
[15, 60, 43]
[43, 15, 60]
[43, 60, 15]
[60, 15, 43]
[60, 43, 15]
[16, 44, 58]
[16, 58, 44]
[44, 16, 58]
[44, 58, 16]
[58, 16, 44]
[58, 44, 16]
[18, 40, 58]
[18, 58, 40]
[40, 18, 58]
[40, 58, 18]
[58, 18, 40]
[58, 40, 18]
[19, 45, 55]
[19, 55, 45]
[45, 19, 55]
[45, 55, 19]
[55, 19, 45]
[55, 45, 19]
[21, 40, 55]
[21, 55, 40]
[40, 21, 55]
[40, 55, 21]
[55, 21, 40]
[55, 40, 21]
[22, 44, 52]
[22, 52, 44]
[44, 22, 52]
[44, 52, 22]
[52, 22, 44]
[52, 44, 22]
[23, 40, 53]
[23, 53, 40]
[40, 23, 53]
[40, 53, 23]
[53, 23, 40]
[53, 40, 23]
[24, 45, 50]
[24, 50, 45]
[45, 24, 50]
[45, 50, 24]
[50, 24, 45]
[50, 45, 24]
[26, 30, 54]
[26, 54, 30]
[30, 26, 54]
[30, 54, 26]
[54, 26, 30]
[54, 30, 26]
[26, 36, 51]
[26, 51, 36]
[36, 26, 51]
[36, 51, 26]
[51, 26, 36]
[51, 36, 26]
[27, 29, 53]
[27, 53, 29]
[29, 27, 53]
[29, 53, 27]
[53, 27, 29]
[53, 29, 27]
[27, 30, 35]
[27, 35, 30]
[30, 27, 35]
[30, 35, 27]
[35, 27, 30]
[35, 30, 27]
[28, 29, 35]
[28, 35, 29]
[29, 28, 35]
[29, 35, 28]
[35, 28, 29]
[35, 29, 28]
[29, 29, 29]
[19, 41, 59]
[19, 59, 41]
[41, 19, 59]
[41, 59, 19]
[59, 19, 41]
[59, 41, 19]
[21, 42, 58]
[21, 58, 42]
[42, 21, 58]
[42, 58, 21]
[58, 21, 42]
[58, 42, 21]
[21, 51, 57]
[21, 57, 51]
[51, 21, 57]
[51, 57, 21]
[57, 21, 51]
[57, 51, 21]
[22, 41, 56]
[22, 56, 41]
[41, 22, 56]
[41, 56, 22]
[56, 22, 41]
[56, 41, 22]
[24, 48, 55]
[24, 55, 48]
[48, 24, 55]
[48, 55, 24]
[55, 24, 48]
[55, 48, 24]
[25, 46, 54]
[25, 54, 46]
[46, 25, 54]
[46, 54, 25]
[54, 25, 46]
[54, 46, 25]
[25, 47, 53]
[25, 53, 47]
[47, 25, 53]
[47, 53, 25]
[53, 25, 47]
[53, 47, 25]
[27, 31, 57]
[27, 57, 31]
[31, 27, 57]
[31, 57, 27]
[57, 27, 31]
[57, 31, 27]
[27, 32, 40]
[27, 40, 32]
[32, 27, 40]
[32, 40, 27]
[40, 27, 32]
[40, 32, 27]
[28, 30, 41]
[28, 41, 30]
[30, 28, 41]
[30, 41, 28]
[41, 28, 30]
[41, 30, 28]
[28, 33, 36]
[28, 36, 33]
[33, 28, 36]
[33, 36, 28]
[36, 28, 33]
[36, 33, 28]
[29, 32, 33]
[29, 33, 32]
[32, 29, 33]
[32, 33, 29]
[33, 29, 32]
[33, 32, 29]
[30, 30, 30]
[22, 42, 60]
[22, 60, 42]
[42, 22, 60]
[42, 60, 22]
[60, 22, 42]
[60, 42, 22]
[22, 48, 58]
[22, 58, 48]
[48, 22, 58]
[48, 58, 22]
[58, 22, 48]
[58, 48, 22]
[23, 42, 57]
[23, 57, 42]
[42, 23, 57]
[42, 57, 23]
[57, 23, 42]
[57, 42, 23]
[24, 41, 57]
[24, 57, 41]
[41, 24, 57]
[41, 57, 24]
[57, 24, 41]
[57, 41, 24]
[27, 38, 52]
[27, 52, 38]
[38, 27, 52]
[38, 52, 27]
[52, 27, 38]
[52, 38, 27]
[28, 34, 59]
[28, 59, 34]
[34, 28, 59]
[34, 59, 28]
[59, 28, 34]
[59, 34, 28]
[29, 36, 49]
[29, 49, 36]
[36, 29, 49]
[36, 49, 29]
[49, 29, 36]
[49, 36, 29]
[29, 37, 42]
[29, 42, 37]
[37, 29, 42]
[37, 42, 29]
[42, 29, 37]
[42, 37, 29]
[30, 31, 42]
[30, 42, 31]
[31, 30, 42]
[31, 42, 30]
[42, 30, 31]
[42, 31, 30]
[30, 32, 39]
[30, 39, 32]
[32, 30, 39]
[32, 39, 30]
[39, 30, 32]
[39, 32, 30]
[31, 31, 31]
[23, 59, 60]
[23, 60, 59]
[59, 23, 60]
[59, 60, 23]
[60, 23, 59]
[60, 59, 23]
[24, 47, 58]
[24, 58, 47]
[47, 24, 58]
[47, 58, 24]
[58, 24, 47]
[58, 47, 24]
[27, 43, 59]
[27, 59, 43]
[43, 27, 59]
[43, 59, 27]
[59, 27, 43]
[59, 43, 27]
[28, 45, 52]
[28, 52, 45]
[45, 28, 52]
[45, 52, 28]
[52, 28, 45]
[52, 45, 28]
[29, 39, 59]
[29, 59, 39]
[39, 29, 59]
[39, 59, 29]
[59, 29, 39]
[59, 39, 29]
[30, 33, 56]
[30, 56, 33]
[33, 30, 56]
[33, 56, 30]
[56, 30, 33]
[56, 33, 30]
[30, 37, 40]
[30, 40, 37]
[37, 30, 40]
[37, 40, 30]
[40, 30, 37]
[40, 37, 30]
[31, 32, 58]
[31, 58, 32]
[32, 31, 58]
[32, 58, 31]
[58, 31, 32]
[58, 32, 31]
[31, 34, 36]
[31, 36, 34]
[34, 31, 36]
[34, 36, 31]
[36, 31, 34]
[36, 34, 31]
[32, 32, 32]
[25, 55, 60]
[25, 60, 55]
[55, 25, 60]
[55, 60, 25]
[60, 25, 55]
[60, 55, 25]
[25, 56, 59]
[25, 59, 56]
[56, 25, 59]
[56, 59, 25]
[59, 25, 56]
[59, 56, 25]
[26, 52, 59]
[26, 59, 52]
[52, 26, 59]
[52, 59, 26]
[59, 26, 52]
[59, 52, 26]
[28, 50, 60]
[28, 60, 50]
[50, 28, 60]
[50, 60, 28]
[60, 28, 50]
[60, 50, 28]
[28, 54, 56]
[28, 56, 54]
[54, 28, 56]
[54, 56, 28]
[56, 28, 54]
[56, 54, 28]
[30, 43, 58]
[30, 58, 43]
[43, 30, 58]
[43, 58, 30]
[58, 30, 43]
[58, 43, 30]
[31, 37, 38]
[31, 38, 37]
[37, 31, 38]
[37, 38, 31]
[38, 31, 37]
[38, 37, 31]
[32, 34, 44]
[32, 44, 34]
[34, 32, 44]
[34, 44, 32]
[44, 32, 34]
[44, 34, 32]
[33, 33, 33]
[26, 58, 60]
[26, 60, 58]
[58, 26, 60]
[58, 60, 26]
[60, 26, 58]
[60, 58, 26]
[31, 39, 45]
[31, 45, 39]
[39, 31, 45]
[39, 45, 31]
[45, 31, 39]
[45, 39, 31]
[32, 36, 60]
[32, 60, 36]
[36, 32, 60]
[36, 60, 32]
[60, 32, 36]
[60, 36, 32]
[32, 38, 43]
[32, 43, 38]
[38, 32, 43]
[38, 43, 32]
[43, 32, 38]
[43, 38, 32]
[33, 35, 37]
[33, 37, 35]
[35, 33, 37]
[35, 37, 33]
[37, 33, 35]
[37, 35, 33]
[34, 34, 34]
[31, 43, 53]
[31, 53, 43]
[43, 31, 53]
[43, 53, 31]
[53, 31, 43]
[53, 43, 31]
[32, 50, 51]
[32, 51, 50]
[50, 32, 51]
[50, 51, 32]
[51, 32, 50]
[51, 50, 32]
[33, 38, 47]
[33, 47, 38]
[38, 33, 47]
[38, 47, 33]
[47, 33, 38]
[47, 38, 33]
[34, 35, 39]
[34, 39, 35]
[35, 34, 39]
[35, 39, 34]
[39, 34, 35]
[39, 35, 34]
[35, 35, 35]
[31, 44, 60]
[31, 60, 44]
[44, 31, 60]
[44, 60, 31]
[60, 31, 44]
[60, 44, 31]
[33, 41, 51]
[33, 51, 41]
[41, 33, 51]
[41, 51, 33]
[51, 33, 41]
[51, 41, 33]
[34, 37, 43]
[34, 43, 37]
[37, 34, 43]
[37, 43, 34]
[43, 34, 37]
[43, 37, 34]
[35, 36, 45]
[35, 45, 36]
[36, 35, 45]
[36, 45, 35]
[45, 35, 36]
[45, 36, 35]
[36, 36, 36]
[33, 49, 60]
[33, 60, 49]
[49, 33, 60]
[49, 60, 33]
[60, 33, 49]
[60, 49, 33]
[34, 45, 54]
[34, 54, 45]
[45, 34, 54]
[45, 54, 34]
[54, 34, 45]
[54, 45, 34]
[35, 40, 46]
[35, 46, 40]
[40, 35, 46]
[40, 46, 35]
[46, 35, 40]
[46, 40, 35]
[36, 38, 40]
[36, 40, 38]
[38, 36, 40]
[38, 40, 36]
[40, 36, 38]
[40, 38, 36]
[37, 37, 37]
[35, 41, 48]
[35, 48, 41]
[41, 35, 48]
[41, 48, 35]
[48, 35, 41]
[48, 41, 35]
[36, 42, 46]
[36, 46, 42]
[42, 36, 46]
[42, 46, 36]
[46, 36, 42]
[46, 42, 36]
[37, 39, 47]
[37, 47, 39]
[39, 37, 47]
[39, 47, 37]
[47, 37, 39]
[47, 39, 37]
[38, 38, 38]
[36, 47, 48]
[36, 48, 47]
[47, 36, 48]
[47, 48, 36]
[48, 36, 47]
[48, 47, 36]
[37, 45, 46]
[37, 46, 45]
[45, 37, 46]
[45, 46, 37]
[46, 37, 45]
[46, 45, 37]
[38, 39, 41]
[38, 41, 39]
[39, 38, 41]
[39, 41, 38]
[41, 38, 39]
[41, 39, 38]
[39, 39, 39]
[37, 48, 53]
[37, 53, 48]
[48, 37, 53]
[48, 53, 37]
[53, 37, 48]
[53, 48, 37]
[38, 44, 51]
[38, 51, 44]
[44, 38, 51]
[44, 51, 38]
[51, 38, 44]
[51, 44, 38]
[38, 49, 50]
[38, 50, 49]
[49, 38, 50]
[49, 50, 38]
[50, 38, 49]
[50, 49, 38]
[39, 40, 49]
[39, 49, 40]
[40, 39, 49]
[40, 49, 39]
[49, 39, 40]
[49, 40, 39]
[39, 43, 48]
[39, 48, 43]
[43, 39, 48]
[43, 48, 39]
[48, 39, 43]
[48, 43, 39]
[40, 40, 40]
[37, 55, 58]
[37, 58, 55]
[55, 37, 58]
[55, 58, 37]
[58, 37, 55]
[58, 55, 37]
[39, 42, 53]
[39, 53, 42]
[42, 39, 53]
[42, 53, 39]
[53, 39, 42]
[53, 42, 39]
[40, 42, 43]
[40, 43, 42]
[42, 40, 43]
[42, 43, 40]
[43, 40, 42]
[43, 42, 40]
[41, 41, 41]
[40, 44, 50]
[40, 50, 44]
[44, 40, 50]
[44, 50, 40]
[50, 40, 44]
[50, 44, 40]
[41, 43, 46]
[41, 46, 43]
[43, 41, 46]
[43, 46, 41]
[46, 41, 43]
[46, 43, 41]
[42, 42, 42]
[40, 47, 51]
[40, 51, 47]
[47, 40, 51]
[47, 51, 40]
[51, 40, 47]
[51, 47, 40]
[41, 44, 49]
[41, 49, 44]
[44, 41, 49]
[44, 49, 41]
[49, 41, 44]
[49, 44, 41]
[42, 45, 47]
[42, 47, 45]
[45, 42, 47]
[45, 47, 42]
[47, 42, 45]
[47, 45, 42]
[43, 43, 43]
[41, 45, 53]
[41, 53, 45]
[45, 41, 53]
[45, 53, 41]
[53, 41, 45]
[53, 45, 41]
[42, 44, 56]
[42, 56, 44]
[44, 42, 56]
[44, 56, 42]
[56, 42, 44]
[56, 44, 42]
[43, 44, 55]
[43, 55, 44]
[44, 43, 55]
[44, 55, 43]
[55, 43, 44]
[55, 44, 43]
[44, 44, 44]
[42, 49, 55]
[42, 55, 49]
[49, 42, 55]
[49, 55, 42]
[55, 42, 49]
[55, 49, 42]
[42, 50, 54]
[42, 54, 50]
[50, 42, 54]
[50, 54, 42]
[54, 42, 50]
[54, 50, 42]
[43, 45, 57]
[43, 57, 45]
[45, 43, 57]
[45, 57, 43]
[57, 43, 45]
[57, 45, 43]
[45, 45, 45]
[44, 48, 59]
[44, 59, 48]
[48, 44, 59]
[48, 59, 44]
[59, 44, 48]
[59, 48, 44]
[44, 53, 57]
[44, 57, 53]
[53, 44, 57]
[53, 57, 44]
[57, 44, 53]
[57, 53, 44]
[45, 49, 56]
[45, 56, 49]
[49, 45, 56]
[49, 56, 45]
[56, 45, 49]
[56, 49, 45]
[46, 46, 46]
[46, 47, 50]
[46, 50, 47]
[47, 46, 50]
[47, 50, 46]
[50, 46, 47]
[50, 47, 46]
[47, 47, 47]
[46, 48, 60]
[46, 60, 48]
[48, 46, 60]
[48, 60, 46]
[60, 46, 48]
[60, 48, 46]
[46, 51, 55]
[46, 55, 51]
[51, 46, 55]
[51, 55, 46]
[55, 46, 51]
[55, 51, 46]
[46, 52, 53]
[46, 53, 52]
[52, 46, 53]
[52, 53, 46]
[53, 46, 52]
[53, 52, 46]
[48, 48, 48]
[47, 52, 60]
[47, 60, 52]
[52, 47, 60]
[52, 60, 47]
[60, 47, 52]
[60, 52, 47]
[47, 55, 56]
[47, 56, 55]
[55, 47, 56]
[55, 56, 47]
[56, 47, 55]
[56, 55, 47]
[48, 49, 57]
[48, 57, 49]
[49, 48, 57]
[49, 57, 48]
[57, 48, 49]
[57, 49, 48]
[48, 51, 52]
[48, 52, 51]
[51, 48, 52]
[51, 52, 48]
[52, 48, 51]
[52, 51, 48]
[49, 49, 49]
[49, 53, 58]
[49, 58, 53]
[53, 49, 58]
[53, 58, 49]
[58, 49, 53]
[58, 53, 49]
[50, 50, 50]
[50, 52, 55]
[50, 55, 52]
[52, 50, 55]
[52, 55, 50]
[55, 50, 52]
[55, 52, 50]
[51, 51, 51]
[51, 56, 58]
[51, 58, 56]
[56, 51, 58]
[56, 58, 51]
[58, 51, 56]
[58, 56, 51]
[52, 52, 52]
[52, 54, 58]
[52, 58, 54]
[54, 52, 58]
[54, 58, 52]
[58, 52, 54]
[58, 54, 52]
[53, 53, 53]
[54, 54, 54]
[54, 57, 59]
[54, 59, 57]
[57, 54, 59]
[57, 59, 54]
[59, 54, 57]
[59, 57, 54]
[55, 55, 55]
[56, 56, 56]
[57, 57, 57]
[58, 58, 58]
[59, 59, 59]
[60, 60, 60]
