[0, 0, 0]
[0, 1, 2]
[0, 3, 5]
[0, 4, 7]
[0, 6, 10]
[0, 8, 13]
[0, 9, 15]
[0, 11, 18]
[0, 12, 20]
[0, 14, 23]
[0, 16, 26]
[0, 17, 28]
[0, 19, 31]
[0, 21, 34]
[0, 22, 36]
[0, 24, 39]
[0, 25, 41]
[0, 27, 44]
[0, 29, 47]
[0, 30, 49]
[0, 32, 52]
[0, 33, 54]
[0, 35, 57]
[0, 37, 60]
[1, 1, 1]
[1, 3, 4]
[1, 5, 8]
[1, 6, 12]
[1, 7, 11]
[1, 9, 14]
[1, 10, 17]
[1, 13, 21]
[1, 15, 24]
[1, 16, 28]
[1, 18, 29]
[1, 19, 33]
[1, 20, 30]
[1, 22, 35]
[1, 23, 38]
[1, 25, 43]
[1, 26, 42]
[1, 27, 46]
[1, 31, 48]
[1, 32, 54]
[1, 34, 55]
[1, 36, 56]
[2, 2, 2]
[2, 3, 6]
[2, 4, 8]
[2, 5, 7]
[2, 9, 16]
[2, 10, 15]
[2, 11, 19]
[2, 12, 18]
[2, 13, 23]
[2, 14, 26]
[2, 17, 31]
[2, 20, 29]
[2, 21, 32]
[2, 22, 37]
[2, 24, 40]
[2, 25, 38]
[2, 27, 45]
[2, 28, 47]
[2, 30, 50]
[2, 33, 55]
[2, 34, 51]
[2, 35, 56]
[2, 36, 59]
[3, 3, 3]
[3, 7, 9]
[3, 8, 14]
[3, 10, 11]
[3, 12, 21]
[3, 13, 20]
[3, 15, 23]
[3, 16, 27]
[3, 17, 29]
[3, 18, 32]
[3, 19, 36]
[3, 22, 40]
[3, 24, 37]
[3, 25, 35]
[3, 26, 41]
[3, 28, 44]
[3, 30, 53]
[3, 31, 51]
[3, 33, 52]
[3, 34, 56]
[3, 38, 59]
[4, 4, 4]
[4, 5, 10]
[4, 6, 9]
[4, 11, 12]
[4, 13, 22]
[4, 14, 24]
[4, 15, 19]
[4, 16, 29]
[4, 17, 25]
[4, 18, 30]
[4, 20, 34]
[4, 21, 36]
[4, 23, 39]
[4, 26, 37]
[4, 27, 50]
[4, 28, 46]
[4, 31, 55]
[4, 32, 49]
[4, 33, 59]
[4, 35, 60]
[4, 38, 57]
[5, 5, 5]
[5, 6, 14]
[5, 9, 11]
[5, 12, 13]
[5, 15, 26]
[5, 16, 20]
[5, 17, 27]
[5, 18, 35]
[5, 19, 28]
[5, 21, 33]
[5, 22, 38]
[5, 23, 36]
[5, 24, 42]
[5, 25, 39]
[5, 29, 44]
[5, 30, 51]
[5, 31, 50]
[5, 32, 56]
[5, 34, 57]
[5, 37, 59]
[5, 40, 60]
[6, 6, 6]
[6, 7, 13]
[6, 8, 11]
[6, 15, 28]
[6, 16, 23]
[6, 17, 21]
[6, 18, 33]
[6, 19, 40]
[6, 20, 22]
[6, 24, 32]
[6, 25, 37]
[6, 26, 43]
[6, 27, 41]
[6, 29, 48]
[6, 30, 57]
[6, 31, 47]
[6, 34, 52]
[6, 35, 55]
[6, 36, 58]
[7, 7, 7]
[7, 8, 16]
[7, 10, 12]
[7, 14, 19]
[7, 15, 31]
[7, 17, 30]
[7, 18, 27]
[7, 20, 21]
[7, 22, 33]
[7, 23, 35]
[7, 24, 43]
[7, 25, 40]
[7, 26, 46]
[7, 28, 42]
[7, 29, 50]
[7, 32, 55]
[7, 34, 58]
[7, 36, 53]
[7, 39, 57]
[8, 8, 8]
[8, 9, 17]
[8, 10, 20]
[8, 12, 19]
[8, 15, 18]
[8, 21, 22]
[8, 23, 29]
[8, 24, 38]
[8, 25, 45]
[8, 26, 44]
[8, 27, 48]
[8, 28, 40]
[8, 30, 46]
[8, 31, 54]
[8, 32, 47]
[8, 33, 50]
[8, 34, 53]
[8, 35, 59]
[9, 9, 9]
[9, 10, 18]
[9, 12, 22]
[9, 13, 24]
[9, 19, 35]
[9, 20, 32]
[9, 21, 28]
[9, 23, 26]
[9, 25, 30]
[9, 27, 47]
[9, 29, 46]
[9, 31, 49]
[9, 33, 34]
[9, 36, 57]
[9, 37, 56]
[9, 38, 60]
[10, 10, 10]
[10, 13, 16]
[10, 14, 21]
[10, 19, 23]
[10, 22, 32]
[10, 24, 35]
[10, 25, 27]
[10, 26, 40]
[10, 28, 43]
[10, 29, 51]
[10, 30, 47]
[10, 31, 52]
[10, 33, 53]
[10, 34, 60]
[10, 36, 54]
[10, 39, 58]
[11, 11, 11]
[11, 13, 14]
[11, 15, 25]
[11, 16, 21]
[11, 17, 36]
[11, 20, 31]
[11, 22, 34]
[11, 23, 37]
[11, 24, 33]
[11, 26, 39]
[11, 27, 42]
[11, 28, 48]
[11, 29, 45]
[11, 30, 52]
[11, 32, 53]
[11, 35, 38]
[12, 12, 12]
[12, 14, 15]
[12, 16, 30]
[12, 17, 23]
[12, 24, 36]
[12, 25, 34]
[12, 26, 47]
[12, 27, 37]
[12, 28, 32]
[12, 29, 31]
[12, 33, 48]
[12, 35, 52]
[12, 40, 59]
[13, 13, 13]
[13, 15, 17]
[13, 18, 28]
[13, 19, 30]
[13, 25, 48]
[13, 26, 31]
[13, 27, 36]
[13, 29, 41]
[13, 32, 45]
[13, 33, 57]
[13, 34, 38]
[13, 35, 51]
[13, 40, 54]
[14, 14, 14]
[14, 16, 22]
[14, 17, 32]
[14, 18, 31]
[14, 20, 27]
[14, 25, 29]
[14, 28, 37]
[14, 30, 44]
[14, 33, 43]
[14, 34, 50]
[14, 36, 55]
[14, 38, 56]
[14, 39, 60]
[14, 40, 57]
[15, 15, 15]
[15, 16, 34]
[15, 20, 33]
[15, 21, 37]
[15, 22, 27]
[15, 29, 40]
[15, 30, 36]
[15, 32, 35]
[15, 38, 45]
[15, 39, 51]
[15, 41, 42]
[15, 43, 60]
[16, 16, 16]
[16, 17, 19]
[16, 18, 24]
[16, 25, 36]
[16, 31, 40]
[16, 32, 37]
[16, 33, 46]
[16, 35, 47]
[16, 38, 42]
[16, 39, 55]
[16, 44, 58]
[17, 17, 17]
[17, 18, 22]
[17, 20, 26]
[17, 24, 34]
[17, 33, 45]
[17, 35, 42]
[17, 37, 51]
[17, 38, 46]
[17, 39, 44]
[17, 40, 56]
[17, 41, 54]
[18, 18, 18]
[18, 19, 21]
[18, 20, 23]
[18, 25, 44]
[18, 26, 38]
[18, 34, 47]
[18, 36, 50]
[18, 37, 41]
[18, 40, 58]
[18, 42, 48]
[18, 43, 52]
[19, 19, 19]
[19, 20, 25]
[19, 22, 24]
[19, 26, 32]
[19, 27, 39]
[19, 29, 43]
[19, 34, 42]
[19, 37, 52]
[19, 38, 54]
[19, 41, 59]
[19, 45, 55]
[20, 20, 20]
[20, 24, 28]
[20, 35, 43]
[20, 36, 39]
[20, 37, 44]
[20, 38, 53]
[20, 40, 41]
[21, 21, 21]
[21, 23, 25]
[21, 24, 27]
[21, 26, 50]
[21, 29, 52]
[21, 30, 38]
[21, 31, 41]
[21, 35, 53]
[21, 39, 46]
[21, 40, 55]
[21, 42, 58]
[21, 51, 57]
[22, 22, 22]
[22, 23, 30]
[22, 25, 31]
[22, 26, 45]
[22, 28, 49]
[22, 29, 54]
[22, 39, 50]
[22, 41, 56]
[22, 42, 60]
[22, 43, 47]
[22, 44, 52]
[22, 48, 58]
[23, 23, 23]
[23, 24, 44]
[23, 27, 33]
[23, 28, 31]
[23, 32, 48]
[23, 34, 41]
[23, 40, 53]
[23, 42, 57]
[23, 59, 60]
[24, 24, 24]
[24, 25, 52]
[24, 26, 49]
[24, 29, 30]
[24, 31, 46]
[24, 41, 57]
[24, 45, 50]
[24, 47, 58]
[24, 48, 55]
[25, 25, 25]
[25, 26, 33]
[25, 28, 51]
[25, 32, 42]
[25, 46, 54]
[25, 47, 53]
[25, 55, 60]
[25, 56, 59]
[26, 26, 26]
[26, 27, 28]
[26, 29, 34]
[26, 30, 54]
[26, 36, 51]
[26, 52, 59]
[26, 58, 60]
[27, 27, 27]
[27, 29, 53]
[27, 30, 35]
[27, 31, 57]
[27, 32, 40]
[27, 38, 52]
[27, 43, 59]
[28, 28, 28]
[28, 29, 35]
[28, 30, 41]
[28, 33, 36]
[28, 34, 59]
[28, 45, 52]
[28, 50, 60]
[28, 54, 56]
[29, 29, 29]
[29, 32, 33]
[29, 36, 49]
[29, 37, 42]
[29, 39, 59]
[30, 30, 30]
[30, 31, 42]
[30, 32, 39]
[30, 33, 56]
[30, 37, 40]
[30, 43, 58]
[31, 31, 31]
[31, 32, 58]
[31, 34, 36]
[31, 37, 38]
[31, 39, 45]
[31, 43, 53]
[31, 44, 60]
[32, 32, 32]
[32, 34, 44]
[32, 36, 60]
[32, 38, 43]
[32, 50, 51]
[33, 33, 33]
[33, 35, 37]
[33, 38, 47]
[33, 41, 51]
[33, 49, 60]
[34, 34, 34]
[34, 35, 39]
[34, 37, 43]
[34, 45, 54]
[35, 35, 35]
[35, 36, 45]
[35, 40, 46]
[35, 41, 48]
[36, 36, 36]
[36, 38, 40]
[36, 42, 46]
[36, 47, 48]
[37, 37, 37]
[37, 39, 47]
[37, 45, 46]
[37, 48, 53]
[37, 55, 58]
[38, 38, 38]
[38, 39, 41]
[38, 44, 51]
[38, 49, 50]
[39, 39, 39]
[39, 40, 49]
[39, 42, 53]
[39, 43, 48]
[40, 40, 40]
[40, 42, 43]
[40, 44, 50]
[40, 47, 51]
[41, 41, 41]
[41, 43, 46]
[41, 44, 49]
[41, 45, 53]
[42, 42, 42]
[42, 44, 56]
[42, 45, 47]
[42, 49, 55]
[42, 50, 54]
[43, 43, 43]
[43, 44, 55]
[43, 45, 57]
[44, 44, 44]
[44, 48, 59]
[44, 53, 57]
[45, 45, 45]
[45, 49, 56]
[46, 46, 46]
[46, 47, 50]
[46, 48, 60]
[46, 51, 55]
[46, 52, 53]
[47, 47, 47]
[47, 52, 60]
[47, 55, 56]
[48, 48, 48]
[48, 49, 57]
[48, 51, 52]
[49, 49, 49]
[49, 53, 58]
[50, 50, 50]
[50, 52, 55]
[51, 51, 51]
[51, 56, 58]
[52, 52, 52]
[52, 54, 58]
[53, 53, 53]
[54, 54, 54]
[54, 57, 59]
[55, 55, 55]
[56, 56, 56]
[57, 57, 57]
[58, 58, 58]
[59, 59, 59]
[60, 60, 60]
