[0, 0, 0],[0, 1, 2]
[0, 0, 0],[0, 2, 1]
[0, 0, 0],[1, 0, 2]
[0, 0, 0],[1, 2, 0]
[0, 0, 0],[2, 0, 1]
[0, 0, 0],[2, 1, 0]
[0, 0, 0],[1, 1, 1]
[0, 1, 2],[0, 3, 5]
[0, 2, 1],[0, 3, 5]
[0, 1, 2],[0, 5, 3]
[0, 2, 1],[0, 5, 3]
[1, 0, 2],[3, 0, 5]
[2, 0, 1],[3, 0, 5]
[1, 2, 0],[3, 5, 0]
[2, 1, 0],[3, 5, 0]
[1, 0, 2],[5, 0, 3]
[2, 0, 1],[5, 0, 3]
[1, 2, 0],[5, 3, 0]
[2, 1, 0],[5, 3, 0]
[0, 1, 2],[1, 3, 4]
[0, 2, 1],[1, 3, 4]
[1, 0, 2],[1, 3, 4]
[1, 2, 0],[1, 3, 4]
[1, 1, 1],[1, 3, 4]
[0, 1, 2],[1, 4, 3]
[0, 2, 1],[1, 4, 3]
[1, 0, 2],[1, 4, 3]
[1, 2, 0],[1, 4, 3]
[1, 1, 1],[1, 4, 3]
[0, 1, 2],[3, 1, 4]
[1, 0, 2],[3, 1, 4]
[2, 0, 1],[3, 1, 4]
[2, 1, 0],[3, 1, 4]
[1, 1, 1],[3, 1, 4]
[0, 2, 1],[3, 4, 1]
[1, 2, 0],[3, 4, 1]
[2, 0, 1],[3, 4, 1]
[2, 1, 0],[3, 4, 1]
[1, 1, 1],[3, 4, 1]
[0, 1, 2],[4, 1, 3]
[1, 0, 2],[4, 1, 3]
[2, 0, 1],[4, 1, 3]
[2, 1, 0],[4, 1, 3]
[1, 1, 1],[4, 1, 3]
[0, 2, 1],[4, 3, 1]
[1, 2, 0],[4, 3, 1]
[2, 0, 1],[4, 3, 1]
[2, 1, 0],[4, 3, 1]
[1, 1, 1],[4, 3, 1]
[0, 1, 2],[2, 2, 2]
[0, 2, 1],[2, 2, 2]
[1, 0, 2],[2, 2, 2]
[1, 2, 0],[2, 2, 2]
[2, 0, 1],[2, 2, 2]
[2, 1, 0],[2, 2, 2]
[1, 1, 1],[2, 2, 2]
[0, 3, 5],[0, 4, 7]
[0, 5, 3],[0, 7, 4]
[3, 0, 5],[4, 0, 7]
[3, 5, 0],[4, 7, 0]
[5, 0, 3],[7, 0, 4]
[5, 3, 0],[7, 4, 0]
[0, 3, 5],[2, 3, 6]
[1, 3, 4],[2, 3, 6]
[2, 2, 2],[2, 3, 6]
[0, 5, 3],[2, 6, 3]
[1, 4, 3],[2, 6, 3]
[2, 2, 2],[2, 6, 3]
[3, 0, 5],[3, 2, 6]
[3, 1, 4],[3, 2, 6]
[2, 2, 2],[3, 2, 6]
[3, 5, 0],[3, 6, 2]
[3, 4, 1],[3, 6, 2]
[2, 2, 2],[3, 6, 2]
[5, 0, 3],[6, 2, 3]
[4, 1, 3],[6, 2, 3]
[2, 2, 2],[6, 2, 3]
[5, 3, 0],[6, 3, 2]
[4, 3, 1],[6, 3, 2]
[2, 2, 2],[6, 3, 2]
[2, 2, 2],[3, 3, 3]
[0, 4, 7],[0, 6, 10]
[0, 7, 4],[0, 10, 6]
[4, 0, 7],[6, 0, 10]
[4, 7, 0],[6, 10, 0]
[7, 0, 4],[10, 0, 6]
[7, 4, 0],[10, 6, 0]
[0, 4, 7],[1, 5, 8]
[0, 7, 4],[1, 8, 5]
[4, 0, 7],[5, 1, 8]
[4, 7, 0],[5, 8, 1]
[7, 0, 4],[8, 1, 5]
[7, 4, 0],[8, 5, 1]
[0, 4, 7],[2, 4, 8]
[2, 3, 6],[2, 4, 8]
[0, 7, 4],[2, 8, 4]
[2, 6, 3],[2, 8, 4]
[4, 0, 7],[4, 2, 8]
[3, 2, 6],[4, 2, 8]
[4, 7, 0],[4, 8, 2]
[3, 6, 2],[4, 8, 2]
[7, 0, 4],[8, 2, 4]
[6, 2, 3],[8, 2, 4]
[7, 4, 0],[8, 4, 2]
[6, 3, 2],[8, 4, 2]
[0, 4, 7],[2, 5, 7]
[2, 3, 6],[2, 5, 7]
[0, 7, 4],[2, 7, 5]
[2, 6, 3],[2, 7, 5]
[4, 0, 7],[5, 2, 7]
[3, 2, 6],[5, 2, 7]
[4, 7, 0],[5, 7, 2]
[3, 6, 2],[5, 7, 2]
[7, 0, 4],[7, 2, 5]
[6, 2, 3],[7, 2, 5]
[7, 4, 0],[7, 5, 2]
[6, 3, 2],[7, 5, 2]
[3, 3, 3],[4, 4, 4]
[0, 6, 10],[0, 8, 13]
[0, 10, 6],[0, 13, 8]
[6, 0, 10],[8, 0, 13]
[6, 10, 0],[8, 13, 0]
[10, 0, 6],[13, 0, 8]
[10, 6, 0],[13, 8, 0]
[0, 6, 10],[1, 6, 12]
[1, 5, 8],[1, 6, 12]
[0, 10, 6],[1, 12, 6]
[1, 8, 5],[1, 12, 6]
[6, 0, 10],[6, 1, 12]
[5, 1, 8],[6, 1, 12]
[6, 10, 0],[6, 12, 1]
[5, 8, 1],[6, 12, 1]
[10, 0, 6],[12, 1, 6]
[8, 1, 5],[12, 1, 6]
[10, 6, 0],[12, 6, 1]
[8, 5, 1],[12, 6, 1]
[0, 6, 10],[1, 7, 11]
[1, 5, 8],[1, 7, 11]
[0, 10, 6],[1, 11, 7]
[1, 8, 5],[1, 11, 7]
[6, 0, 10],[7, 1, 11]
[5, 1, 8],[7, 1, 11]
[6, 10, 0],[7, 11, 1]
[5, 8, 1],[7, 11, 1]
[10, 0, 6],[11, 1, 7]
[8, 1, 5],[11, 1, 7]
[10, 6, 0],[11, 7, 1]
[8, 5, 1],[11, 7, 1]
[1, 5, 8],[3, 7, 9]
[2, 4, 8],[3, 7, 9]
[2, 5, 7],[3, 7, 9]
[2, 7, 5],[3, 7, 9]
[1, 8, 5],[3, 9, 7]
[2, 8, 4],[3, 9, 7]
[2, 5, 7],[3, 9, 7]
[2, 7, 5],[3, 9, 7]
[5, 1, 8],[7, 3, 9]
[4, 2, 8],[7, 3, 9]
[5, 2, 7],[7, 3, 9]
[7, 2, 5],[7, 3, 9]
[5, 8, 1],[7, 9, 3]
[4, 8, 2],[7, 9, 3]
[5, 7, 2],[7, 9, 3]
[7, 5, 2],[7, 9, 3]
[8, 1, 5],[9, 3, 7]
[8, 2, 4],[9, 3, 7]
[5, 2, 7],[9, 3, 7]
[7, 2, 5],[9, 3, 7]
[8, 5, 1],[9, 7, 3]
[8, 4, 2],[9, 7, 3]
[5, 7, 2],[9, 7, 3]
[7, 5, 2],[9, 7, 3]
[1, 5, 8],[4, 5, 10]
[2, 4, 8],[4, 5, 10]
[4, 2, 8],[4, 5, 10]
[2, 5, 7],[4, 5, 10]
[4, 4, 4],[4, 5, 10]
[1, 8, 5],[4, 10, 5]
[2, 8, 4],[4, 10, 5]
[4, 8, 2],[4, 10, 5]
[2, 7, 5],[4, 10, 5]
[4, 4, 4],[4, 10, 5]
[5, 1, 8],[5, 4, 10]
[2, 4, 8],[5, 4, 10]
[4, 2, 8],[5, 4, 10]
[5, 2, 7],[5, 4, 10]
[4, 4, 4],[5, 4, 10]
[5, 8, 1],[5, 10, 4]
[2, 8, 4],[5, 10, 4]
[4, 8, 2],[5, 10, 4]
[5, 7, 2],[5, 10, 4]
[4, 4, 4],[5, 10, 4]
[8, 1, 5],[10, 4, 5]
[8, 2, 4],[10, 4, 5]
[8, 4, 2],[10, 4, 5]
[7, 2, 5],[10, 4, 5]
[4, 4, 4],[10, 4, 5]
[8, 5, 1],[10, 5, 4]
[8, 2, 4],[10, 5, 4]
[8, 4, 2],[10, 5, 4]
[7, 5, 2],[10, 5, 4]
[4, 4, 4],[10, 5, 4]
[1, 5, 8],[4, 6, 9]
[2, 4, 8],[4, 6, 9]
[4, 2, 8],[4, 6, 9]
[2, 5, 7],[4, 6, 9]
[4, 4, 4],[4, 6, 9]
[1, 8, 5],[4, 9, 6]
[2, 8, 4],[4, 9, 6]
[4, 8, 2],[4, 9, 6]
[2, 7, 5],[4, 9, 6]
[4, 4, 4],[4, 9, 6]
[5, 1, 8],[6, 4, 9]
[2, 4, 8],[6, 4, 9]
[4, 2, 8],[6, 4, 9]
[5, 2, 7],[6, 4, 9]
[4, 4, 4],[6, 4, 9]
[5, 8, 1],[6, 9, 4]
[2, 8, 4],[6, 9, 4]
[4, 8, 2],[6, 9, 4]
[5, 7, 2],[6, 9, 4]
[4, 4, 4],[6, 9, 4]
[8, 1, 5],[9, 4, 6]
[8, 2, 4],[9, 4, 6]
[8, 4, 2],[9, 4, 6]
[7, 2, 5],[9, 4, 6]
[4, 4, 4],[9, 4, 6]
[8, 5, 1],[9, 6, 4]
[8, 2, 4],[9, 6, 4]
[8, 4, 2],[9, 6, 4]
[7, 5, 2],[9, 6, 4]
[4, 4, 4],[9, 6, 4]
[4, 4, 4],[5, 5, 5]
[0, 8, 13],[0, 9, 15]
[0, 13, 8],[0, 15, 9]
[8, 0, 13],[9, 0, 15]
[8, 13, 0],[9, 15, 0]
[13, 0, 8],[15, 0, 9]
[13, 8, 0],[15, 9, 0]
[0, 8, 13],[1, 9, 14]
[1, 6, 12],[1, 9, 14]
[1, 7, 11],[1, 9, 14]
[0, 13, 8],[1, 14, 9]
[1, 12, 6],[1, 14, 9]
[1, 11, 7],[1, 14, 9]
[8, 0, 13],[9, 1, 14]
[6, 1, 12],[9, 1, 14]
[7, 1, 11],[9, 1, 14]
[8, 13, 0],[9, 14, 1]
[6, 12, 1],[9, 14, 1]
[7, 11, 1],[9, 14, 1]
[13, 0, 8],[14, 1, 9]
[12, 1, 6],[14, 1, 9]
[11, 1, 7],[14, 1, 9]
[13, 8, 0],[14, 9, 1]
[12, 6, 1],[14, 9, 1]
[11, 7, 1],[14, 9, 1]
[0, 8, 13],[3, 8, 14]
[1, 6, 12],[3, 8, 14]
[1, 7, 11],[3, 8, 14]
[3, 7, 9],[3, 8, 14]
[0, 13, 8],[3, 14, 8]
[1, 12, 6],[3, 14, 8]
[1, 11, 7],[3, 14, 8]
[3, 9, 7],[3, 14, 8]
[8, 0, 13],[8, 3, 14]
[6, 1, 12],[8, 3, 14]
[7, 1, 11],[8, 3, 14]
[7, 3, 9],[8, 3, 14]
[8, 13, 0],[8, 14, 3]
[6, 12, 1],[8, 14, 3]
[7, 11, 1],[8, 14, 3]
[7, 9, 3],[8, 14, 3]
[13, 0, 8],[14, 3, 8]
[12, 1, 6],[14, 3, 8]
[11, 1, 7],[14, 3, 8]
[9, 3, 7],[14, 3, 8]
[13, 8, 0],[14, 8, 3]
[12, 6, 1],[14, 8, 3]
[11, 7, 1],[14, 8, 3]
[9, 7, 3],[14, 8, 3]
[1, 7, 11],[3, 10, 11]
[3, 7, 9],[3, 10, 11]
[3, 9, 7],[3, 10, 11]
[1, 11, 7],[3, 11, 10]
[3, 7, 9],[3, 11, 10]
[3, 9, 7],[3, 11, 10]
[7, 1, 11],[10, 3, 11]
[7, 3, 9],[10, 3, 11]
[9, 3, 7],[10, 3, 11]
[7, 11, 1],[10, 11, 3]
[7, 9, 3],[10, 11, 3]
[9, 7, 3],[10, 11, 3]
[11, 1, 7],[11, 3, 10]
[7, 3, 9],[11, 3, 10]
[9, 3, 7],[11, 3, 10]
[11, 7, 1],[11, 10, 3]
[7, 9, 3],[11, 10, 3]
[9, 7, 3],[11, 10, 3]
[1, 6, 12],[5, 6, 14]
[4, 5, 10],[5, 6, 14]
[5, 4, 10],[5, 6, 14]
[4, 6, 9],[5, 6, 14]
[5, 5, 5],[5, 6, 14]
[1, 12, 6],[5, 14, 6]
[4, 10, 5],[5, 14, 6]
[5, 10, 4],[5, 14, 6]
[4, 9, 6],[5, 14, 6]
[5, 5, 5],[5, 14, 6]
[6, 1, 12],[6, 5, 14]
[4, 5, 10],[6, 5, 14]
[5, 4, 10],[6, 5, 14]
[6, 4, 9],[6, 5, 14]
[5, 5, 5],[6, 5, 14]
[6, 12, 1],[6, 14, 5]
[4, 10, 5],[6, 14, 5]
[5, 10, 4],[6, 14, 5]
[6, 9, 4],[6, 14, 5]
[5, 5, 5],[6, 14, 5]
[12, 1, 6],[14, 5, 6]
[10, 4, 5],[14, 5, 6]
[10, 5, 4],[14, 5, 6]
[9, 4, 6],[14, 5, 6]
[5, 5, 5],[14, 5, 6]
[12, 6, 1],[14, 6, 5]
[10, 4, 5],[14, 6, 5]
[10, 5, 4],[14, 6, 5]
[9, 6, 4],[14, 6, 5]
[5, 5, 5],[14, 6, 5]
[1, 7, 11],[5, 9, 11]
[3, 7, 9],[5, 9, 11]
[3, 9, 7],[5, 9, 11]
[4, 5, 10],[5, 9, 11]
[5, 4, 10],[5, 9, 11]
[4, 6, 9],[5, 9, 11]
[4, 9, 6],[5, 9, 11]
[5, 5, 5],[5, 9, 11]
[1, 11, 7],[5, 11, 9]
[3, 7, 9],[5, 11, 9]
[3, 9, 7],[5, 11, 9]
[4, 10, 5],[5, 11, 9]
[5, 10, 4],[5, 11, 9]
[4, 6, 9],[5, 11, 9]
[4, 9, 6],[5, 11, 9]
[5, 5, 5],[5, 11, 9]
[7, 1, 11],[9, 5, 11]
[7, 3, 9],[9, 5, 11]
[9, 3, 7],[9, 5, 11]
[4, 5, 10],[9, 5, 11]
[5, 4, 10],[9, 5, 11]
[6, 4, 9],[9, 5, 11]
[9, 4, 6],[9, 5, 11]
[5, 5, 5],[9, 5, 11]
[7, 11, 1],[9, 11, 5]
[7, 9, 3],[9, 11, 5]
[9, 7, 3],[9, 11, 5]
[4, 10, 5],[9, 11, 5]
[5, 10, 4],[9, 11, 5]
[6, 9, 4],[9, 11, 5]
[9, 6, 4],[9, 11, 5]
[5, 5, 5],[9, 11, 5]
[11, 1, 7],[11, 5, 9]
[7, 3, 9],[11, 5, 9]
[9, 3, 7],[11, 5, 9]
[10, 4, 5],[11, 5, 9]
[10, 5, 4],[11, 5, 9]
[6, 4, 9],[11, 5, 9]
[9, 4, 6],[11, 5, 9]
[5, 5, 5],[11, 5, 9]
[11, 7, 1],[11, 9, 5]
[7, 9, 3],[11, 9, 5]
[9, 7, 3],[11, 9, 5]
[10, 4, 5],[11, 9, 5]
[10, 5, 4],[11, 9, 5]
[6, 9, 4],[11, 9, 5]
[9, 6, 4],[11, 9, 5]
[5, 5, 5],[11, 9, 5]
[5, 5, 5],[6, 6, 6]
[0, 9, 15],[0, 11, 18]
[0, 15, 9],[0, 18, 11]
[9, 0, 15],[11, 0, 18]
[9, 15, 0],[11, 18, 0]
[15, 0, 9],[18, 0, 11]
[15, 9, 0],[18, 11, 0]
[0, 9, 15],[1, 10, 17]
[1, 9, 14],[1, 10, 17]
[0, 15, 9],[1, 17, 10]
[1, 14, 9],[1, 17, 10]
[9, 0, 15],[10, 1, 17]
[9, 1, 14],[10, 1, 17]
[9, 15, 0],[10, 17, 1]
[9, 14, 1],[10, 17, 1]
[15, 0, 9],[17, 1, 10]
[14, 1, 9],[17, 1, 10]
[15, 9, 0],[17, 10, 1]
[14, 9, 1],[17, 10, 1]
[0, 9, 15],[2, 9, 16]
[1, 9, 14],[2, 9, 16]
[0, 15, 9],[2, 16, 9]
[1, 14, 9],[2, 16, 9]
[9, 0, 15],[9, 2, 16]
[9, 1, 14],[9, 2, 16]
[9, 15, 0],[9, 16, 2]
[9, 14, 1],[9, 16, 2]
[15, 0, 9],[16, 2, 9]
[14, 1, 9],[16, 2, 9]
[15, 9, 0],[16, 9, 2]
[14, 9, 1],[16, 9, 2]
[0, 9, 15],[2, 10, 15]
[1, 9, 14],[2, 10, 15]
[0, 15, 9],[2, 15, 10]
[1, 14, 9],[2, 15, 10]
[9, 0, 15],[10, 2, 15]
[9, 1, 14],[10, 2, 15]
[9, 15, 0],[10, 15, 2]
[9, 14, 1],[10, 15, 2]
[15, 0, 9],[15, 2, 10]
[14, 1, 9],[15, 2, 10]
[15, 9, 0],[15, 10, 2]
[14, 9, 1],[15, 10, 2]
[3, 10, 11],[4, 11, 12]
[3, 11, 10],[4, 11, 12]
[3, 10, 11],[4, 12, 11]
[3, 11, 10],[4, 12, 11]
[10, 3, 11],[11, 4, 12]
[11, 3, 10],[11, 4, 12]
[10, 11, 3],[11, 12, 4]
[11, 10, 3],[11, 12, 4]
[10, 3, 11],[12, 4, 11]
[11, 3, 10],[12, 4, 11]
[10, 11, 3],[12, 11, 4]
[11, 10, 3],[12, 11, 4]
[6, 6, 6],[6, 7, 13]
[6, 6, 6],[6, 13, 7]
[6, 6, 6],[7, 6, 13]
[6, 6, 6],[7, 13, 6]
[6, 6, 6],[13, 6, 7]
[6, 6, 6],[13, 7, 6]
[6, 6, 6],[6, 8, 11]
[6, 6, 6],[6, 11, 8]
[6, 6, 6],[8, 6, 11]
[6, 6, 6],[8, 11, 6]
[6, 6, 6],[11, 6, 8]
[6, 6, 6],[11, 8, 6]
[6, 6, 6],[7, 7, 7]
[0, 11, 18],[0, 12, 20]
[0, 18, 11],[0, 20, 12]
[11, 0, 18],[12, 0, 20]
[11, 18, 0],[12, 20, 0]
[18, 0, 11],[20, 0, 12]
[18, 11, 0],[20, 12, 0]
[0, 11, 18],[2, 11, 19]
[1, 10, 17],[2, 11, 19]
[2, 9, 16],[2, 11, 19]
[2, 10, 15],[2, 11, 19]
[0, 18, 11],[2, 19, 11]
[1, 17, 10],[2, 19, 11]
[2, 16, 9],[2, 19, 11]
[2, 15, 10],[2, 19, 11]
[11, 0, 18],[11, 2, 19]
[10, 1, 17],[11, 2, 19]
[9, 2, 16],[11, 2, 19]
[10, 2, 15],[11, 2, 19]
[11, 18, 0],[11, 19, 2]
[10, 17, 1],[11, 19, 2]
[9, 16, 2],[11, 19, 2]
[10, 15, 2],[11, 19, 2]
[18, 0, 11],[19, 2, 11]
[17, 1, 10],[19, 2, 11]
[16, 2, 9],[19, 2, 11]
[15, 2, 10],[19, 2, 11]
[18, 11, 0],[19, 11, 2]
[17, 10, 1],[19, 11, 2]
[16, 9, 2],[19, 11, 2]
[15, 10, 2],[19, 11, 2]
[0, 11, 18],[2, 12, 18]
[1, 10, 17],[2, 12, 18]
[2, 9, 16],[2, 12, 18]
[2, 10, 15],[2, 12, 18]
[0, 18, 11],[2, 18, 12]
[1, 17, 10],[2, 18, 12]
[2, 16, 9],[2, 18, 12]
[2, 15, 10],[2, 18, 12]
[11, 0, 18],[12, 2, 18]
[10, 1, 17],[12, 2, 18]
[9, 2, 16],[12, 2, 18]
[10, 2, 15],[12, 2, 18]
[11, 18, 0],[12, 18, 2]
[10, 17, 1],[12, 18, 2]
[9, 16, 2],[12, 18, 2]
[10, 15, 2],[12, 18, 2]
[18, 0, 11],[18, 2, 12]
[17, 1, 10],[18, 2, 12]
[16, 2, 9],[18, 2, 12]
[15, 2, 10],[18, 2, 12]
[18, 11, 0],[18, 12, 2]
[17, 10, 1],[18, 12, 2]
[16, 9, 2],[18, 12, 2]
[15, 10, 2],[18, 12, 2]
[4, 11, 12],[5, 12, 13]
[4, 12, 11],[5, 12, 13]
[4, 11, 12],[5, 13, 12]
[4, 12, 11],[5, 13, 12]
[11, 4, 12],[12, 5, 13]
[12, 4, 11],[12, 5, 13]
[11, 12, 4],[12, 13, 5]
[12, 11, 4],[12, 13, 5]
[11, 4, 12],[13, 5, 12]
[12, 4, 11],[13, 5, 12]
[11, 12, 4],[13, 12, 5]
[12, 11, 4],[13, 12, 5]
[6, 7, 13],[7, 8, 16]
[7, 6, 13],[7, 8, 16]
[6, 8, 11],[7, 8, 16]
[7, 7, 7],[7, 8, 16]
[6, 13, 7],[7, 16, 8]
[7, 13, 6],[7, 16, 8]
[6, 11, 8],[7, 16, 8]
[7, 7, 7],[7, 16, 8]
[6, 7, 13],[8, 7, 16]
[7, 6, 13],[8, 7, 16]
[8, 6, 11],[8, 7, 16]
[7, 7, 7],[8, 7, 16]
[6, 13, 7],[8, 16, 7]
[7, 13, 6],[8, 16, 7]
[8, 11, 6],[8, 16, 7]
[7, 7, 7],[8, 16, 7]
[13, 6, 7],[16, 7, 8]
[13, 7, 6],[16, 7, 8]
[11, 6, 8],[16, 7, 8]
[7, 7, 7],[16, 7, 8]
[13, 6, 7],[16, 8, 7]
[13, 7, 6],[16, 8, 7]
[11, 8, 6],[16, 8, 7]
[7, 7, 7],[16, 8, 7]
[6, 8, 11],[7, 10, 12]
[7, 7, 7],[7, 10, 12]
[6, 11, 8],[7, 12, 10]
[7, 7, 7],[7, 12, 10]
[8, 6, 11],[10, 7, 12]
[7, 7, 7],[10, 7, 12]
[8, 11, 6],[10, 12, 7]
[7, 7, 7],[10, 12, 7]
[11, 6, 8],[12, 7, 10]
[7, 7, 7],[12, 7, 10]
[11, 8, 6],[12, 10, 7]
[7, 7, 7],[12, 10, 7]
[7, 7, 7],[8, 8, 8]
[0, 12, 20],[0, 14, 23]
[0, 20, 12],[0, 23, 14]
[12, 0, 20],[14, 0, 23]
[12, 20, 0],[14, 23, 0]
[20, 0, 12],[23, 0, 14]
[20, 12, 0],[23, 14, 0]
[0, 12, 20],[1, 13, 21]
[0, 20, 12],[1, 21, 13]
[12, 0, 20],[13, 1, 21]
[12, 20, 0],[13, 21, 1]
[20, 0, 12],[21, 1, 13]
[20, 12, 0],[21, 13, 1]
[0, 12, 20],[3, 12, 21]
[2, 11, 19],[3, 12, 21]
[2, 12, 18],[3, 12, 21]
[0, 20, 12],[3, 21, 12]
[2, 19, 11],[3, 21, 12]
[2, 18, 12],[3, 21, 12]
[12, 0, 20],[12, 3, 21]
[11, 2, 19],[12, 3, 21]
[12, 2, 18],[12, 3, 21]
[12, 20, 0],[12, 21, 3]
[11, 19, 2],[12, 21, 3]
[12, 18, 2],[12, 21, 3]
[20, 0, 12],[21, 3, 12]
[19, 2, 11],[21, 3, 12]
[18, 2, 12],[21, 3, 12]
[20, 12, 0],[21, 12, 3]
[19, 11, 2],[21, 12, 3]
[18, 12, 2],[21, 12, 3]
[0, 12, 20],[3, 13, 20]
[2, 11, 19],[3, 13, 20]
[2, 12, 18],[3, 13, 20]
[0, 20, 12],[3, 20, 13]
[2, 19, 11],[3, 20, 13]
[2, 18, 12],[3, 20, 13]
[12, 0, 20],[13, 3, 20]
[11, 2, 19],[13, 3, 20]
[12, 2, 18],[13, 3, 20]
[12, 20, 0],[13, 20, 3]
[11, 19, 2],[13, 20, 3]
[12, 18, 2],[13, 20, 3]
[20, 0, 12],[20, 3, 13]
[19, 2, 11],[20, 3, 13]
[18, 2, 12],[20, 3, 13]
[20, 12, 0],[20, 13, 3]
[19, 11, 2],[20, 13, 3]
[18, 12, 2],[20, 13, 3]
[2, 11, 19],[4, 15, 19]
[2, 12, 18],[4, 15, 19]
[2, 19, 11],[4, 19, 15]
[2, 18, 12],[4, 19, 15]
[11, 2, 19],[15, 4, 19]
[12, 2, 18],[15, 4, 19]
[11, 19, 2],[15, 19, 4]
[12, 18, 2],[15, 19, 4]
[19, 2, 11],[19, 4, 15]
[18, 2, 12],[19, 4, 15]
[19, 11, 2],[19, 15, 4]
[18, 12, 2],[19, 15, 4]
[2, 11, 19],[7, 14, 19]
[5, 12, 13],[7, 14, 19]
[7, 8, 16],[7, 14, 19]
[7, 10, 12],[7, 14, 19]
[7, 12, 10],[7, 14, 19]
[2, 19, 11],[7, 19, 14]
[5, 13, 12],[7, 19, 14]
[7, 16, 8],[7, 19, 14]
[7, 10, 12],[7, 19, 14]
[7, 12, 10],[7, 19, 14]
[11, 2, 19],[14, 7, 19]
[12, 5, 13],[14, 7, 19]
[8, 7, 16],[14, 7, 19]
[10, 7, 12],[14, 7, 19]
[12, 7, 10],[14, 7, 19]
[11, 19, 2],[14, 19, 7]
[12, 13, 5],[14, 19, 7]
[8, 16, 7],[14, 19, 7]
[10, 12, 7],[14, 19, 7]
[12, 10, 7],[14, 19, 7]
[19, 2, 11],[19, 7, 14]
[13, 5, 12],[19, 7, 14]
[16, 7, 8],[19, 7, 14]
[10, 7, 12],[19, 7, 14]
[12, 7, 10],[19, 7, 14]
[19, 11, 2],[19, 14, 7]
[13, 12, 5],[19, 14, 7]
[16, 8, 7],[19, 14, 7]
[10, 12, 7],[19, 14, 7]
[12, 10, 7],[19, 14, 7]
[7, 8, 16],[8, 9, 17]
[8, 7, 16],[8, 9, 17]
[8, 8, 8],[8, 9, 17]
[7, 16, 8],[8, 17, 9]
[8, 16, 7],[8, 17, 9]
[8, 8, 8],[8, 17, 9]
[7, 8, 16],[9, 8, 17]
[8, 7, 16],[9, 8, 17]
[8, 8, 8],[9, 8, 17]
[7, 16, 8],[9, 17, 8]
[8, 16, 7],[9, 17, 8]
[8, 8, 8],[9, 17, 8]
[16, 7, 8],[17, 8, 9]
[16, 8, 7],[17, 8, 9]
[8, 8, 8],[17, 8, 9]
[16, 7, 8],[17, 9, 8]
[16, 8, 7],[17, 9, 8]
[8, 8, 8],[17, 9, 8]
[8, 8, 8],[9, 9, 9]
[0, 14, 23],[0, 16, 26]
[0, 23, 14],[0, 26, 16]
[14, 0, 23],[16, 0, 26]
[14, 23, 0],[16, 26, 0]
[23, 0, 14],[26, 0, 16]
[23, 14, 0],[26, 16, 0]
[0, 14, 23],[1, 15, 24]
[1, 13, 21],[1, 15, 24]
[0, 23, 14],[1, 24, 15]
[1, 21, 13],[1, 24, 15]
[14, 0, 23],[15, 1, 24]
[13, 1, 21],[15, 1, 24]
[14, 23, 0],[15, 24, 1]
[13, 21, 1],[15, 24, 1]
[23, 0, 14],[24, 1, 15]
[21, 1, 13],[24, 1, 15]
[23, 14, 0],[24, 15, 1]
[21, 13, 1],[24, 15, 1]
[1, 13, 21],[2, 13, 23]
[1, 21, 13],[2, 23, 13]
[13, 1, 21],[13, 2, 23]
[13, 21, 1],[13, 23, 2]
[21, 1, 13],[23, 2, 13]
[21, 13, 1],[23, 13, 2]
[1, 13, 21],[4, 13, 22]
[3, 12, 21],[4, 13, 22]
[3, 13, 20],[4, 13, 22]
[1, 21, 13],[4, 22, 13]
[3, 21, 12],[4, 22, 13]
[3, 20, 13],[4, 22, 13]
[13, 1, 21],[13, 4, 22]
[12, 3, 21],[13, 4, 22]
[13, 3, 20],[13, 4, 22]
[13, 21, 1],[13, 22, 4]
[12, 21, 3],[13, 22, 4]
[13, 20, 3],[13, 22, 4]
[21, 1, 13],[22, 4, 13]
[21, 3, 12],[22, 4, 13]
[20, 3, 13],[22, 4, 13]
[21, 13, 1],[22, 13, 4]
[21, 12, 3],[22, 13, 4]
[20, 13, 3],[22, 13, 4]
[3, 13, 20],[5, 16, 20]
[4, 15, 19],[5, 16, 20]
[3, 20, 13],[5, 20, 16]
[4, 19, 15],[5, 20, 16]
[13, 3, 20],[16, 5, 20]
[15, 4, 19],[16, 5, 20]
[13, 20, 3],[16, 20, 5]
[15, 19, 4],[16, 20, 5]
[20, 3, 13],[20, 5, 16]
[19, 4, 15],[20, 5, 16]
[20, 13, 3],[20, 16, 5]
[19, 15, 4],[20, 16, 5]
[8, 9, 17],[8, 10, 20]
[8, 17, 9],[8, 20, 10]
[9, 8, 17],[10, 8, 20]
[9, 17, 8],[10, 20, 8]
[17, 8, 9],[20, 8, 10]
[17, 9, 8],[20, 10, 8]
[8, 9, 17],[8, 12, 19]
[8, 17, 9],[8, 19, 12]
[9, 8, 17],[12, 8, 19]
[9, 17, 8],[12, 19, 8]
[17, 8, 9],[19, 8, 12]
[17, 9, 8],[19, 12, 8]
[8, 9, 17],[8, 15, 18]
[8, 17, 9],[8, 18, 15]
[9, 8, 17],[15, 8, 18]
[9, 17, 8],[15, 18, 8]
[17, 8, 9],[18, 8, 15]
[17, 9, 8],[18, 15, 8]
[8, 9, 17],[9, 10, 18]
[9, 8, 17],[9, 10, 18]
[9, 9, 9],[9, 10, 18]
[8, 17, 9],[9, 18, 10]
[9, 17, 8],[9, 18, 10]
[9, 9, 9],[9, 18, 10]
[8, 9, 17],[10, 9, 18]
[9, 8, 17],[10, 9, 18]
[9, 9, 9],[10, 9, 18]
[8, 17, 9],[10, 18, 9]
[9, 17, 8],[10, 18, 9]
[9, 9, 9],[10, 18, 9]
[17, 8, 9],[18, 9, 10]
[17, 9, 8],[18, 9, 10]
[9, 9, 9],[18, 9, 10]
[17, 8, 9],[18, 10, 9]
[17, 9, 8],[18, 10, 9]
[9, 9, 9],[18, 10, 9]
[9, 9, 9],[10, 10, 10]
[0, 16, 26],[0, 17, 28]
[0, 26, 16],[0, 28, 17]
[16, 0, 26],[17, 0, 28]
[16, 26, 0],[17, 28, 0]
[26, 0, 16],[28, 0, 17]
[26, 16, 0],[28, 17, 0]
[0, 16, 26],[1, 16, 28]
[1, 15, 24],[1, 16, 28]
[0, 26, 16],[1, 28, 16]
[1, 24, 15],[1, 28, 16]
[16, 0, 26],[16, 1, 28]
[15, 1, 24],[16, 1, 28]
[16, 26, 0],[16, 28, 1]
[15, 24, 1],[16, 28, 1]
[26, 0, 16],[28, 1, 16]
[24, 1, 15],[28, 1, 16]
[26, 16, 0],[28, 16, 1]
[24, 15, 1],[28, 16, 1]
[2, 13, 23],[2, 14, 26]
[2, 23, 13],[2, 26, 14]
[13, 2, 23],[14, 2, 26]
[13, 23, 2],[14, 26, 2]
[23, 2, 13],[26, 2, 14]
[23, 13, 2],[26, 14, 2]
[2, 13, 23],[3, 15, 23]
[2, 23, 13],[3, 23, 15]
[13, 2, 23],[15, 3, 23]
[13, 23, 2],[15, 23, 3]
[23, 2, 13],[23, 3, 15]
[23, 13, 2],[23, 15, 3]
[2, 13, 23],[4, 14, 24]
[4, 13, 22],[4, 14, 24]
[2, 23, 13],[4, 24, 14]
[4, 22, 13],[4, 24, 14]
[13, 2, 23],[14, 4, 24]
[13, 4, 22],[14, 4, 24]
[13, 23, 2],[14, 24, 4]
[13, 22, 4],[14, 24, 4]
[23, 2, 13],[24, 4, 14]
[22, 4, 13],[24, 4, 14]
[23, 13, 2],[24, 14, 4]
[22, 13, 4],[24, 14, 4]
[5, 16, 20],[6, 17, 21]
[5, 20, 16],[6, 21, 17]
[16, 5, 20],[17, 6, 21]
[16, 20, 5],[17, 21, 6]
[20, 5, 16],[21, 6, 17]
[20, 16, 5],[21, 17, 6]
[8, 10, 20],[9, 12, 22]
[8, 12, 19],[9, 12, 22]
[9, 10, 18],[9, 12, 22]
[8, 20, 10],[9, 22, 12]
[8, 19, 12],[9, 22, 12]
[9, 18, 10],[9, 22, 12]
[10, 8, 20],[12, 9, 22]
[12, 8, 19],[12, 9, 22]
[10, 9, 18],[12, 9, 22]
[10, 20, 8],[12, 22, 9]
[12, 19, 8],[12, 22, 9]
[10, 18, 9],[12, 22, 9]
[20, 8, 10],[22, 9, 12]
[19, 8, 12],[22, 9, 12]
[18, 9, 10],[22, 9, 12]
[20, 10, 8],[22, 12, 9]
[19, 12, 8],[22, 12, 9]
[18, 10, 9],[22, 12, 9]
[10, 10, 10],[10, 13, 16]
[10, 10, 10],[10, 16, 13]
[10, 10, 10],[13, 10, 16]
[10, 10, 10],[13, 16, 10]
[10, 10, 10],[16, 10, 13]
[10, 10, 10],[16, 13, 10]
[10, 10, 10],[11, 11, 11]
[0, 17, 28],[0, 19, 31]
[0, 28, 17],[0, 31, 19]
[17, 0, 28],[19, 0, 31]
[17, 28, 0],[19, 31, 0]
[28, 0, 17],[31, 0, 19]
[28, 17, 0],[31, 19, 0]
[0, 17, 28],[1, 18, 29]
[1, 16, 28],[1, 18, 29]
[0, 28, 17],[1, 29, 18]
[1, 28, 16],[1, 29, 18]
[17, 0, 28],[18, 1, 29]
[16, 1, 28],[18, 1, 29]
[17, 28, 0],[18, 29, 1]
[16, 28, 1],[18, 29, 1]
[28, 0, 17],[29, 1, 18]
[28, 1, 16],[29, 1, 18]
[28, 17, 0],[29, 18, 1]
[28, 16, 1],[29, 18, 1]
[0, 17, 28],[2, 17, 31]
[1, 16, 28],[2, 17, 31]
[2, 14, 26],[2, 17, 31]
[0, 28, 17],[2, 31, 17]
[1, 28, 16],[2, 31, 17]
[2, 26, 14],[2, 31, 17]
[17, 0, 28],[17, 2, 31]
[16, 1, 28],[17, 2, 31]
[14, 2, 26],[17, 2, 31]
[17, 28, 0],[17, 31, 2]
[16, 28, 1],[17, 31, 2]
[14, 26, 2],[17, 31, 2]
[28, 0, 17],[31, 2, 17]
[28, 1, 16],[31, 2, 17]
[26, 2, 14],[31, 2, 17]
[28, 17, 0],[31, 17, 2]
[28, 16, 1],[31, 17, 2]
[26, 14, 2],[31, 17, 2]
[2, 14, 26],[3, 16, 27]
[3, 15, 23],[3, 16, 27]
[2, 26, 14],[3, 27, 16]
[3, 23, 15],[3, 27, 16]
[14, 2, 26],[16, 3, 27]
[15, 3, 23],[16, 3, 27]
[14, 26, 2],[16, 27, 3]
[15, 23, 3],[16, 27, 3]
[26, 2, 14],[27, 3, 16]
[23, 3, 15],[27, 3, 16]
[26, 14, 2],[27, 16, 3]
[23, 15, 3],[27, 16, 3]
[3, 15, 23],[4, 17, 25]
[4, 14, 24],[4, 17, 25]
[3, 23, 15],[4, 25, 17]
[4, 24, 14],[4, 25, 17]
[15, 3, 23],[17, 4, 25]
[14, 4, 24],[17, 4, 25]
[15, 23, 3],[17, 25, 4]
[14, 24, 4],[17, 25, 4]
[23, 3, 15],[25, 4, 17]
[24, 4, 14],[25, 4, 17]
[23, 15, 3],[25, 17, 4]
[24, 14, 4],[25, 17, 4]
[2, 14, 26],[5, 15, 26]
[3, 15, 23],[5, 15, 26]
[4, 14, 24],[5, 15, 26]
[2, 26, 14],[5, 26, 15]
[3, 23, 15],[5, 26, 15]
[4, 24, 14],[5, 26, 15]
[14, 2, 26],[15, 5, 26]
[15, 3, 23],[15, 5, 26]
[14, 4, 24],[15, 5, 26]
[14, 26, 2],[15, 26, 5]
[15, 23, 3],[15, 26, 5]
[14, 24, 4],[15, 26, 5]
[26, 2, 14],[26, 5, 15]
[23, 3, 15],[26, 5, 15]
[24, 4, 14],[26, 5, 15]
[26, 14, 2],[26, 15, 5]
[23, 15, 3],[26, 15, 5]
[24, 14, 4],[26, 15, 5]
[3, 15, 23],[6, 16, 23]
[3, 23, 15],[6, 23, 16]
[15, 3, 23],[16, 6, 23]
[15, 23, 3],[16, 23, 6]
[23, 3, 15],[23, 6, 16]
[23, 15, 3],[23, 16, 6]
[6, 17, 21],[6, 20, 22]
[6, 21, 17],[6, 22, 20]
[17, 6, 21],[20, 6, 22]
[17, 21, 6],[20, 22, 6]
[21, 6, 17],[22, 6, 20]
[21, 17, 6],[22, 20, 6]
[6, 17, 21],[7, 20, 21]
[6, 21, 17],[7, 21, 20]
[17, 6, 21],[20, 7, 21]
[17, 21, 6],[20, 21, 7]
[21, 6, 17],[21, 7, 20]
[21, 17, 6],[21, 20, 7]
[9, 12, 22],[9, 13, 24]
[9, 22, 12],[9, 24, 13]
[12, 9, 22],[13, 9, 24]
[12, 22, 9],[13, 24, 9]
[22, 9, 12],[24, 9, 13]
[22, 12, 9],[24, 13, 9]
[10, 13, 16],[10, 14, 21]
[10, 16, 13],[10, 21, 14]
[13, 10, 16],[14, 10, 21]
[13, 16, 10],[14, 21, 10]
[16, 10, 13],[21, 10, 14]
[16, 13, 10],[21, 14, 10]
[11, 11, 11],[11, 13, 14]
[11, 11, 11],[11, 14, 13]
[11, 11, 11],[13, 11, 14]
[11, 11, 11],[13, 14, 11]
[11, 11, 11],[14, 11, 13]
[11, 11, 11],[14, 13, 11]
[11, 11, 11],[12, 12, 12]
[0, 19, 31],[0, 21, 34]
[0, 31, 19],[0, 34, 21]
[19, 0, 31],[21, 0, 34]
[19, 31, 0],[21, 34, 0]
[31, 0, 19],[34, 0, 21]
[31, 19, 0],[34, 21, 0]
[0, 19, 31],[1, 19, 33]
[1, 18, 29],[1, 19, 33]
[0, 31, 19],[1, 33, 19]
[1, 29, 18],[1, 33, 19]
[19, 0, 31],[19, 1, 33]
[18, 1, 29],[19, 1, 33]
[19, 31, 0],[19, 33, 1]
[18, 29, 1],[19, 33, 1]
[31, 0, 19],[33, 1, 19]
[29, 1, 18],[33, 1, 19]
[31, 19, 0],[33, 19, 1]
[29, 18, 1],[33, 19, 1]
[1, 18, 29],[1, 20, 30]
[1, 29, 18],[1, 30, 20]
[18, 1, 29],[20, 1, 30]
[18, 29, 1],[20, 30, 1]
[29, 1, 18],[30, 1, 20]
[29, 18, 1],[30, 20, 1]
[1, 18, 29],[2, 20, 29]
[1, 29, 18],[2, 29, 20]
[18, 1, 29],[20, 2, 29]
[18, 29, 1],[20, 29, 2]
[29, 1, 18],[29, 2, 20]
[29, 18, 1],[29, 20, 2]
[3, 16, 27],[3, 17, 29]
[3, 27, 16],[3, 29, 17]
[16, 3, 27],[17, 3, 29]
[16, 27, 3],[17, 29, 3]
[27, 3, 16],[29, 3, 17]
[27, 16, 3],[29, 17, 3]
[3, 16, 27],[4, 16, 29]
[3, 27, 16],[4, 29, 16]
[16, 3, 27],[16, 4, 29]
[16, 27, 3],[16, 29, 4]
[27, 3, 16],[29, 4, 16]
[27, 16, 3],[29, 16, 4]
[3, 16, 27],[5, 17, 27]
[4, 17, 25],[5, 17, 27]
[5, 15, 26],[5, 17, 27]
[3, 27, 16],[5, 27, 17]
[4, 25, 17],[5, 27, 17]
[5, 26, 15],[5, 27, 17]
[16, 3, 27],[17, 5, 27]
[17, 4, 25],[17, 5, 27]
[15, 5, 26],[17, 5, 27]
[16, 27, 3],[17, 27, 5]
[17, 25, 4],[17, 27, 5]
[15, 26, 5],[17, 27, 5]
[27, 3, 16],[27, 5, 17]
[25, 4, 17],[27, 5, 17]
[26, 5, 15],[27, 5, 17]
[27, 16, 3],[27, 17, 5]
[25, 17, 4],[27, 17, 5]
[26, 15, 5],[27, 17, 5]
[5, 15, 26],[6, 15, 28]
[5, 26, 15],[6, 28, 15]
[15, 5, 26],[15, 6, 28]
[15, 26, 5],[15, 28, 6]
[26, 5, 15],[28, 6, 15]
[26, 15, 5],[28, 15, 6]
[6, 20, 22],[8, 21, 22]
[7, 20, 21],[8, 21, 22]
[7, 21, 20],[8, 21, 22]
[6, 22, 20],[8, 22, 21]
[7, 20, 21],[8, 22, 21]
[7, 21, 20],[8, 22, 21]
[20, 6, 22],[21, 8, 22]
[20, 7, 21],[21, 8, 22]
[21, 7, 20],[21, 8, 22]
[20, 22, 6],[21, 22, 8]
[20, 21, 7],[21, 22, 8]
[21, 20, 7],[21, 22, 8]
[22, 6, 20],[22, 8, 21]
[20, 7, 21],[22, 8, 21]
[21, 7, 20],[22, 8, 21]
[22, 20, 6],[22, 21, 8]
[20, 21, 7],[22, 21, 8]
[21, 20, 7],[22, 21, 8]
[6, 16, 23],[10, 19, 23]
[10, 14, 21],[10, 19, 23]
[6, 23, 16],[10, 23, 19]
[10, 21, 14],[10, 23, 19]
[16, 6, 23],[19, 10, 23]
[14, 10, 21],[19, 10, 23]
[16, 23, 6],[19, 23, 10]
[14, 21, 10],[19, 23, 10]
[23, 6, 16],[23, 10, 19]
[21, 10, 14],[23, 10, 19]
[23, 16, 6],[23, 19, 10]
[21, 14, 10],[23, 19, 10]
[9, 13, 24],[11, 15, 25]
[10, 14, 21],[11, 15, 25]
[11, 13, 14],[11, 15, 25]
[11, 14, 13],[11, 15, 25]
[9, 24, 13],[11, 25, 15]
[10, 21, 14],[11, 25, 15]
[11, 13, 14],[11, 25, 15]
[11, 14, 13],[11, 25, 15]
[13, 9, 24],[15, 11, 25]
[14, 10, 21],[15, 11, 25]
[13, 11, 14],[15, 11, 25]
[14, 11, 13],[15, 11, 25]
[13, 24, 9],[15, 25, 11]
[14, 21, 10],[15, 25, 11]
[13, 14, 11],[15, 25, 11]
[14, 13, 11],[15, 25, 11]
[24, 9, 13],[25, 11, 15]
[21, 10, 14],[25, 11, 15]
[13, 11, 14],[25, 11, 15]
[14, 11, 13],[25, 11, 15]
[24, 13, 9],[25, 15, 11]
[21, 14, 10],[25, 15, 11]
[13, 14, 11],[25, 15, 11]
[14, 13, 11],[25, 15, 11]
[10, 14, 21],[11, 16, 21]
[11, 13, 14],[11, 16, 21]
[11, 14, 13],[11, 16, 21]
[10, 21, 14],[11, 21, 16]
[11, 13, 14],[11, 21, 16]
[11, 14, 13],[11, 21, 16]
[14, 10, 21],[16, 11, 21]
[13, 11, 14],[16, 11, 21]
[14, 11, 13],[16, 11, 21]
[14, 21, 10],[16, 21, 11]
[13, 14, 11],[16, 21, 11]
[14, 13, 11],[16, 21, 11]
[21, 10, 14],[21, 11, 16]
[13, 11, 14],[21, 11, 16]
[14, 11, 13],[21, 11, 16]
[21, 14, 10],[21, 16, 11]
[13, 14, 11],[21, 16, 11]
[14, 13, 11],[21, 16, 11]
[11, 13, 14],[12, 14, 15]
[11, 14, 13],[12, 14, 15]
[12, 12, 12],[12, 14, 15]
[11, 13, 14],[12, 15, 14]
[11, 14, 13],[12, 15, 14]
[12, 12, 12],[12, 15, 14]
[13, 11, 14],[14, 12, 15]
[14, 11, 13],[14, 12, 15]
[12, 12, 12],[14, 12, 15]
[13, 14, 11],[14, 15, 12]
[14, 13, 11],[14, 15, 12]
[12, 12, 12],[14, 15, 12]
[13, 11, 14],[15, 12, 14]
[14, 11, 13],[15, 12, 14]
[12, 12, 12],[15, 12, 14]
[13, 14, 11],[15, 14, 12]
[14, 13, 11],[15, 14, 12]
[12, 12, 12],[15, 14, 12]
[12, 12, 12],[13, 13, 13]
[0, 21, 34],[0, 22, 36]
[0, 34, 21],[0, 36, 22]
[21, 0, 34],[22, 0, 36]
[21, 34, 0],[22, 36, 0]
[34, 0, 21],[36, 0, 22]
[34, 21, 0],[36, 22, 0]
[0, 21, 34],[1, 22, 35]
[1, 19, 33],[1, 22, 35]
[1, 20, 30],[1, 22, 35]
[0, 34, 21],[1, 35, 22]
[1, 33, 19],[1, 35, 22]
[1, 30, 20],[1, 35, 22]
[21, 0, 34],[22, 1, 35]
[19, 1, 33],[22, 1, 35]
[20, 1, 30],[22, 1, 35]
[21, 34, 0],[22, 35, 1]
[19, 33, 1],[22, 35, 1]
[20, 30, 1],[22, 35, 1]
[34, 0, 21],[35, 1, 22]
[33, 1, 19],[35, 1, 22]
[30, 1, 20],[35, 1, 22]
[34, 21, 0],[35, 22, 1]
[33, 19, 1],[35, 22, 1]
[30, 20, 1],[35, 22, 1]
[1, 20, 30],[2, 21, 32]
[2, 20, 29],[2, 21, 32]
[1, 30, 20],[2, 32, 21]
[2, 29, 20],[2, 32, 21]
[20, 1, 30],[21, 2, 32]
[20, 2, 29],[21, 2, 32]
[20, 30, 1],[21, 32, 2]
[20, 29, 2],[21, 32, 2]
[30, 1, 20],[32, 2, 21]
[29, 2, 20],[32, 2, 21]
[30, 20, 1],[32, 21, 2]
[29, 20, 2],[32, 21, 2]
[3, 17, 29],[3, 18, 32]
[3, 29, 17],[3, 32, 18]
[17, 3, 29],[18, 3, 32]
[17, 29, 3],[18, 32, 3]
[29, 3, 17],[32, 3, 18]
[29, 17, 3],[32, 18, 3]
[3, 17, 29],[4, 18, 30]
[4, 16, 29],[4, 18, 30]
[3, 29, 17],[4, 30, 18]
[4, 29, 16],[4, 30, 18]
[17, 3, 29],[18, 4, 30]
[16, 4, 29],[18, 4, 30]
[17, 29, 3],[18, 30, 4]
[16, 29, 4],[18, 30, 4]
[29, 3, 17],[30, 4, 18]
[29, 4, 16],[30, 4, 18]
[29, 17, 3],[30, 18, 4]
[29, 16, 4],[30, 18, 4]
[5, 17, 27],[5, 19, 28]
[5, 27, 17],[5, 28, 19]
[17, 5, 27],[19, 5, 28]
[17, 27, 5],[19, 28, 5]
[27, 5, 17],[28, 5, 19]
[27, 17, 5],[28, 19, 5]
[6, 15, 28],[7, 15, 31]
[6, 28, 15],[7, 31, 15]
[15, 6, 28],[15, 7, 31]
[15, 28, 6],[15, 31, 7]
[28, 6, 15],[31, 7, 15]
[28, 15, 6],[31, 15, 7]
[3, 17, 29],[7, 17, 30]
[4, 16, 29],[7, 17, 30]
[5, 17, 27],[7, 17, 30]
[6, 15, 28],[7, 17, 30]
[3, 29, 17],[7, 30, 17]
[4, 29, 16],[7, 30, 17]
[5, 27, 17],[7, 30, 17]
[6, 28, 15],[7, 30, 17]
[17, 3, 29],[17, 7, 30]
[16, 4, 29],[17, 7, 30]
[17, 5, 27],[17, 7, 30]
[15, 6, 28],[17, 7, 30]
[17, 29, 3],[17, 30, 7]
[16, 29, 4],[17, 30, 7]
[17, 27, 5],[17, 30, 7]
[15, 28, 6],[17, 30, 7]
[29, 3, 17],[30, 7, 17]
[29, 4, 16],[30, 7, 17]
[27, 5, 17],[30, 7, 17]
[28, 6, 15],[30, 7, 17]
[29, 17, 3],[30, 17, 7]
[29, 16, 4],[30, 17, 7]
[27, 17, 5],[30, 17, 7]
[28, 15, 6],[30, 17, 7]
[5, 17, 27],[7, 18, 27]
[5, 27, 17],[7, 27, 18]
[17, 5, 27],[18, 7, 27]
[17, 27, 5],[18, 27, 7]
[27, 5, 17],[27, 7, 18]
[27, 17, 5],[27, 18, 7]
[8, 22, 21],[9, 23, 26]
[8, 21, 22],[9, 26, 23]
[22, 8, 21],[23, 9, 26]
[22, 21, 8],[23, 26, 9]
[21, 8, 22],[26, 9, 23]
[21, 22, 8],[26, 23, 9]
[4, 16, 29],[12, 16, 30]
[11, 15, 25],[12, 16, 30]
[11, 16, 21],[12, 16, 30]
[12, 14, 15],[12, 16, 30]
[12, 15, 14],[12, 16, 30]
[4, 29, 16],[12, 30, 16]
[11, 25, 15],[12, 30, 16]
[11, 21, 16],[12, 30, 16]
[12, 14, 15],[12, 30, 16]
[12, 15, 14],[12, 30, 16]
[16, 4, 29],[16, 12, 30]
[15, 11, 25],[16, 12, 30]
[16, 11, 21],[16, 12, 30]
[14, 12, 15],[16, 12, 30]
[15, 12, 14],[16, 12, 30]
[16, 29, 4],[16, 30, 12]
[15, 25, 11],[16, 30, 12]
[16, 21, 11],[16, 30, 12]
[14, 15, 12],[16, 30, 12]
[15, 14, 12],[16, 30, 12]
[29, 4, 16],[30, 12, 16]
[25, 11, 15],[30, 12, 16]
[21, 11, 16],[30, 12, 16]
[14, 12, 15],[30, 12, 16]
[15, 12, 14],[30, 12, 16]
[29, 16, 4],[30, 16, 12]
[25, 15, 11],[30, 16, 12]
[21, 16, 11],[30, 16, 12]
[14, 15, 12],[30, 16, 12]
[15, 14, 12],[30, 16, 12]
[11, 16, 21],[12, 17, 23]
[12, 14, 15],[12, 17, 23]
[12, 15, 14],[12, 17, 23]
[11, 21, 16],[12, 23, 17]
[12, 14, 15],[12, 23, 17]
[12, 15, 14],[12, 23, 17]
[16, 11, 21],[17, 12, 23]
[14, 12, 15],[17, 12, 23]
[15, 12, 14],[17, 12, 23]
[16, 21, 11],[17, 23, 12]
[14, 15, 12],[17, 23, 12]
[15, 14, 12],[17, 23, 12]
[21, 11, 16],[23, 12, 17]
[14, 12, 15],[23, 12, 17]
[15, 12, 14],[23, 12, 17]
[21, 16, 11],[23, 17, 12]
[14, 15, 12],[23, 17, 12]
[15, 14, 12],[23, 17, 12]
[12, 14, 15],[13, 15, 17]
[12, 15, 14],[13, 15, 17]
[13, 13, 13],[13, 15, 17]
[12, 14, 15],[13, 17, 15]
[12, 15, 14],[13, 17, 15]
[13, 13, 13],[13, 17, 15]
[14, 12, 15],[15, 13, 17]
[15, 12, 14],[15, 13, 17]
[13, 13, 13],[15, 13, 17]
[14, 15, 12],[15, 17, 13]
[15, 14, 12],[15, 17, 13]
[13, 13, 13],[15, 17, 13]
[14, 12, 15],[17, 13, 15]
[15, 12, 14],[17, 13, 15]
[13, 13, 13],[17, 13, 15]
[14, 15, 12],[17, 15, 13]
[15, 14, 12],[17, 15, 13]
[13, 13, 13],[17, 15, 13]
[13, 13, 13],[14, 14, 14]
[0, 22, 36],[0, 24, 39]
[0, 36, 22],[0, 39, 24]
[22, 0, 36],[24, 0, 39]
[22, 36, 0],[24, 39, 0]
[36, 0, 22],[39, 0, 24]
[36, 22, 0],[39, 24, 0]
[0, 22, 36],[1, 23, 38]
[1, 22, 35],[1, 23, 38]
[0, 36, 22],[1, 38, 23]
[1, 35, 22],[1, 38, 23]
[22, 0, 36],[23, 1, 38]
[22, 1, 35],[23, 1, 38]
[22, 36, 0],[23, 38, 1]
[22, 35, 1],[23, 38, 1]
[36, 0, 22],[38, 1, 23]
[35, 1, 22],[38, 1, 23]
[36, 22, 0],[38, 23, 1]
[35, 22, 1],[38, 23, 1]
[0, 22, 36],[2, 22, 37]
[1, 22, 35],[2, 22, 37]
[2, 21, 32],[2, 22, 37]
[0, 36, 22],[2, 37, 22]
[1, 35, 22],[2, 37, 22]
[2, 32, 21],[2, 37, 22]
[22, 0, 36],[22, 2, 37]
[22, 1, 35],[22, 2, 37]
[21, 2, 32],[22, 2, 37]
[22, 36, 0],[22, 37, 2]
[22, 35, 1],[22, 37, 2]
[21, 32, 2],[22, 37, 2]
[36, 0, 22],[37, 2, 22]
[35, 1, 22],[37, 2, 22]
[32, 2, 21],[37, 2, 22]
[36, 22, 0],[37, 22, 2]
[35, 22, 1],[37, 22, 2]
[32, 21, 2],[37, 22, 2]
[3, 18, 32],[3, 19, 36]
[3, 32, 18],[3, 36, 19]
[18, 3, 32],[19, 3, 36]
[18, 32, 3],[19, 36, 3]
[32, 3, 18],[36, 3, 19]
[32, 18, 3],[36, 19, 3]
[1, 22, 35],[3, 25, 35]
[2, 21, 32],[3, 25, 35]
[3, 18, 32],[3, 25, 35]
[1, 35, 22],[3, 35, 25]
[2, 32, 21],[3, 35, 25]
[3, 32, 18],[3, 35, 25]
[22, 1, 35],[25, 3, 35]
[21, 2, 32],[25, 3, 35]
[18, 3, 32],[25, 3, 35]
[22, 35, 1],[25, 35, 3]
[21, 32, 2],[25, 35, 3]
[18, 32, 3],[25, 35, 3]
[35, 1, 22],[35, 3, 25]
[32, 2, 21],[35, 3, 25]
[32, 3, 18],[35, 3, 25]
[35, 22, 1],[35, 25, 3]
[32, 21, 2],[35, 25, 3]
[32, 18, 3],[35, 25, 3]
[3, 18, 32],[4, 20, 34]
[4, 18, 30],[4, 20, 34]
[3, 32, 18],[4, 34, 20]
[4, 30, 18],[4, 34, 20]
[18, 3, 32],[20, 4, 34]
[18, 4, 30],[20, 4, 34]
[18, 32, 3],[20, 34, 4]
[18, 30, 4],[20, 34, 4]
[32, 3, 18],[34, 4, 20]
[30, 4, 18],[34, 4, 20]
[32, 18, 3],[34, 20, 4]
[30, 18, 4],[34, 20, 4]
[3, 18, 32],[5, 18, 35]
[4, 18, 30],[5, 18, 35]
[3, 32, 18],[5, 35, 18]
[4, 30, 18],[5, 35, 18]
[18, 3, 32],[18, 5, 35]
[18, 4, 30],[18, 5, 35]
[18, 32, 3],[18, 35, 5]
[18, 30, 4],[18, 35, 5]
[32, 3, 18],[35, 5, 18]
[30, 4, 18],[35, 5, 18]
[32, 18, 3],[35, 18, 5]
[30, 18, 4],[35, 18, 5]
[2, 21, 32],[5, 21, 33]
[3, 18, 32],[5, 21, 33]
[4, 18, 30],[5, 21, 33]
[5, 19, 28],[5, 21, 33]
[2, 32, 21],[5, 33, 21]
[3, 32, 18],[5, 33, 21]
[4, 30, 18],[5, 33, 21]
[5, 28, 19],[5, 33, 21]
[21, 2, 32],[21, 5, 33]
[18, 3, 32],[21, 5, 33]
[18, 4, 30],[21, 5, 33]
[19, 5, 28],[21, 5, 33]
[21, 32, 2],[21, 33, 5]
[18, 32, 3],[21, 33, 5]
[18, 30, 4],[21, 33, 5]
[19, 28, 5],[21, 33, 5]
[32, 2, 21],[33, 5, 21]
[32, 3, 18],[33, 5, 21]
[30, 4, 18],[33, 5, 21]
[28, 5, 19],[33, 5, 21]
[32, 21, 2],[33, 21, 5]
[32, 18, 3],[33, 21, 5]
[30, 18, 4],[33, 21, 5]
[28, 19, 5],[33, 21, 5]
[3, 18, 32],[6, 18, 33]
[4, 18, 30],[6, 18, 33]
[3, 32, 18],[6, 33, 18]
[4, 30, 18],[6, 33, 18]
[18, 3, 32],[18, 6, 33]
[18, 4, 30],[18, 6, 33]
[18, 32, 3],[18, 33, 6]
[18, 30, 4],[18, 33, 6]
[32, 3, 18],[33, 6, 18]
[30, 4, 18],[33, 6, 18]
[32, 18, 3],[33, 18, 6]
[30, 18, 4],[33, 18, 6]
[2, 21, 32],[6, 24, 32]
[3, 18, 32],[6, 24, 32]
[4, 18, 30],[6, 24, 32]
[5, 19, 28],[6, 24, 32]
[2, 32, 21],[6, 32, 24]
[3, 32, 18],[6, 32, 24]
[4, 30, 18],[6, 32, 24]
[5, 28, 19],[6, 32, 24]
[21, 2, 32],[24, 6, 32]
[18, 3, 32],[24, 6, 32]
[18, 4, 30],[24, 6, 32]
[19, 5, 28],[24, 6, 32]
[21, 32, 2],[24, 32, 6]
[18, 32, 3],[24, 32, 6]
[18, 30, 4],[24, 32, 6]
[19, 28, 5],[24, 32, 6]
[32, 2, 21],[32, 6, 24]
[32, 3, 18],[32, 6, 24]
[30, 4, 18],[32, 6, 24]
[28, 5, 19],[32, 6, 24]
[32, 21, 2],[32, 24, 6]
[32, 18, 3],[32, 24, 6]
[30, 18, 4],[32, 24, 6]
[28, 19, 5],[32, 24, 6]
[5, 19, 28],[8, 23, 29]
[5, 28, 19],[8, 29, 23]
[19, 5, 28],[23, 8, 29]
[19, 28, 5],[23, 29, 8]
[28, 5, 19],[29, 8, 23]
[28, 19, 5],[29, 23, 8]
[3, 18, 32],[9, 20, 32]
[4, 18, 30],[9, 20, 32]
[5, 19, 28],[9, 20, 32]
[7, 17, 30],[9, 20, 32]
[7, 18, 27],[9, 20, 32]
[3, 32, 18],[9, 32, 20]
[4, 30, 18],[9, 32, 20]
[5, 28, 19],[9, 32, 20]
[7, 30, 17],[9, 32, 20]
[7, 27, 18],[9, 32, 20]
[18, 3, 32],[20, 9, 32]
[18, 4, 30],[20, 9, 32]
[19, 5, 28],[20, 9, 32]
[17, 7, 30],[20, 9, 32]
[18, 7, 27],[20, 9, 32]
[18, 32, 3],[20, 32, 9]
[18, 30, 4],[20, 32, 9]
[19, 28, 5],[20, 32, 9]
[17, 30, 7],[20, 32, 9]
[18, 27, 7],[20, 32, 9]
[32, 3, 18],[32, 9, 20]
[30, 4, 18],[32, 9, 20]
[28, 5, 19],[32, 9, 20]
[30, 7, 17],[32, 9, 20]
[27, 7, 18],[32, 9, 20]
[32, 18, 3],[32, 20, 9]
[30, 18, 4],[32, 20, 9]
[28, 19, 5],[32, 20, 9]
[30, 17, 7],[32, 20, 9]
[27, 18, 7],[32, 20, 9]
[5, 19, 28],[9, 21, 28]
[7, 18, 27],[9, 21, 28]
[5, 28, 19],[9, 28, 21]
[7, 27, 18],[9, 28, 21]
[19, 5, 28],[21, 9, 28]
[18, 7, 27],[21, 9, 28]
[19, 28, 5],[21, 28, 9]
[18, 27, 7],[21, 28, 9]
[28, 5, 19],[28, 9, 21]
[27, 7, 18],[28, 9, 21]
[28, 19, 5],[28, 21, 9]
[27, 18, 7],[28, 21, 9]
[7, 18, 27],[10, 25, 27]
[9, 23, 26],[10, 25, 27]
[7, 27, 18],[10, 27, 25]
[9, 26, 23],[10, 27, 25]
[18, 7, 27],[25, 10, 27]
[23, 9, 26],[25, 10, 27]
[18, 27, 7],[25, 27, 10]
[23, 26, 9],[25, 27, 10]
[27, 7, 18],[27, 10, 25]
[26, 9, 23],[27, 10, 25]
[27, 18, 7],[27, 25, 10]
[26, 23, 9],[27, 25, 10]
[7, 17, 30],[11, 17, 36]
[7, 30, 17],[11, 36, 17]
[17, 7, 30],[17, 11, 36]
[17, 30, 7],[17, 36, 11]
[30, 7, 17],[36, 11, 17]
[30, 17, 7],[36, 17, 11]
[7, 15, 31],[11, 20, 31]
[7, 17, 30],[11, 20, 31]
[7, 18, 27],[11, 20, 31]
[7, 31, 15],[11, 31, 20]
[7, 30, 17],[11, 31, 20]
[7, 27, 18],[11, 31, 20]
[15, 7, 31],[20, 11, 31]
[17, 7, 30],[20, 11, 31]
[18, 7, 27],[20, 11, 31]
[15, 31, 7],[20, 31, 11]
[17, 30, 7],[20, 31, 11]
[18, 27, 7],[20, 31, 11]
[31, 7, 15],[31, 11, 20]
[30, 7, 17],[31, 11, 20]
[27, 7, 18],[31, 11, 20]
[31, 15, 7],[31, 20, 11]
[30, 17, 7],[31, 20, 11]
[27, 18, 7],[31, 20, 11]
[7, 18, 27],[13, 18, 28]
[12, 17, 23],[13, 18, 28]
[13, 15, 17],[13, 18, 28]
[13, 17, 15],[13, 18, 28]
[7, 27, 18],[13, 28, 18]
[12, 23, 17],[13, 28, 18]
[13, 15, 17],[13, 28, 18]
[13, 17, 15],[13, 28, 18]
[18, 7, 27],[18, 13, 28]
[17, 12, 23],[18, 13, 28]
[15, 13, 17],[18, 13, 28]
[17, 13, 15],[18, 13, 28]
[18, 27, 7],[18, 28, 13]
[17, 23, 12],[18, 28, 13]
[15, 17, 13],[18, 28, 13]
[17, 15, 13],[18, 28, 13]
[27, 7, 18],[28, 13, 18]
[23, 12, 17],[28, 13, 18]
[15, 13, 17],[28, 13, 18]
[17, 13, 15],[28, 13, 18]
[27, 18, 7],[28, 18, 13]
[23, 17, 12],[28, 18, 13]
[15, 17, 13],[28, 18, 13]
[17, 15, 13],[28, 18, 13]
[13, 15, 17],[14, 16, 22]
[14, 14, 14],[14, 16, 22]
[13, 17, 15],[14, 22, 16]
[14, 14, 14],[14, 22, 16]
[15, 13, 17],[16, 14, 22]
[14, 14, 14],[16, 14, 22]
[15, 17, 13],[16, 22, 14]
[14, 14, 14],[16, 22, 14]
[17, 13, 15],[22, 14, 16]
[14, 14, 14],[22, 14, 16]
[17, 15, 13],[22, 16, 14]
[14, 14, 14],[22, 16, 14]
[14, 14, 14],[15, 15, 15]
[0, 24, 39],[0, 25, 41]
[0, 39, 24],[0, 41, 25]
[24, 0, 39],[25, 0, 41]
[24, 39, 0],[25, 41, 0]
[39, 0, 24],[41, 0, 25]
[39, 24, 0],[41, 25, 0]
[0, 24, 39],[2, 24, 40]
[1, 23, 38],[2, 24, 40]
[2, 22, 37],[2, 24, 40]
[0, 39, 24],[2, 40, 24]
[1, 38, 23],[2, 40, 24]
[2, 37, 22],[2, 40, 24]
[24, 0, 39],[24, 2, 40]
[23, 1, 38],[24, 2, 40]
[22, 2, 37],[24, 2, 40]
[24, 39, 0],[24, 40, 2]
[23, 38, 1],[24, 40, 2]
[22, 37, 2],[24, 40, 2]
[39, 0, 24],[40, 2, 24]
[38, 1, 23],[40, 2, 24]
[37, 2, 22],[40, 2, 24]
[39, 24, 0],[40, 24, 2]
[38, 23, 1],[40, 24, 2]
[37, 22, 2],[40, 24, 2]
[1, 23, 38],[2, 25, 38]
[2, 22, 37],[2, 25, 38]
[1, 38, 23],[2, 38, 25]
[2, 37, 22],[2, 38, 25]
[23, 1, 38],[25, 2, 38]
[22, 2, 37],[25, 2, 38]
[23, 38, 1],[25, 38, 2]
[22, 37, 2],[25, 38, 2]
[38, 1, 23],[38, 2, 25]
[37, 2, 22],[38, 2, 25]
[38, 23, 1],[38, 25, 2]
[37, 22, 2],[38, 25, 2]
[2, 22, 37],[3, 22, 40]
[3, 19, 36],[3, 22, 40]
[2, 37, 22],[3, 40, 22]
[3, 36, 19],[3, 40, 22]
[22, 2, 37],[22, 3, 40]
[19, 3, 36],[22, 3, 40]
[22, 37, 2],[22, 40, 3]
[19, 36, 3],[22, 40, 3]
[37, 2, 22],[40, 3, 22]
[36, 3, 19],[40, 3, 22]
[37, 22, 2],[40, 22, 3]
[36, 19, 3],[40, 22, 3]
[2, 22, 37],[3, 24, 37]
[3, 19, 36],[3, 24, 37]
[2, 37, 22],[3, 37, 24]
[3, 36, 19],[3, 37, 24]
[22, 2, 37],[24, 3, 37]
[19, 3, 36],[24, 3, 37]
[22, 37, 2],[24, 37, 3]
[19, 36, 3],[24, 37, 3]
[37, 2, 22],[37, 3, 24]
[36, 3, 19],[37, 3, 24]
[37, 22, 2],[37, 24, 3]
[36, 19, 3],[37, 24, 3]
[3, 19, 36],[4, 21, 36]
[4, 20, 34],[4, 21, 36]
[3, 36, 19],[4, 36, 21]
[4, 34, 20],[4, 36, 21]
[19, 3, 36],[21, 4, 36]
[20, 4, 34],[21, 4, 36]
[19, 36, 3],[21, 36, 4]
[20, 34, 4],[21, 36, 4]
[36, 3, 19],[36, 4, 21]
[34, 4, 20],[36, 4, 21]
[36, 19, 3],[36, 21, 4]
[34, 20, 4],[36, 21, 4]
[3, 19, 36],[6, 19, 40]
[5, 18, 35],[6, 19, 40]
[6, 18, 33],[6, 19, 40]
[3, 36, 19],[6, 40, 19]
[5, 35, 18],[6, 40, 19]
[6, 33, 18],[6, 40, 19]
[19, 3, 36],[19, 6, 40]
[18, 5, 35],[19, 6, 40]
[18, 6, 33],[19, 6, 40]
[19, 36, 3],[19, 40, 6]
[18, 35, 5],[19, 40, 6]
[18, 33, 6],[19, 40, 6]
[36, 3, 19],[40, 6, 19]
[35, 5, 18],[40, 6, 19]
[33, 6, 18],[40, 6, 19]
[36, 19, 3],[40, 19, 6]
[35, 18, 5],[40, 19, 6]
[33, 18, 6],[40, 19, 6]
[5, 21, 33],[7, 22, 33]
[6, 18, 33],[7, 22, 33]
[5, 33, 21],[7, 33, 22]
[6, 33, 18],[7, 33, 22]
[21, 5, 33],[22, 7, 33]
[18, 6, 33],[22, 7, 33]
[21, 33, 5],[22, 33, 7]
[18, 33, 6],[22, 33, 7]
[33, 5, 21],[33, 7, 22]
[33, 6, 18],[33, 7, 22]
[33, 21, 5],[33, 22, 7]
[33, 18, 6],[33, 22, 7]
[5, 18, 35],[9, 19, 35]
[6, 18, 33],[9, 19, 35]
[5, 35, 18],[9, 35, 19]
[6, 33, 18],[9, 35, 19]
[18, 5, 35],[19, 9, 35]
[18, 6, 33],[19, 9, 35]
[18, 35, 5],[19, 35, 9]
[18, 33, 6],[19, 35, 9]
[35, 5, 18],[35, 9, 19]
[33, 6, 18],[35, 9, 19]
[35, 18, 5],[35, 19, 9]
[33, 18, 6],[35, 19, 9]
[8, 23, 29],[9, 25, 30]
[9, 21, 28],[9, 25, 30]
[8, 29, 23],[9, 30, 25]
[9, 28, 21],[9, 30, 25]
[23, 8, 29],[25, 9, 30]
[21, 9, 28],[25, 9, 30]
[23, 29, 8],[25, 30, 9]
[21, 28, 9],[25, 30, 9]
[29, 8, 23],[30, 9, 25]
[28, 9, 21],[30, 9, 25]
[29, 23, 8],[30, 25, 9]
[28, 21, 9],[30, 25, 9]
[9, 20, 32],[10, 22, 32]
[9, 21, 28],[10, 22, 32]
[9, 32, 20],[10, 32, 22]
[9, 28, 21],[10, 32, 22]
[20, 9, 32],[22, 10, 32]
[21, 9, 28],[22, 10, 32]
[20, 32, 9],[22, 32, 10]
[21, 28, 9],[22, 32, 10]
[32, 9, 20],[32, 10, 22]
[28, 9, 21],[32, 10, 22]
[32, 20, 9],[32, 22, 10]
[28, 21, 9],[32, 22, 10]
[13, 18, 28],[13, 19, 30]
[13, 28, 18],[13, 30, 19]
[18, 13, 28],[19, 13, 30]
[18, 28, 13],[19, 30, 13]
[28, 13, 18],[30, 13, 19]
[28, 18, 13],[30, 19, 13]
[14, 16, 22],[14, 17, 32]
[14, 22, 16],[14, 32, 17]
[16, 14, 22],[17, 14, 32]
[16, 22, 14],[17, 32, 14]
[22, 14, 16],[32, 14, 17]
[22, 16, 14],[32, 17, 14]
[13, 18, 28],[14, 18, 31]
[14, 16, 22],[14, 18, 31]
[13, 28, 18],[14, 31, 18]
[14, 22, 16],[14, 31, 18]
[18, 13, 28],[18, 14, 31]
[16, 14, 22],[18, 14, 31]
[18, 28, 13],[18, 31, 14]
[16, 22, 14],[18, 31, 14]
[28, 13, 18],[31, 14, 18]
[22, 14, 16],[31, 14, 18]
[28, 18, 13],[31, 18, 14]
[22, 16, 14],[31, 18, 14]
[14, 16, 22],[14, 20, 27]
[14, 22, 16],[14, 27, 20]
[16, 14, 22],[20, 14, 27]
[16, 22, 14],[20, 27, 14]
[22, 14, 16],[27, 14, 20]
[22, 16, 14],[27, 20, 14]
[14, 16, 22],[15, 16, 34]
[15, 15, 15],[15, 16, 34]
[14, 22, 16],[15, 34, 16]
[15, 15, 15],[15, 34, 16]
[16, 14, 22],[16, 15, 34]
[15, 15, 15],[16, 15, 34]
[16, 22, 14],[16, 34, 15]
[15, 15, 15],[16, 34, 15]
[22, 14, 16],[34, 15, 16]
[15, 15, 15],[34, 15, 16]
[22, 16, 14],[34, 16, 15]
[15, 15, 15],[34, 16, 15]
[15, 15, 15],[16, 16, 16]
[0, 25, 41],[0, 27, 44]
[0, 41, 25],[0, 44, 27]
[25, 0, 41],[27, 0, 44]
[25, 41, 0],[27, 44, 0]
[41, 0, 25],[44, 0, 27]
[41, 25, 0],[44, 27, 0]
[0, 25, 41],[1, 25, 43]
[0, 41, 25],[1, 43, 25]
[25, 0, 41],[25, 1, 43]
[25, 41, 0],[25, 43, 1]
[41, 0, 25],[43, 1, 25]
[41, 25, 0],[43, 25, 1]
[0, 25, 41],[1, 26, 42]
[0, 41, 25],[1, 42, 26]
[25, 0, 41],[26, 1, 42]
[25, 41, 0],[26, 42, 1]
[41, 0, 25],[42, 1, 26]
[41, 25, 0],[42, 26, 1]
[0, 25, 41],[3, 26, 41]
[2, 24, 40],[3, 26, 41]
[2, 25, 38],[3, 26, 41]
[3, 22, 40],[3, 26, 41]
[3, 24, 37],[3, 26, 41]
[0, 41, 25],[3, 41, 26]
[2, 40, 24],[3, 41, 26]
[2, 38, 25],[3, 41, 26]
[3, 40, 22],[3, 41, 26]
[3, 37, 24],[3, 41, 26]
[25, 0, 41],[26, 3, 41]
[24, 2, 40],[26, 3, 41]
[25, 2, 38],[26, 3, 41]
[22, 3, 40],[26, 3, 41]
[24, 3, 37],[26, 3, 41]
[25, 41, 0],[26, 41, 3]
[24, 40, 2],[26, 41, 3]
[25, 38, 2],[26, 41, 3]
[22, 40, 3],[26, 41, 3]
[24, 37, 3],[26, 41, 3]
[41, 0, 25],[41, 3, 26]
[40, 2, 24],[41, 3, 26]
[38, 2, 25],[41, 3, 26]
[40, 3, 22],[41, 3, 26]
[37, 3, 24],[41, 3, 26]
[41, 25, 0],[41, 26, 3]
[40, 24, 2],[41, 26, 3]
[38, 25, 2],[41, 26, 3]
[40, 22, 3],[41, 26, 3]
[37, 24, 3],[41, 26, 3]
[4, 21, 36],[4, 23, 39]
[4, 36, 21],[4, 39, 23]
[21, 4, 36],[23, 4, 39]
[21, 36, 4],[23, 39, 4]
[36, 4, 21],[39, 4, 23]
[36, 21, 4],[39, 23, 4]
[3, 24, 37],[4, 26, 37]
[4, 21, 36],[4, 26, 37]
[3, 37, 24],[4, 37, 26]
[4, 36, 21],[4, 37, 26]
[24, 3, 37],[26, 4, 37]
[21, 4, 36],[26, 4, 37]
[24, 37, 3],[26, 37, 4]
[21, 36, 4],[26, 37, 4]
[37, 3, 24],[37, 4, 26]
[36, 4, 21],[37, 4, 26]
[37, 24, 3],[37, 26, 4]
[36, 21, 4],[37, 26, 4]
[4, 21, 36],[5, 22, 38]
[4, 36, 21],[5, 38, 22]
[21, 4, 36],[22, 5, 38]
[21, 36, 4],[22, 38, 5]
[36, 4, 21],[38, 5, 22]
[36, 21, 4],[38, 22, 5]
[4, 21, 36],[5, 23, 36]
[4, 36, 21],[5, 36, 23]
[21, 4, 36],[23, 5, 36]
[21, 36, 4],[23, 36, 5]
[36, 4, 21],[36, 5, 23]
[36, 21, 4],[36, 23, 5]
[7, 22, 33],[7, 23, 35]
[7, 33, 22],[7, 35, 23]
[22, 7, 33],[23, 7, 35]
[22, 33, 7],[23, 35, 7]
[33, 7, 22],[35, 7, 23]
[33, 22, 7],[35, 23, 7]
[7, 33, 22],[9, 33, 34]
[9, 25, 30],[9, 33, 34]
[9, 30, 25],[9, 33, 34]
[7, 22, 33],[9, 34, 33]
[9, 25, 30],[9, 34, 33]
[9, 30, 25],[9, 34, 33]
[33, 7, 22],[33, 9, 34]
[25, 9, 30],[33, 9, 34]
[30, 9, 25],[33, 9, 34]
[33, 22, 7],[33, 34, 9]
[25, 30, 9],[33, 34, 9]
[30, 25, 9],[33, 34, 9]
[22, 7, 33],[34, 9, 33]
[25, 9, 30],[34, 9, 33]
[30, 9, 25],[34, 9, 33]
[22, 33, 7],[34, 33, 9]
[25, 30, 9],[34, 33, 9]
[30, 25, 9],[34, 33, 9]
[7, 22, 33],[11, 22, 34]
[10, 22, 32],[11, 22, 34]
[7, 33, 22],[11, 34, 22]
[10, 32, 22],[11, 34, 22]
[22, 7, 33],[22, 11, 34]
[22, 10, 32],[22, 11, 34]
[22, 33, 7],[22, 34, 11]
[22, 32, 10],[22, 34, 11]
[33, 7, 22],[34, 11, 22]
[32, 10, 22],[34, 11, 22]
[33, 22, 7],[34, 22, 11]
[32, 22, 10],[34, 22, 11]
[7, 22, 33],[11, 24, 33]
[10, 22, 32],[11, 24, 33]
[7, 33, 22],[11, 33, 24]
[10, 32, 22],[11, 33, 24]
[22, 7, 33],[24, 11, 33]
[22, 10, 32],[24, 11, 33]
[22, 33, 7],[24, 33, 11]
[22, 32, 10],[24, 33, 11]
[33, 7, 22],[33, 11, 24]
[32, 10, 22],[33, 11, 24]
[33, 22, 7],[33, 24, 11]
[32, 22, 10],[33, 24, 11]
[9, 25, 30],[12, 28, 32]
[10, 22, 32],[12, 28, 32]
[9, 30, 25],[12, 32, 28]
[10, 32, 22],[12, 32, 28]
[25, 9, 30],[28, 12, 32]
[22, 10, 32],[28, 12, 32]
[25, 30, 9],[28, 32, 12]
[22, 32, 10],[28, 32, 12]
[30, 9, 25],[32, 12, 28]
[32, 10, 22],[32, 12, 28]
[30, 25, 9],[32, 28, 12]
[32, 22, 10],[32, 28, 12]
[9, 25, 30],[12, 29, 31]
[9, 30, 25],[12, 31, 29]
[25, 9, 30],[29, 12, 31]
[25, 30, 9],[29, 31, 12]
[30, 9, 25],[31, 12, 29]
[30, 25, 9],[31, 29, 12]
[9, 25, 30],[13, 26, 31]
[13, 19, 30],[13, 26, 31]
[9, 30, 25],[13, 31, 26]
[13, 30, 19],[13, 31, 26]
[25, 9, 30],[26, 13, 31]
[19, 13, 30],[26, 13, 31]
[25, 30, 9],[26, 31, 13]
[19, 30, 13],[26, 31, 13]
[30, 9, 25],[31, 13, 26]
[30, 13, 19],[31, 13, 26]
[30, 25, 9],[31, 26, 13]
[30, 19, 13],[31, 26, 13]
[14, 20, 27],[14, 25, 29]
[14, 27, 20],[14, 29, 25]
[20, 14, 27],[25, 14, 29]
[20, 27, 14],[25, 29, 14]
[27, 14, 20],[29, 14, 25]
[27, 20, 14],[29, 25, 14]
[13, 19, 30],[15, 20, 33]
[14, 17, 32],[15, 20, 33]
[14, 18, 31],[15, 20, 33]
[14, 20, 27],[15, 20, 33]
[13, 30, 19],[15, 33, 20]
[14, 32, 17],[15, 33, 20]
[14, 31, 18],[15, 33, 20]
[14, 27, 20],[15, 33, 20]
[19, 13, 30],[20, 15, 33]
[17, 14, 32],[20, 15, 33]
[18, 14, 31],[20, 15, 33]
[20, 14, 27],[20, 15, 33]
[19, 30, 13],[20, 33, 15]
[17, 32, 14],[20, 33, 15]
[18, 31, 14],[20, 33, 15]
[20, 27, 14],[20, 33, 15]
[30, 13, 19],[33, 15, 20]
[32, 14, 17],[33, 15, 20]
[31, 14, 18],[33, 15, 20]
[27, 14, 20],[33, 15, 20]
[30, 19, 13],[33, 20, 15]
[32, 17, 14],[33, 20, 15]
[31, 18, 14],[33, 20, 15]
[27, 20, 14],[33, 20, 15]
[14, 20, 27],[15, 22, 27]
[14, 27, 20],[15, 27, 22]
[20, 14, 27],[22, 15, 27]
[20, 27, 14],[22, 27, 15]
[27, 14, 20],[27, 15, 22]
[27, 20, 14],[27, 22, 15]
[16, 16, 16],[16, 17, 19]
[16, 16, 16],[16, 19, 17]
[16, 16, 16],[17, 16, 19]
[16, 16, 16],[17, 19, 16]
[16, 16, 16],[19, 16, 17]
[16, 16, 16],[19, 17, 16]
[16, 16, 16],[17, 17, 17]
[0, 27, 44],[0, 29, 47]
[0, 44, 27],[0, 47, 29]
[27, 0, 44],[29, 0, 47]
[27, 44, 0],[29, 47, 0]
[44, 0, 27],[47, 0, 29]
[44, 27, 0],[47, 29, 0]
[0, 27, 44],[1, 27, 46]
[1, 25, 43],[1, 27, 46]
[1, 26, 42],[1, 27, 46]
[0, 44, 27],[1, 46, 27]
[1, 43, 25],[1, 46, 27]
[1, 42, 26],[1, 46, 27]
[27, 0, 44],[27, 1, 46]
[25, 1, 43],[27, 1, 46]
[26, 1, 42],[27, 1, 46]
[27, 44, 0],[27, 46, 1]
[25, 43, 1],[27, 46, 1]
[26, 42, 1],[27, 46, 1]
[44, 0, 27],[46, 1, 27]
[43, 1, 25],[46, 1, 27]
[42, 1, 26],[46, 1, 27]
[44, 27, 0],[46, 27, 1]
[43, 25, 1],[46, 27, 1]
[42, 26, 1],[46, 27, 1]
[0, 27, 44],[2, 27, 45]
[1, 25, 43],[2, 27, 45]
[1, 26, 42],[2, 27, 45]
[0, 44, 27],[2, 45, 27]
[1, 43, 25],[2, 45, 27]
[1, 42, 26],[2, 45, 27]
[27, 0, 44],[27, 2, 45]
[25, 1, 43],[27, 2, 45]
[26, 1, 42],[27, 2, 45]
[27, 44, 0],[27, 45, 2]
[25, 43, 1],[27, 45, 2]
[26, 42, 1],[27, 45, 2]
[44, 0, 27],[45, 2, 27]
[43, 1, 25],[45, 2, 27]
[42, 1, 26],[45, 2, 27]
[44, 27, 0],[45, 27, 2]
[43, 25, 1],[45, 27, 2]
[42, 26, 1],[45, 27, 2]
[0, 27, 44],[3, 28, 44]
[1, 25, 43],[3, 28, 44]
[1, 26, 42],[3, 28, 44]
[3, 26, 41],[3, 28, 44]
[0, 44, 27],[3, 44, 28]
[1, 43, 25],[3, 44, 28]
[1, 42, 26],[3, 44, 28]
[3, 41, 26],[3, 44, 28]
[27, 0, 44],[28, 3, 44]
[25, 1, 43],[28, 3, 44]
[26, 1, 42],[28, 3, 44]
[26, 3, 41],[28, 3, 44]
[27, 44, 0],[28, 44, 3]
[25, 43, 1],[28, 44, 3]
[26, 42, 1],[28, 44, 3]
[26, 41, 3],[28, 44, 3]
[44, 0, 27],[44, 3, 28]
[43, 1, 25],[44, 3, 28]
[42, 1, 26],[44, 3, 28]
[41, 3, 26],[44, 3, 28]
[44, 27, 0],[44, 28, 3]
[43, 25, 1],[44, 28, 3]
[42, 26, 1],[44, 28, 3]
[41, 26, 3],[44, 28, 3]
[4, 23, 39],[5, 24, 42]
[5, 22, 38],[5, 24, 42]
[5, 23, 36],[5, 24, 42]
[4, 39, 23],[5, 42, 24]
[5, 38, 22],[5, 42, 24]
[5, 36, 23],[5, 42, 24]
[23, 4, 39],[24, 5, 42]
[22, 5, 38],[24, 5, 42]
[23, 5, 36],[24, 5, 42]
[23, 39, 4],[24, 42, 5]
[22, 38, 5],[24, 42, 5]
[23, 36, 5],[24, 42, 5]
[39, 4, 23],[42, 5, 24]
[38, 5, 22],[42, 5, 24]
[36, 5, 23],[42, 5, 24]
[39, 23, 4],[42, 24, 5]
[38, 22, 5],[42, 24, 5]
[36, 23, 5],[42, 24, 5]
[4, 23, 39],[5, 25, 39]
[5, 22, 38],[5, 25, 39]
[5, 23, 36],[5, 25, 39]
[4, 39, 23],[5, 39, 25]
[5, 38, 22],[5, 39, 25]
[5, 36, 23],[5, 39, 25]
[23, 4, 39],[25, 5, 39]
[22, 5, 38],[25, 5, 39]
[23, 5, 36],[25, 5, 39]
[23, 39, 4],[25, 39, 5]
[22, 38, 5],[25, 39, 5]
[23, 36, 5],[25, 39, 5]
[39, 4, 23],[39, 5, 25]
[38, 5, 22],[39, 5, 25]
[36, 5, 23],[39, 5, 25]
[39, 23, 4],[39, 25, 5]
[38, 22, 5],[39, 25, 5]
[36, 23, 5],[39, 25, 5]
[5, 23, 36],[6, 25, 37]
[5, 36, 23],[6, 37, 25]
[23, 5, 36],[25, 6, 37]
[23, 36, 5],[25, 37, 6]
[36, 5, 23],[37, 6, 25]
[36, 23, 5],[37, 25, 6]
[5, 22, 38],[8, 24, 38]
[5, 23, 36],[8, 24, 38]
[7, 23, 35],[8, 24, 38]
[5, 38, 22],[8, 38, 24]
[5, 36, 23],[8, 38, 24]
[7, 35, 23],[8, 38, 24]
[22, 5, 38],[24, 8, 38]
[23, 5, 36],[24, 8, 38]
[23, 7, 35],[24, 8, 38]
[22, 38, 5],[24, 38, 8]
[23, 36, 5],[24, 38, 8]
[23, 35, 7],[24, 38, 8]
[38, 5, 22],[38, 8, 24]
[36, 5, 23],[38, 8, 24]
[35, 7, 23],[38, 8, 24]
[38, 22, 5],[38, 24, 8]
[36, 23, 5],[38, 24, 8]
[35, 23, 7],[38, 24, 8]
[7, 23, 35],[10, 24, 35]
[7, 35, 23],[10, 35, 24]
[23, 7, 35],[24, 10, 35]
[23, 35, 7],[24, 35, 10]
[35, 7, 23],[35, 10, 24]
[35, 23, 7],[35, 24, 10]
[5, 23, 36],[11, 23, 37]
[7, 23, 35],[11, 23, 37]
[11, 22, 34],[11, 23, 37]
[5, 36, 23],[11, 37, 23]
[7, 35, 23],[11, 37, 23]
[11, 34, 22],[11, 37, 23]
[23, 5, 36],[23, 11, 37]
[23, 7, 35],[23, 11, 37]
[22, 11, 34],[23, 11, 37]
[23, 36, 5],[23, 37, 11]
[23, 35, 7],[23, 37, 11]
[22, 34, 11],[23, 37, 11]
[36, 5, 23],[37, 11, 23]
[35, 7, 23],[37, 11, 23]
[34, 11, 22],[37, 11, 23]
[36, 23, 5],[37, 23, 11]
[35, 23, 7],[37, 23, 11]
[34, 22, 11],[37, 23, 11]
[11, 22, 34],[12, 25, 34]
[11, 24, 33],[12, 25, 34]
[11, 34, 22],[12, 34, 25]
[11, 33, 24],[12, 34, 25]
[22, 11, 34],[25, 12, 34]
[24, 11, 33],[25, 12, 34]
[22, 34, 11],[25, 34, 12]
[24, 33, 11],[25, 34, 12]
[34, 11, 22],[34, 12, 25]
[33, 11, 24],[34, 12, 25]
[34, 22, 11],[34, 25, 12]
[33, 24, 11],[34, 25, 12]
[15, 20, 33],[15, 21, 37]
[15, 33, 20],[15, 37, 21]
[20, 15, 33],[21, 15, 37]
[20, 33, 15],[21, 37, 15]
[33, 15, 20],[37, 15, 21]
[33, 20, 15],[37, 21, 15]
[16, 17, 19],[16, 18, 24]
[16, 19, 17],[16, 24, 18]
[17, 16, 19],[18, 16, 24]
[17, 19, 16],[18, 24, 16]
[19, 16, 17],[24, 16, 18]
[19, 17, 16],[24, 18, 16]
[16, 17, 19],[17, 18, 22]
[17, 16, 19],[17, 18, 22]
[17, 17, 17],[17, 18, 22]
[16, 19, 17],[17, 22, 18]
[17, 19, 16],[17, 22, 18]
[17, 17, 17],[17, 22, 18]
[16, 17, 19],[18, 17, 22]
[17, 16, 19],[18, 17, 22]
[17, 17, 17],[18, 17, 22]
[16, 19, 17],[18, 22, 17]
[17, 19, 16],[18, 22, 17]
[17, 17, 17],[18, 22, 17]
[19, 16, 17],[22, 17, 18]
[19, 17, 16],[22, 17, 18]
[17, 17, 17],[22, 17, 18]
[19, 16, 17],[22, 18, 17]
[19, 17, 16],[22, 18, 17]
[17, 17, 17],[22, 18, 17]
[17, 17, 17],[18, 18, 18]
[0, 29, 47],[0, 30, 49]
[0, 47, 29],[0, 49, 30]
[29, 0, 47],[30, 0, 49]
[29, 47, 0],[30, 49, 0]
[47, 0, 29],[49, 0, 30]
[47, 29, 0],[49, 30, 0]
[0, 29, 47],[1, 31, 48]
[1, 27, 46],[1, 31, 48]
[0, 47, 29],[1, 48, 31]
[1, 46, 27],[1, 48, 31]
[29, 0, 47],[31, 1, 48]
[27, 1, 46],[31, 1, 48]
[29, 47, 0],[31, 48, 1]
[27, 46, 1],[31, 48, 1]
[47, 0, 29],[48, 1, 31]
[46, 1, 27],[48, 1, 31]
[47, 29, 0],[48, 31, 1]
[46, 27, 1],[48, 31, 1]
[1, 27, 46],[2, 28, 47]
[2, 27, 45],[2, 28, 47]
[1, 46, 27],[2, 47, 28]
[2, 45, 27],[2, 47, 28]
[27, 1, 46],[28, 2, 47]
[27, 2, 45],[28, 2, 47]
[27, 46, 1],[28, 47, 2]
[27, 45, 2],[28, 47, 2]
[46, 1, 27],[47, 2, 28]
[45, 2, 27],[47, 2, 28]
[46, 27, 1],[47, 28, 2]
[45, 27, 2],[47, 28, 2]
[1, 27, 46],[4, 27, 50]
[2, 27, 45],[4, 27, 50]
[1, 46, 27],[4, 50, 27]
[2, 45, 27],[4, 50, 27]
[27, 1, 46],[27, 4, 50]
[27, 2, 45],[27, 4, 50]
[27, 46, 1],[27, 50, 4]
[27, 45, 2],[27, 50, 4]
[46, 1, 27],[50, 4, 27]
[45, 2, 27],[50, 4, 27]
[46, 27, 1],[50, 27, 4]
[45, 27, 2],[50, 27, 4]
[1, 27, 46],[4, 28, 46]
[2, 27, 45],[4, 28, 46]
[3, 28, 44],[4, 28, 46]
[1, 46, 27],[4, 46, 28]
[2, 45, 27],[4, 46, 28]
[3, 44, 28],[4, 46, 28]
[27, 1, 46],[28, 4, 46]
[27, 2, 45],[28, 4, 46]
[28, 3, 44],[28, 4, 46]
[27, 46, 1],[28, 46, 4]
[27, 45, 2],[28, 46, 4]
[28, 44, 3],[28, 46, 4]
[46, 1, 27],[46, 4, 28]
[45, 2, 27],[46, 4, 28]
[44, 3, 28],[46, 4, 28]
[46, 27, 1],[46, 28, 4]
[45, 27, 2],[46, 28, 4]
[44, 28, 3],[46, 28, 4]
[3, 28, 44],[5, 29, 44]
[5, 24, 42],[5, 29, 44]
[5, 25, 39],[5, 29, 44]
[3, 44, 28],[5, 44, 29]
[5, 42, 24],[5, 44, 29]
[5, 39, 25],[5, 44, 29]
[28, 3, 44],[29, 5, 44]
[24, 5, 42],[29, 5, 44]
[25, 5, 39],[29, 5, 44]
[28, 44, 3],[29, 44, 5]
[24, 42, 5],[29, 44, 5]
[25, 39, 5],[29, 44, 5]
[44, 3, 28],[44, 5, 29]
[42, 5, 24],[44, 5, 29]
[39, 5, 25],[44, 5, 29]
[44, 28, 3],[44, 29, 5]
[42, 24, 5],[44, 29, 5]
[39, 25, 5],[44, 29, 5]
[5, 24, 42],[6, 26, 43]
[5, 25, 39],[6, 26, 43]
[6, 25, 37],[6, 26, 43]
[5, 42, 24],[6, 43, 26]
[5, 39, 25],[6, 43, 26]
[6, 37, 25],[6, 43, 26]
[24, 5, 42],[26, 6, 43]
[25, 5, 39],[26, 6, 43]
[25, 6, 37],[26, 6, 43]
[24, 42, 5],[26, 43, 6]
[25, 39, 5],[26, 43, 6]
[25, 37, 6],[26, 43, 6]
[42, 5, 24],[43, 6, 26]
[39, 5, 25],[43, 6, 26]
[37, 6, 25],[43, 6, 26]
[42, 24, 5],[43, 26, 6]
[39, 25, 5],[43, 26, 6]
[37, 25, 6],[43, 26, 6]
[5, 25, 39],[6, 27, 41]
[6, 25, 37],[6, 27, 41]
[5, 39, 25],[6, 41, 27]
[6, 37, 25],[6, 41, 27]
[25, 5, 39],[27, 6, 41]
[25, 6, 37],[27, 6, 41]
[25, 39, 5],[27, 41, 6]
[25, 37, 6],[27, 41, 6]
[39, 5, 25],[41, 6, 27]
[37, 6, 25],[41, 6, 27]
[39, 25, 5],[41, 27, 6]
[37, 25, 6],[41, 27, 6]
[5, 24, 42],[7, 24, 43]
[5, 42, 24],[7, 43, 24]
[24, 5, 42],[24, 7, 43]
[24, 42, 5],[24, 43, 7]
[42, 5, 24],[43, 7, 24]
[42, 24, 5],[43, 24, 7]
[5, 25, 39],[7, 25, 40]
[6, 25, 37],[7, 25, 40]
[5, 39, 25],[7, 40, 25]
[6, 37, 25],[7, 40, 25]
[25, 5, 39],[25, 7, 40]
[25, 6, 37],[25, 7, 40]
[25, 39, 5],[25, 40, 7]
[25, 37, 6],[25, 40, 7]
[39, 5, 25],[40, 7, 25]
[37, 6, 25],[40, 7, 25]
[39, 25, 5],[40, 25, 7]
[37, 25, 6],[40, 25, 7]
[5, 25, 39],[11, 26, 39]
[8, 24, 38],[11, 26, 39]
[11, 23, 37],[11, 26, 39]
[5, 39, 25],[11, 39, 26]
[8, 38, 24],[11, 39, 26]
[11, 37, 23],[11, 39, 26]
[25, 5, 39],[26, 11, 39]
[24, 8, 38],[26, 11, 39]
[23, 11, 37],[26, 11, 39]
[25, 39, 5],[26, 39, 11]
[24, 38, 8],[26, 39, 11]
[23, 37, 11],[26, 39, 11]
[39, 5, 25],[39, 11, 26]
[38, 8, 24],[39, 11, 26]
[37, 11, 23],[39, 11, 26]
[39, 25, 5],[39, 26, 11]
[38, 24, 8],[39, 26, 11]
[37, 23, 11],[39, 26, 11]
[8, 24, 38],[11, 35, 38]
[10, 35, 24],[11, 35, 38]
[11, 23, 37],[11, 35, 38]
[8, 38, 24],[11, 38, 35]
[10, 24, 35],[11, 38, 35]
[11, 37, 23],[11, 38, 35]
[24, 8, 38],[35, 11, 38]
[35, 10, 24],[35, 11, 38]
[23, 11, 37],[35, 11, 38]
[24, 38, 8],[35, 38, 11]
[35, 24, 10],[35, 38, 11]
[23, 37, 11],[35, 38, 11]
[38, 8, 24],[38, 11, 35]
[24, 10, 35],[38, 11, 35]
[37, 11, 23],[38, 11, 35]
[38, 24, 8],[38, 35, 11]
[24, 35, 10],[38, 35, 11]
[37, 23, 11],[38, 35, 11]
[10, 24, 35],[12, 24, 36]
[10, 35, 24],[12, 36, 24]
[24, 10, 35],[24, 12, 36]
[24, 35, 10],[24, 36, 12]
[35, 10, 24],[36, 12, 24]
[35, 24, 10],[36, 24, 12]
[10, 24, 35],[15, 32, 35]
[10, 35, 24],[15, 35, 32]
[24, 10, 35],[32, 15, 35]
[24, 35, 10],[32, 35, 15]
[35, 10, 24],[35, 15, 32]
[35, 24, 10],[35, 32, 15]
[16, 18, 24],[17, 20, 26]
[17, 18, 22],[17, 20, 26]
[16, 24, 18],[17, 26, 20]
[17, 22, 18],[17, 26, 20]
[18, 16, 24],[20, 17, 26]
[18, 17, 22],[20, 17, 26]
[18, 24, 16],[20, 26, 17]
[18, 22, 17],[20, 26, 17]
[24, 16, 18],[26, 17, 20]
[22, 17, 18],[26, 17, 20]
[24, 18, 16],[26, 20, 17]
[22, 18, 17],[26, 20, 17]
[18, 18, 18],[18, 19, 21]
[18, 18, 18],[18, 21, 19]
[18, 18, 18],[19, 18, 21]
[18, 18, 18],[19, 21, 18]
[18, 18, 18],[21, 18, 19]
[18, 18, 18],[21, 19, 18]
[18, 18, 18],[19, 19, 19]
[0, 30, 49],[0, 32, 52]
[0, 49, 30],[0, 52, 32]
[30, 0, 49],[32, 0, 52]
[30, 49, 0],[32, 52, 0]
[49, 0, 30],[52, 0, 32]
[49, 30, 0],[52, 32, 0]
[0, 30, 49],[2, 30, 50]
[2, 28, 47],[2, 30, 50]
[0, 49, 30],[2, 50, 30]
[2, 47, 28],[2, 50, 30]
[30, 0, 49],[30, 2, 50]
[28, 2, 47],[30, 2, 50]
[30, 49, 0],[30, 50, 2]
[28, 47, 2],[30, 50, 2]
[49, 0, 30],[50, 2, 30]
[47, 2, 28],[50, 2, 30]
[49, 30, 0],[50, 30, 2]
[47, 28, 2],[50, 30, 2]
[0, 30, 49],[4, 32, 49]
[1, 31, 48],[4, 32, 49]
[2, 28, 47],[4, 32, 49]
[4, 28, 46],[4, 32, 49]
[0, 49, 30],[4, 49, 32]
[1, 48, 31],[4, 49, 32]
[2, 47, 28],[4, 49, 32]
[4, 46, 28],[4, 49, 32]
[30, 0, 49],[32, 4, 49]
[31, 1, 48],[32, 4, 49]
[28, 2, 47],[32, 4, 49]
[28, 4, 46],[32, 4, 49]
[30, 49, 0],[32, 49, 4]
[31, 48, 1],[32, 49, 4]
[28, 47, 2],[32, 49, 4]
[28, 46, 4],[32, 49, 4]
[49, 0, 30],[49, 4, 32]
[48, 1, 31],[49, 4, 32]
[47, 2, 28],[49, 4, 32]
[46, 4, 28],[49, 4, 32]
[49, 30, 0],[49, 32, 4]
[48, 31, 1],[49, 32, 4]
[47, 28, 2],[49, 32, 4]
[46, 28, 4],[49, 32, 4]
[2, 28, 47],[6, 29, 48]
[4, 28, 46],[6, 29, 48]
[5, 29, 44],[6, 29, 48]
[6, 26, 43],[6, 29, 48]
[6, 27, 41],[6, 29, 48]
[2, 47, 28],[6, 48, 29]
[4, 46, 28],[6, 48, 29]
[5, 44, 29],[6, 48, 29]
[6, 43, 26],[6, 48, 29]
[6, 41, 27],[6, 48, 29]
[28, 2, 47],[29, 6, 48]
[28, 4, 46],[29, 6, 48]
[29, 5, 44],[29, 6, 48]
[26, 6, 43],[29, 6, 48]
[27, 6, 41],[29, 6, 48]
[28, 47, 2],[29, 48, 6]
[28, 46, 4],[29, 48, 6]
[29, 44, 5],[29, 48, 6]
[26, 43, 6],[29, 48, 6]
[27, 41, 6],[29, 48, 6]
[47, 2, 28],[48, 6, 29]
[46, 4, 28],[48, 6, 29]
[44, 5, 29],[48, 6, 29]
[43, 6, 26],[48, 6, 29]
[41, 6, 27],[48, 6, 29]
[47, 28, 2],[48, 29, 6]
[46, 28, 4],[48, 29, 6]
[44, 29, 5],[48, 29, 6]
[43, 26, 6],[48, 29, 6]
[41, 27, 6],[48, 29, 6]
[2, 28, 47],[6, 31, 47]
[4, 28, 46],[6, 31, 47]
[5, 29, 44],[6, 31, 47]
[6, 26, 43],[6, 31, 47]
[6, 27, 41],[6, 31, 47]
[2, 47, 28],[6, 47, 31]
[4, 46, 28],[6, 47, 31]
[5, 44, 29],[6, 47, 31]
[6, 43, 26],[6, 47, 31]
[6, 41, 27],[6, 47, 31]
[28, 2, 47],[31, 6, 47]
[28, 4, 46],[31, 6, 47]
[29, 5, 44],[31, 6, 47]
[26, 6, 43],[31, 6, 47]
[27, 6, 41],[31, 6, 47]
[28, 47, 2],[31, 47, 6]
[28, 46, 4],[31, 47, 6]
[29, 44, 5],[31, 47, 6]
[26, 43, 6],[31, 47, 6]
[27, 41, 6],[31, 47, 6]
[47, 2, 28],[47, 6, 31]
[46, 4, 28],[47, 6, 31]
[44, 5, 29],[47, 6, 31]
[43, 6, 26],[47, 6, 31]
[41, 6, 27],[47, 6, 31]
[47, 28, 2],[47, 31, 6]
[46, 28, 4],[47, 31, 6]
[44, 29, 5],[47, 31, 6]
[43, 26, 6],[47, 31, 6]
[41, 27, 6],[47, 31, 6]
[6, 26, 43],[7, 26, 46]
[7, 24, 43],[7, 26, 46]
[7, 25, 40],[7, 26, 46]
[6, 43, 26],[7, 46, 26]
[7, 43, 24],[7, 46, 26]
[7, 40, 25],[7, 46, 26]
[26, 6, 43],[26, 7, 46]
[24, 7, 43],[26, 7, 46]
[25, 7, 40],[26, 7, 46]
[26, 43, 6],[26, 46, 7]
[24, 43, 7],[26, 46, 7]
[25, 40, 7],[26, 46, 7]
[43, 6, 26],[46, 7, 26]
[43, 7, 24],[46, 7, 26]
[40, 7, 25],[46, 7, 26]
[43, 26, 6],[46, 26, 7]
[43, 24, 7],[46, 26, 7]
[40, 25, 7],[46, 26, 7]
[6, 27, 41],[7, 28, 42]
[7, 25, 40],[7, 28, 42]
[6, 41, 27],[7, 42, 28]
[7, 40, 25],[7, 42, 28]
[27, 6, 41],[28, 7, 42]
[25, 7, 40],[28, 7, 42]
[27, 41, 6],[28, 42, 7]
[25, 40, 7],[28, 42, 7]
[41, 6, 27],[42, 7, 28]
[40, 7, 25],[42, 7, 28]
[41, 27, 6],[42, 28, 7]
[40, 25, 7],[42, 28, 7]
[7, 24, 43],[8, 25, 45]
[7, 25, 40],[8, 25, 45]
[7, 43, 24],[8, 45, 25]
[7, 40, 25],[8, 45, 25]
[24, 7, 43],[25, 8, 45]
[25, 7, 40],[25, 8, 45]
[24, 43, 7],[25, 45, 8]
[25, 40, 7],[25, 45, 8]
[43, 7, 24],[45, 8, 25]
[40, 7, 25],[45, 8, 25]
[43, 24, 7],[45, 25, 8]
[40, 25, 7],[45, 25, 8]
[6, 26, 43],[8, 26, 44]
[7, 24, 43],[8, 26, 44]
[7, 25, 40],[8, 26, 44]
[6, 43, 26],[8, 44, 26]
[7, 43, 24],[8, 44, 26]
[7, 40, 25],[8, 44, 26]
[26, 6, 43],[26, 8, 44]
[24, 7, 43],[26, 8, 44]
[25, 7, 40],[26, 8, 44]
[26, 43, 6],[26, 44, 8]
[24, 43, 7],[26, 44, 8]
[25, 40, 7],[26, 44, 8]
[43, 6, 26],[44, 8, 26]
[43, 7, 24],[44, 8, 26]
[40, 7, 25],[44, 8, 26]
[43, 26, 6],[44, 26, 8]
[43, 24, 7],[44, 26, 8]
[40, 25, 7],[44, 26, 8]
[7, 25, 40],[8, 28, 40]
[7, 40, 25],[8, 40, 28]
[25, 7, 40],[28, 8, 40]
[25, 40, 7],[28, 40, 8]
[40, 7, 25],[40, 8, 28]
[40, 25, 7],[40, 28, 8]
[7, 25, 40],[10, 26, 40]
[7, 40, 25],[10, 40, 26]
[25, 7, 40],[26, 10, 40]
[25, 40, 7],[26, 40, 10]
[40, 7, 25],[40, 10, 26]
[40, 25, 7],[40, 26, 10]
[12, 24, 36],[12, 27, 37]
[12, 36, 24],[12, 37, 27]
[24, 12, 36],[27, 12, 37]
[24, 36, 12],[27, 37, 12]
[36, 12, 24],[37, 12, 27]
[36, 24, 12],[37, 27, 12]
[12, 24, 36],[13, 27, 36]
[12, 36, 24],[13, 36, 27]
[24, 12, 36],[27, 13, 36]
[24, 36, 12],[27, 36, 13]
[36, 12, 24],[36, 13, 27]
[36, 24, 12],[36, 27, 13]
[12, 24, 36],[16, 25, 36]
[12, 36, 24],[16, 36, 25]
[24, 12, 36],[25, 16, 36]
[24, 36, 12],[25, 36, 16]
[36, 12, 24],[36, 16, 25]
[36, 24, 12],[36, 25, 16]
[17, 20, 26],[17, 24, 34]
[17, 26, 20],[17, 34, 24]
[20, 17, 26],[24, 17, 34]
[20, 26, 17],[24, 34, 17]
[26, 17, 20],[34, 17, 24]
[26, 20, 17],[34, 24, 17]
[18, 19, 21],[18, 20, 23]
[18, 21, 19],[18, 23, 20]
[19, 18, 21],[20, 18, 23]
[19, 21, 18],[20, 23, 18]
[21, 18, 19],[23, 18, 20]
[21, 19, 18],[23, 20, 18]
[19, 19, 19],[20, 20, 20]
[0, 32, 52],[0, 33, 54]
[0, 52, 32],[0, 54, 33]
[32, 0, 52],[33, 0, 54]
[32, 52, 0],[33, 54, 0]
[52, 0, 32],[54, 0, 33]
[52, 32, 0],[54, 33, 0]
[0, 32, 52],[1, 32, 54]
[0, 52, 32],[1, 54, 32]
[32, 0, 52],[32, 1, 54]
[32, 52, 0],[32, 54, 1]
[52, 0, 32],[54, 1, 32]
[52, 32, 0],[54, 32, 1]
[2, 30, 50],[2, 34, 51]
[2, 50, 30],[2, 51, 34]
[30, 2, 50],[34, 2, 51]
[30, 50, 2],[34, 51, 2]
[50, 2, 30],[51, 2, 34]
[50, 30, 2],[51, 34, 2]
[2, 30, 50],[3, 30, 53]
[2, 50, 30],[3, 53, 30]
[30, 2, 50],[30, 3, 53]
[30, 50, 2],[30, 53, 3]
[50, 2, 30],[53, 3, 30]
[50, 30, 2],[53, 30, 3]
[2, 30, 50],[3, 31, 51]
[2, 50, 30],[3, 51, 31]
[30, 2, 50],[31, 3, 51]
[30, 50, 2],[31, 51, 3]
[50, 2, 30],[51, 3, 31]
[50, 30, 2],[51, 31, 3]
[2, 30, 50],[5, 30, 51]
[2, 50, 30],[5, 51, 30]
[30, 2, 50],[30, 5, 51]
[30, 50, 2],[30, 51, 5]
[50, 2, 30],[51, 5, 30]
[50, 30, 2],[51, 30, 5]
[2, 30, 50],[5, 31, 50]
[2, 50, 30],[5, 50, 31]
[30, 2, 50],[31, 5, 50]
[30, 50, 2],[31, 50, 5]
[50, 2, 30],[50, 5, 31]
[50, 30, 2],[50, 31, 5]
[6, 29, 48],[7, 29, 50]
[7, 26, 46],[7, 29, 50]
[7, 28, 42],[7, 29, 50]
[6, 48, 29],[7, 50, 29]
[7, 46, 26],[7, 50, 29]
[7, 42, 28],[7, 50, 29]
[29, 6, 48],[29, 7, 50]
[26, 7, 46],[29, 7, 50]
[28, 7, 42],[29, 7, 50]
[29, 48, 6],[29, 50, 7]
[26, 46, 7],[29, 50, 7]
[28, 42, 7],[29, 50, 7]
[48, 6, 29],[50, 7, 29]
[46, 7, 26],[50, 7, 29]
[42, 7, 28],[50, 7, 29]
[48, 29, 6],[50, 29, 7]
[46, 26, 7],[50, 29, 7]
[42, 28, 7],[50, 29, 7]
[7, 26, 46],[8, 27, 48]
[8, 25, 45],[8, 27, 48]
[8, 26, 44],[8, 27, 48]
[7, 46, 26],[8, 48, 27]
[8, 45, 25],[8, 48, 27]
[8, 44, 26],[8, 48, 27]
[26, 7, 46],[27, 8, 48]
[25, 8, 45],[27, 8, 48]
[26, 8, 44],[27, 8, 48]
[26, 46, 7],[27, 48, 8]
[25, 45, 8],[27, 48, 8]
[26, 44, 8],[27, 48, 8]
[46, 7, 26],[48, 8, 27]
[45, 8, 25],[48, 8, 27]
[44, 8, 26],[48, 8, 27]
[46, 26, 7],[48, 27, 8]
[45, 25, 8],[48, 27, 8]
[44, 26, 8],[48, 27, 8]
[7, 26, 46],[8, 30, 46]
[8, 25, 45],[8, 30, 46]
[8, 26, 44],[8, 30, 46]
[8, 28, 40],[8, 30, 46]
[7, 46, 26],[8, 46, 30]
[8, 45, 25],[8, 46, 30]
[8, 44, 26],[8, 46, 30]
[8, 40, 28],[8, 46, 30]
[26, 7, 46],[30, 8, 46]
[25, 8, 45],[30, 8, 46]
[26, 8, 44],[30, 8, 46]
[28, 8, 40],[30, 8, 46]
[26, 46, 7],[30, 46, 8]
[25, 45, 8],[30, 46, 8]
[26, 44, 8],[30, 46, 8]
[28, 40, 8],[30, 46, 8]
[46, 7, 26],[46, 8, 30]
[45, 8, 25],[46, 8, 30]
[44, 8, 26],[46, 8, 30]
[40, 8, 28],[46, 8, 30]
[46, 26, 7],[46, 30, 8]
[45, 25, 8],[46, 30, 8]
[44, 26, 8],[46, 30, 8]
[40, 28, 8],[46, 30, 8]
[7, 26, 46],[9, 27, 47]
[8, 25, 45],[9, 27, 47]
[8, 26, 44],[9, 27, 47]
[7, 46, 26],[9, 47, 27]
[8, 45, 25],[9, 47, 27]
[8, 44, 26],[9, 47, 27]
[26, 7, 46],[27, 9, 47]
[25, 8, 45],[27, 9, 47]
[26, 8, 44],[27, 9, 47]
[26, 46, 7],[27, 47, 9]
[25, 45, 8],[27, 47, 9]
[26, 44, 8],[27, 47, 9]
[46, 7, 26],[47, 9, 27]
[45, 8, 25],[47, 9, 27]
[44, 8, 26],[47, 9, 27]
[46, 26, 7],[47, 27, 9]
[45, 25, 8],[47, 27, 9]
[44, 26, 8],[47, 27, 9]
[7, 26, 46],[9, 29, 46]
[8, 25, 45],[9, 29, 46]
[8, 26, 44],[9, 29, 46]
[8, 28, 40],[9, 29, 46]
[7, 46, 26],[9, 46, 29]
[8, 45, 25],[9, 46, 29]
[8, 44, 26],[9, 46, 29]
[8, 40, 28],[9, 46, 29]
[26, 7, 46],[29, 9, 46]
[25, 8, 45],[29, 9, 46]
[26, 8, 44],[29, 9, 46]
[28, 8, 40],[29, 9, 46]
[26, 46, 7],[29, 46, 9]
[25, 45, 8],[29, 46, 9]
[26, 44, 8],[29, 46, 9]
[28, 40, 8],[29, 46, 9]
[46, 7, 26],[46, 9, 29]
[45, 8, 25],[46, 9, 29]
[44, 8, 26],[46, 9, 29]
[40, 8, 28],[46, 9, 29]
[46, 26, 7],[46, 29, 9]
[45, 25, 8],[46, 29, 9]
[44, 26, 8],[46, 29, 9]
[40, 28, 8],[46, 29, 9]
[7, 28, 42],[10, 28, 43]
[8, 28, 40],[10, 28, 43]
[10, 26, 40],[10, 28, 43]
[7, 42, 28],[10, 43, 28]
[8, 40, 28],[10, 43, 28]
[10, 40, 26],[10, 43, 28]
[28, 7, 42],[28, 10, 43]
[28, 8, 40],[28, 10, 43]
[26, 10, 40],[28, 10, 43]
[28, 42, 7],[28, 43, 10]
[28, 40, 8],[28, 43, 10]
[26, 40, 10],[28, 43, 10]
[42, 7, 28],[43, 10, 28]
[40, 8, 28],[43, 10, 28]
[40, 10, 26],[43, 10, 28]
[42, 28, 7],[43, 28, 10]
[40, 28, 8],[43, 28, 10]
[40, 26, 10],[43, 28, 10]
[10, 26, 40],[11, 27, 42]
[10, 40, 26],[11, 42, 27]
[26, 10, 40],[27, 11, 42]
[26, 40, 10],[27, 42, 11]
[40, 10, 26],[42, 11, 27]
[40, 26, 10],[42, 27, 11]
[7, 26, 46],[12, 26, 47]
[8, 26, 44],[12, 26, 47]
[10, 26, 40],[12, 26, 47]
[7, 46, 26],[12, 47, 26]
[8, 44, 26],[12, 47, 26]
[10, 40, 26],[12, 47, 26]
[26, 7, 46],[26, 12, 47]
[26, 8, 44],[26, 12, 47]
[26, 10, 40],[26, 12, 47]
[26, 46, 7],[26, 47, 12]
[26, 44, 8],[26, 47, 12]
[26, 40, 10],[26, 47, 12]
[46, 7, 26],[47, 12, 26]
[44, 8, 26],[47, 12, 26]
[40, 10, 26],[47, 12, 26]
[46, 26, 7],[47, 26, 12]
[44, 26, 8],[47, 26, 12]
[40, 26, 10],[47, 26, 12]
[8, 25, 45],[13, 25, 48]
[8, 45, 25],[13, 48, 25]
[25, 8, 45],[25, 13, 48]
[25, 45, 8],[25, 48, 13]
[45, 8, 25],[48, 13, 25]
[45, 25, 8],[48, 25, 13]
[8, 28, 40],[13, 29, 41]
[10, 26, 40],[13, 29, 41]
[13, 27, 36],[13, 29, 41]
[8, 40, 28],[13, 41, 29]
[10, 40, 26],[13, 41, 29]
[13, 36, 27],[13, 41, 29]
[28, 8, 40],[29, 13, 41]
[26, 10, 40],[29, 13, 41]
[27, 13, 36],[29, 13, 41]
[28, 40, 8],[29, 41, 13]
[26, 40, 10],[29, 41, 13]
[27, 36, 13],[29, 41, 13]
[40, 8, 28],[41, 13, 29]
[40, 10, 26],[41, 13, 29]
[36, 13, 27],[41, 13, 29]
[40, 28, 8],[41, 29, 13]
[40, 26, 10],[41, 29, 13]
[36, 27, 13],[41, 29, 13]
[12, 27, 37],[13, 34, 38]
[13, 27, 36],[13, 34, 38]
[12, 37, 27],[13, 38, 34]
[13, 36, 27],[13, 38, 34]
[27, 12, 37],[34, 13, 38]
[27, 13, 36],[34, 13, 38]
[27, 37, 12],[34, 38, 13]
[27, 36, 13],[34, 38, 13]
[37, 12, 27],[38, 13, 34]
[36, 13, 27],[38, 13, 34]
[37, 27, 12],[38, 34, 13]
[36, 27, 13],[38, 34, 13]
[12, 27, 37],[14, 28, 37]
[13, 27, 36],[14, 28, 37]
[12, 37, 27],[14, 37, 28]
[13, 36, 27],[14, 37, 28]
[27, 12, 37],[28, 14, 37]
[27, 13, 36],[28, 14, 37]
[27, 37, 12],[28, 37, 14]
[27, 36, 13],[28, 37, 14]
[37, 12, 27],[37, 14, 28]
[36, 13, 27],[37, 14, 28]
[37, 27, 12],[37, 28, 14]
[36, 27, 13],[37, 28, 14]
[13, 27, 36],[15, 30, 36]
[13, 36, 27],[15, 36, 30]
[27, 13, 36],[30, 15, 36]
[27, 36, 13],[30, 36, 15]
[36, 13, 27],[36, 15, 30]
[36, 27, 13],[36, 30, 15]
[16, 25, 36],[18, 25, 44]
[17, 24, 34],[18, 25, 44]
[18, 20, 23],[18, 25, 44]
[18, 23, 20],[18, 25, 44]
[16, 36, 25],[18, 44, 25]
[17, 34, 24],[18, 44, 25]
[18, 20, 23],[18, 44, 25]
[18, 23, 20],[18, 44, 25]
[25, 16, 36],[25, 18, 44]
[24, 17, 34],[25, 18, 44]
[20, 18, 23],[25, 18, 44]
[23, 18, 20],[25, 18, 44]
[25, 36, 16],[25, 44, 18]
[24, 34, 17],[25, 44, 18]
[20, 23, 18],[25, 44, 18]
[23, 20, 18],[25, 44, 18]
[36, 16, 25],[44, 18, 25]
[34, 17, 24],[44, 18, 25]
[20, 18, 23],[44, 18, 25]
[23, 18, 20],[44, 18, 25]
[36, 25, 16],[44, 25, 18]
[34, 24, 17],[44, 25, 18]
[20, 23, 18],[44, 25, 18]
[23, 20, 18],[44, 25, 18]
[16, 25, 36],[18, 26, 38]
[18, 20, 23],[18, 26, 38]
[18, 23, 20],[18, 26, 38]
[16, 36, 25],[18, 38, 26]
[18, 20, 23],[18, 38, 26]
[18, 23, 20],[18, 38, 26]
[25, 16, 36],[26, 18, 38]
[20, 18, 23],[26, 18, 38]
[23, 18, 20],[26, 18, 38]
[25, 36, 16],[26, 38, 18]
[20, 23, 18],[26, 38, 18]
[23, 20, 18],[26, 38, 18]
[36, 16, 25],[38, 18, 26]
[20, 18, 23],[38, 18, 26]
[23, 18, 20],[38, 18, 26]
[36, 25, 16],[38, 26, 18]
[20, 23, 18],[38, 26, 18]
[23, 20, 18],[38, 26, 18]
[18, 20, 23],[19, 20, 25]
[18, 23, 20],[19, 25, 20]
[20, 18, 23],[20, 19, 25]
[20, 23, 18],[20, 25, 19]
[23, 18, 20],[25, 19, 20]
[23, 20, 18],[25, 20, 19]
[18, 20, 23],[19, 22, 24]
[18, 23, 20],[19, 24, 22]
[20, 18, 23],[22, 19, 24]
[20, 23, 18],[22, 24, 19]
[23, 18, 20],[24, 19, 22]
[23, 20, 18],[24, 22, 19]
[20, 20, 20],[21, 21, 21]
[0, 33, 54],[0, 35, 57]
[0, 54, 33],[0, 57, 35]
[33, 0, 54],[35, 0, 57]
[33, 54, 0],[35, 57, 0]
[54, 0, 33],[57, 0, 35]
[54, 33, 0],[57, 35, 0]
[0, 33, 54],[1, 34, 55]
[1, 32, 54],[1, 34, 55]
[0, 54, 33],[1, 55, 34]
[1, 54, 32],[1, 55, 34]
[33, 0, 54],[34, 1, 55]
[32, 1, 54],[34, 1, 55]
[33, 54, 0],[34, 55, 1]
[32, 54, 1],[34, 55, 1]
[54, 0, 33],[55, 1, 34]
[54, 1, 32],[55, 1, 34]
[54, 33, 0],[55, 34, 1]
[54, 32, 1],[55, 34, 1]
[0, 33, 54],[2, 33, 55]
[1, 32, 54],[2, 33, 55]
[0, 54, 33],[2, 55, 33]
[1, 54, 32],[2, 55, 33]
[33, 0, 54],[33, 2, 55]
[32, 1, 54],[33, 2, 55]
[33, 54, 0],[33, 55, 2]
[32, 54, 1],[33, 55, 2]
[54, 0, 33],[55, 2, 33]
[54, 1, 32],[55, 2, 33]
[54, 33, 0],[55, 33, 2]
[54, 32, 1],[55, 33, 2]
[3, 31, 51],[3, 33, 52]
[3, 51, 31],[3, 52, 33]
[31, 3, 51],[33, 3, 52]
[31, 51, 3],[33, 52, 3]
[51, 3, 31],[52, 3, 33]
[51, 31, 3],[52, 33, 3]
[3, 30, 53],[4, 31, 55]
[3, 31, 51],[4, 31, 55]
[3, 53, 30],[4, 55, 31]
[3, 51, 31],[4, 55, 31]
[30, 3, 53],[31, 4, 55]
[31, 3, 51],[31, 4, 55]
[30, 53, 3],[31, 55, 4]
[31, 51, 3],[31, 55, 4]
[53, 3, 30],[55, 4, 31]
[51, 3, 31],[55, 4, 31]
[53, 30, 3],[55, 31, 4]
[51, 31, 3],[55, 31, 4]
[3, 30, 53],[6, 30, 57]
[5, 30, 51],[6, 30, 57]
[3, 53, 30],[6, 57, 30]
[5, 51, 30],[6, 57, 30]
[30, 3, 53],[30, 6, 57]
[30, 5, 51],[30, 6, 57]
[30, 53, 3],[30, 57, 6]
[30, 51, 5],[30, 57, 6]
[53, 3, 30],[57, 6, 30]
[51, 5, 30],[57, 6, 30]
[53, 30, 3],[57, 30, 6]
[51, 30, 5],[57, 30, 6]
[3, 30, 53],[8, 31, 54]
[3, 31, 51],[8, 31, 54]
[5, 30, 51],[8, 31, 54]
[5, 31, 50],[8, 31, 54]
[8, 27, 48],[8, 31, 54]
[8, 30, 46],[8, 31, 54]
[3, 53, 30],[8, 54, 31]
[3, 51, 31],[8, 54, 31]
[5, 51, 30],[8, 54, 31]
[5, 50, 31],[8, 54, 31]
[8, 48, 27],[8, 54, 31]
[8, 46, 30],[8, 54, 31]
[30, 3, 53],[31, 8, 54]
[31, 3, 51],[31, 8, 54]
[30, 5, 51],[31, 8, 54]
[31, 5, 50],[31, 8, 54]
[27, 8, 48],[31, 8, 54]
[30, 8, 46],[31, 8, 54]
[30, 53, 3],[31, 54, 8]
[31, 51, 3],[31, 54, 8]
[30, 51, 5],[31, 54, 8]
[31, 50, 5],[31, 54, 8]
[27, 48, 8],[31, 54, 8]
[30, 46, 8],[31, 54, 8]
[53, 3, 30],[54, 8, 31]
[51, 3, 31],[54, 8, 31]
[51, 5, 30],[54, 8, 31]
[50, 5, 31],[54, 8, 31]
[48, 8, 27],[54, 8, 31]
[46, 8, 30],[54, 8, 31]
[53, 30, 3],[54, 31, 8]
[51, 31, 3],[54, 31, 8]
[51, 30, 5],[54, 31, 8]
[50, 31, 5],[54, 31, 8]
[48, 27, 8],[54, 31, 8]
[46, 30, 8],[54, 31, 8]
[8, 30, 46],[8, 32, 47]
[8, 46, 30],[8, 47, 32]
[30, 8, 46],[32, 8, 47]
[30, 46, 8],[32, 47, 8]
[46, 8, 30],[47, 8, 32]
[46, 30, 8],[47, 32, 8]
[8, 27, 48],[9, 31, 49]
[8, 30, 46],[9, 31, 49]
[9, 27, 47],[9, 31, 49]
[9, 29, 46],[9, 31, 49]
[8, 48, 27],[9, 49, 31]
[8, 46, 30],[9, 49, 31]
[9, 47, 27],[9, 49, 31]
[9, 46, 29],[9, 49, 31]
[27, 8, 48],[31, 9, 49]
[30, 8, 46],[31, 9, 49]
[27, 9, 47],[31, 9, 49]
[29, 9, 46],[31, 9, 49]
[27, 48, 8],[31, 49, 9]
[30, 46, 8],[31, 49, 9]
[27, 47, 9],[31, 49, 9]
[29, 46, 9],[31, 49, 9]
[48, 8, 27],[49, 9, 31]
[46, 8, 30],[49, 9, 31]
[47, 9, 27],[49, 9, 31]
[46, 9, 29],[49, 9, 31]
[48, 27, 8],[49, 31, 9]
[46, 30, 8],[49, 31, 9]
[47, 27, 9],[49, 31, 9]
[46, 29, 9],[49, 31, 9]
[7, 29, 50],[10, 29, 51]
[8, 27, 48],[10, 29, 51]
[9, 29, 46],[10, 29, 51]
[10, 28, 43],[10, 29, 51]
[7, 50, 29],[10, 51, 29]
[8, 48, 27],[10, 51, 29]
[9, 46, 29],[10, 51, 29]
[10, 43, 28],[10, 51, 29]
[29, 7, 50],[29, 10, 51]
[27, 8, 48],[29, 10, 51]
[29, 9, 46],[29, 10, 51]
[28, 10, 43],[29, 10, 51]
[29, 50, 7],[29, 51, 10]
[27, 48, 8],[29, 51, 10]
[29, 46, 9],[29, 51, 10]
[28, 43, 10],[29, 51, 10]
[50, 7, 29],[51, 10, 29]
[48, 8, 27],[51, 10, 29]
[46, 9, 29],[51, 10, 29]
[43, 10, 28],[51, 10, 29]
[50, 29, 7],[51, 29, 10]
[48, 27, 8],[51, 29, 10]
[46, 29, 9],[51, 29, 10]
[43, 28, 10],[51, 29, 10]
[8, 30, 46],[10, 30, 47]
[9, 27, 47],[10, 30, 47]
[9, 29, 46],[10, 30, 47]
[10, 28, 43],[10, 30, 47]
[8, 46, 30],[10, 47, 30]
[9, 47, 27],[10, 47, 30]
[9, 46, 29],[10, 47, 30]
[10, 43, 28],[10, 47, 30]
[30, 8, 46],[30, 10, 47]
[27, 9, 47],[30, 10, 47]
[29, 9, 46],[30, 10, 47]
[28, 10, 43],[30, 10, 47]
[30, 46, 8],[30, 47, 10]
[27, 47, 9],[30, 47, 10]
[29, 46, 9],[30, 47, 10]
[28, 43, 10],[30, 47, 10]
[46, 8, 30],[47, 10, 30]
[47, 9, 27],[47, 10, 30]
[46, 9, 29],[47, 10, 30]
[43, 10, 28],[47, 10, 30]
[46, 30, 8],[47, 30, 10]
[47, 27, 9],[47, 30, 10]
[46, 29, 9],[47, 30, 10]
[43, 28, 10],[47, 30, 10]
[8, 27, 48],[11, 28, 48]
[9, 27, 47],[11, 28, 48]
[10, 28, 43],[11, 28, 48]
[11, 27, 42],[11, 28, 48]
[8, 48, 27],[11, 48, 28]
[9, 47, 27],[11, 48, 28]
[10, 43, 28],[11, 48, 28]
[11, 42, 27],[11, 48, 28]
[27, 8, 48],[28, 11, 48]
[27, 9, 47],[28, 11, 48]
[28, 10, 43],[28, 11, 48]
[27, 11, 42],[28, 11, 48]
[27, 48, 8],[28, 48, 11]
[27, 47, 9],[28, 48, 11]
[28, 43, 10],[28, 48, 11]
[27, 42, 11],[28, 48, 11]
[48, 8, 27],[48, 11, 28]
[47, 9, 27],[48, 11, 28]
[43, 10, 28],[48, 11, 28]
[42, 11, 27],[48, 11, 28]
[48, 27, 8],[48, 28, 11]
[47, 27, 9],[48, 28, 11]
[43, 28, 10],[48, 28, 11]
[42, 27, 11],[48, 28, 11]
[10, 28, 43],[11, 29, 45]
[11, 27, 42],[11, 29, 45]
[10, 43, 28],[11, 45, 29]
[11, 42, 27],[11, 45, 29]
[28, 10, 43],[29, 11, 45]
[27, 11, 42],[29, 11, 45]
[28, 43, 10],[29, 45, 11]
[27, 42, 11],[29, 45, 11]
[43, 10, 28],[45, 11, 29]
[42, 11, 27],[45, 11, 29]
[43, 28, 10],[45, 29, 11]
[42, 27, 11],[45, 29, 11]
[11, 27, 42],[14, 30, 44]
[13, 29, 41],[14, 30, 44]
[14, 28, 37],[14, 30, 44]
[11, 42, 27],[14, 44, 30]
[13, 41, 29],[14, 44, 30]
[14, 37, 28],[14, 44, 30]
[27, 11, 42],[30, 14, 44]
[29, 13, 41],[30, 14, 44]
[28, 14, 37],[30, 14, 44]
[27, 42, 11],[30, 44, 14]
[29, 41, 13],[30, 44, 14]
[28, 37, 14],[30, 44, 14]
[42, 11, 27],[44, 14, 30]
[41, 13, 29],[44, 14, 30]
[37, 14, 28],[44, 14, 30]
[42, 27, 11],[44, 30, 14]
[41, 29, 13],[44, 30, 14]
[37, 28, 14],[44, 30, 14]
[10, 28, 43],[14, 33, 43]
[14, 28, 37],[14, 33, 43]
[10, 43, 28],[14, 43, 33]
[14, 37, 28],[14, 43, 33]
[28, 10, 43],[33, 14, 43]
[28, 14, 37],[33, 14, 43]
[28, 43, 10],[33, 43, 14]
[28, 37, 14],[33, 43, 14]
[43, 10, 28],[43, 14, 33]
[37, 14, 28],[43, 14, 33]
[43, 28, 10],[43, 33, 14]
[37, 28, 14],[43, 33, 14]
[14, 28, 37],[15, 29, 40]
[14, 37, 28],[15, 40, 29]
[28, 14, 37],[29, 15, 40]
[28, 37, 14],[29, 40, 15]
[37, 14, 28],[40, 15, 29]
[37, 28, 14],[40, 29, 15]
[14, 28, 37],[16, 32, 37]
[15, 30, 36],[16, 32, 37]
[14, 37, 28],[16, 37, 32]
[15, 36, 30],[16, 37, 32]
[28, 14, 37],[32, 16, 37]
[30, 15, 36],[32, 16, 37]
[28, 37, 14],[32, 37, 16]
[30, 36, 15],[32, 37, 16]
[37, 14, 28],[37, 16, 32]
[36, 15, 30],[37, 16, 32]
[37, 28, 14],[37, 32, 16]
[36, 30, 15],[37, 32, 16]
[19, 20, 25],[19, 26, 32]
[19, 25, 20],[19, 26, 32]
[19, 22, 24],[19, 26, 32]
[19, 24, 22],[19, 26, 32]
[19, 20, 25],[19, 32, 26]
[19, 25, 20],[19, 32, 26]
[19, 22, 24],[19, 32, 26]
[19, 24, 22],[19, 32, 26]
[20, 19, 25],[26, 19, 32]
[25, 19, 20],[26, 19, 32]
[22, 19, 24],[26, 19, 32]
[24, 19, 22],[26, 19, 32]
[20, 25, 19],[26, 32, 19]
[25, 20, 19],[26, 32, 19]
[22, 24, 19],[26, 32, 19]
[24, 22, 19],[26, 32, 19]
[20, 19, 25],[32, 19, 26]
[25, 19, 20],[32, 19, 26]
[22, 19, 24],[32, 19, 26]
[24, 19, 22],[32, 19, 26]
[20, 25, 19],[32, 26, 19]
[25, 20, 19],[32, 26, 19]
[22, 24, 19],[32, 26, 19]
[24, 22, 19],[32, 26, 19]
[19, 20, 25],[20, 24, 28]
[20, 19, 25],[20, 24, 28]
[19, 24, 22],[20, 24, 28]
[19, 25, 20],[20, 28, 24]
[20, 25, 19],[20, 28, 24]
[19, 22, 24],[20, 28, 24]
[19, 20, 25],[24, 20, 28]
[20, 19, 25],[24, 20, 28]
[24, 19, 22],[24, 20, 28]
[19, 25, 20],[24, 28, 20]
[20, 25, 19],[24, 28, 20]
[24, 22, 19],[24, 28, 20]
[25, 19, 20],[28, 20, 24]
[25, 20, 19],[28, 20, 24]
[22, 19, 24],[28, 20, 24]
[25, 19, 20],[28, 24, 20]
[25, 20, 19],[28, 24, 20]
[22, 24, 19],[28, 24, 20]
[19, 20, 25],[21, 23, 25]
[20, 19, 25],[21, 23, 25]
[19, 22, 24],[21, 23, 25]
[21, 21, 21],[21, 23, 25]
[19, 25, 20],[21, 25, 23]
[20, 25, 19],[21, 25, 23]
[19, 24, 22],[21, 25, 23]
[21, 21, 21],[21, 25, 23]
[19, 20, 25],[23, 21, 25]
[20, 19, 25],[23, 21, 25]
[22, 19, 24],[23, 21, 25]
[21, 21, 21],[23, 21, 25]
[19, 25, 20],[23, 25, 21]
[20, 25, 19],[23, 25, 21]
[22, 24, 19],[23, 25, 21]
[21, 21, 21],[23, 25, 21]
[25, 19, 20],[25, 21, 23]
[25, 20, 19],[25, 21, 23]
[24, 19, 22],[25, 21, 23]
[21, 21, 21],[25, 21, 23]
[25, 19, 20],[25, 23, 21]
[25, 20, 19],[25, 23, 21]
[24, 22, 19],[25, 23, 21]
[21, 21, 21],[25, 23, 21]
[21, 21, 21],[22, 22, 22]
[0, 35, 57],[0, 37, 60]
[0, 57, 35],[0, 60, 37]
[35, 0, 57],[37, 0, 60]
[35, 57, 0],[37, 60, 0]
[57, 0, 35],[60, 0, 37]
[57, 35, 0],[60, 37, 0]
[1, 34, 55],[1, 36, 56]
[1, 55, 34],[1, 56, 36]
[34, 1, 55],[36, 1, 56]
[34, 55, 1],[36, 56, 1]
[55, 1, 34],[56, 1, 36]
[55, 34, 1],[56, 36, 1]
[1, 34, 55],[2, 35, 56]
[2, 33, 55],[2, 35, 56]
[1, 55, 34],[2, 56, 35]
[2, 55, 33],[2, 56, 35]
[34, 1, 55],[35, 2, 56]
[33, 2, 55],[35, 2, 56]
[34, 55, 1],[35, 56, 2]
[33, 55, 2],[35, 56, 2]
[55, 1, 34],[56, 2, 35]
[55, 2, 33],[56, 2, 35]
[55, 34, 1],[56, 35, 2]
[55, 33, 2],[56, 35, 2]
[1, 34, 55],[3, 34, 56]
[2, 33, 55],[3, 34, 56]
[3, 33, 52],[3, 34, 56]
[1, 55, 34],[3, 56, 34]
[2, 55, 33],[3, 56, 34]
[3, 52, 33],[3, 56, 34]
[34, 1, 55],[34, 3, 56]
[33, 2, 55],[34, 3, 56]
[33, 3, 52],[34, 3, 56]
[34, 55, 1],[34, 56, 3]
[33, 55, 2],[34, 56, 3]
[33, 52, 3],[34, 56, 3]
[55, 1, 34],[56, 3, 34]
[55, 2, 33],[56, 3, 34]
[52, 3, 33],[56, 3, 34]
[55, 34, 1],[56, 34, 3]
[55, 33, 2],[56, 34, 3]
[52, 33, 3],[56, 34, 3]
[2, 33, 55],[4, 33, 59]
[3, 33, 52],[4, 33, 59]
[4, 31, 55],[4, 33, 59]
[2, 55, 33],[4, 59, 33]
[3, 52, 33],[4, 59, 33]
[4, 55, 31],[4, 59, 33]
[33, 2, 55],[33, 4, 59]
[33, 3, 52],[33, 4, 59]
[31, 4, 55],[33, 4, 59]
[33, 55, 2],[33, 59, 4]
[33, 52, 3],[33, 59, 4]
[31, 55, 4],[33, 59, 4]
[55, 2, 33],[59, 4, 33]
[52, 3, 33],[59, 4, 33]
[55, 4, 31],[59, 4, 33]
[55, 33, 2],[59, 33, 4]
[52, 33, 3],[59, 33, 4]
[55, 31, 4],[59, 33, 4]
[4, 31, 55],[5, 32, 56]
[4, 55, 31],[5, 56, 32]
[31, 4, 55],[32, 5, 56]
[31, 55, 4],[32, 56, 5]
[55, 4, 31],[56, 5, 32]
[55, 31, 4],[56, 32, 5]
[3, 33, 52],[6, 34, 52]
[3, 52, 33],[6, 52, 34]
[33, 3, 52],[34, 6, 52]
[33, 52, 3],[34, 52, 6]
[52, 3, 33],[52, 6, 34]
[52, 33, 3],[52, 34, 6]
[4, 31, 55],[7, 32, 55]
[4, 55, 31],[7, 55, 32]
[31, 4, 55],[32, 7, 55]
[31, 55, 4],[32, 55, 7]
[55, 4, 31],[55, 7, 32]
[55, 31, 4],[55, 32, 7]
[8, 32, 47],[8, 33, 50]
[8, 47, 32],[8, 50, 33]
[32, 8, 47],[33, 8, 50]
[32, 47, 8],[33, 50, 8]
[47, 8, 32],[50, 8, 33]
[47, 32, 8],[50, 33, 8]
[9, 31, 49],[10, 31, 52]
[10, 29, 51],[10, 31, 52]
[10, 30, 47],[10, 31, 52]
[9, 49, 31],[10, 52, 31]
[10, 51, 29],[10, 52, 31]
[10, 47, 30],[10, 52, 31]
[31, 9, 49],[31, 10, 52]
[29, 10, 51],[31, 10, 52]
[30, 10, 47],[31, 10, 52]
[31, 49, 9],[31, 52, 10]
[29, 51, 10],[31, 52, 10]
[30, 47, 10],[31, 52, 10]
[49, 9, 31],[52, 10, 31]
[51, 10, 29],[52, 10, 31]
[47, 10, 30],[52, 10, 31]
[49, 31, 9],[52, 31, 10]
[51, 29, 10],[52, 31, 10]
[47, 30, 10],[52, 31, 10]
[10, 29, 51],[11, 30, 52]
[10, 30, 47],[11, 30, 52]
[11, 28, 48],[11, 30, 52]
[11, 29, 45],[11, 30, 52]
[10, 51, 29],[11, 52, 30]
[10, 47, 30],[11, 52, 30]
[11, 48, 28],[11, 52, 30]
[11, 45, 29],[11, 52, 30]
[29, 10, 51],[30, 11, 52]
[30, 10, 47],[30, 11, 52]
[28, 11, 48],[30, 11, 52]
[29, 11, 45],[30, 11, 52]
[29, 51, 10],[30, 52, 11]
[30, 47, 10],[30, 52, 11]
[28, 48, 11],[30, 52, 11]
[29, 45, 11],[30, 52, 11]
[51, 10, 29],[52, 11, 30]
[47, 10, 30],[52, 11, 30]
[48, 11, 28],[52, 11, 30]
[45, 11, 29],[52, 11, 30]
[51, 29, 10],[52, 30, 11]
[47, 30, 10],[52, 30, 11]
[48, 28, 11],[52, 30, 11]
[45, 29, 11],[52, 30, 11]
[8, 32, 47],[12, 33, 48]
[10, 30, 47],[12, 33, 48]
[11, 28, 48],[12, 33, 48]
[11, 29, 45],[12, 33, 48]
[8, 47, 32],[12, 48, 33]
[10, 47, 30],[12, 48, 33]
[11, 48, 28],[12, 48, 33]
[11, 45, 29],[12, 48, 33]
[32, 8, 47],[33, 12, 48]
[30, 10, 47],[33, 12, 48]
[28, 11, 48],[33, 12, 48]
[29, 11, 45],[33, 12, 48]
[32, 47, 8],[33, 48, 12]
[30, 47, 10],[33, 48, 12]
[28, 48, 11],[33, 48, 12]
[29, 45, 11],[33, 48, 12]
[47, 8, 32],[48, 12, 33]
[47, 10, 30],[48, 12, 33]
[48, 11, 28],[48, 12, 33]
[45, 11, 29],[48, 12, 33]
[47, 32, 8],[48, 33, 12]
[47, 30, 10],[48, 33, 12]
[48, 28, 11],[48, 33, 12]
[45, 29, 11],[48, 33, 12]
[11, 29, 45],[13, 32, 45]
[11, 45, 29],[13, 45, 32]
[29, 11, 45],[32, 13, 45]
[29, 45, 11],[32, 45, 13]
[45, 11, 29],[45, 13, 32]
[45, 29, 11],[45, 32, 13]
[15, 29, 40],[15, 41, 42]
[15, 40, 29],[15, 41, 42]
[15, 29, 40],[15, 42, 41]
[15, 40, 29],[15, 42, 41]
[29, 15, 40],[41, 15, 42]
[40, 15, 29],[41, 15, 42]
[29, 40, 15],[41, 42, 15]
[40, 29, 15],[41, 42, 15]
[29, 15, 40],[42, 15, 41]
[40, 15, 29],[42, 15, 41]
[29, 40, 15],[42, 41, 15]
[40, 29, 15],[42, 41, 15]
[15, 29, 40],[16, 31, 40]
[15, 40, 29],[16, 40, 31]
[29, 15, 40],[31, 16, 40]
[29, 40, 15],[31, 40, 16]
[40, 15, 29],[40, 16, 31]
[40, 29, 15],[40, 31, 16]
[19, 26, 32],[19, 27, 39]
[19, 32, 26],[19, 39, 27]
[26, 19, 32],[27, 19, 39]
[26, 32, 19],[27, 39, 19]
[32, 19, 26],[39, 19, 27]
[32, 26, 19],[39, 27, 19]
[21, 23, 25],[21, 24, 27]
[21, 25, 23],[21, 27, 24]
[23, 21, 25],[24, 21, 27]
[23, 25, 21],[24, 27, 21]
[25, 21, 23],[27, 21, 24]
[25, 23, 21],[27, 24, 21]
[21, 23, 25],[22, 23, 30]
[22, 22, 22],[22, 23, 30]
[21, 25, 23],[22, 30, 23]
[22, 22, 22],[22, 30, 23]
[23, 21, 25],[23, 22, 30]
[22, 22, 22],[23, 22, 30]
[23, 25, 21],[23, 30, 22]
[22, 22, 22],[23, 30, 22]
[25, 21, 23],[30, 22, 23]
[22, 22, 22],[30, 22, 23]
[25, 23, 21],[30, 23, 22]
[22, 22, 22],[30, 23, 22]
[22, 22, 22],[23, 23, 23]
