[0, 0, 0, 0]
[0, 0, 1, 2]
[0, 0, 3, 5]
[0, 0, 4, 7]
[0, 0, 6, 10]
[0, 0, 8, 13]
[0, 0, 9, 15]
[0, 0, 11, 18]
[0, 0, 12, 20]
[0, 0, 14, 23]
[0, 0, 16, 26]
[0, 0, 17, 28]
[0, 0, 19, 31]
[0, 0, 21, 34]
[0, 0, 22, 36]
[0, 0, 24, 39]
[0, 0, 25, 41]
[0, 0, 27, 44]
[0, 0, 29, 47]
[0, 0, 30, 49]
[0, 0, 32, 52]
[0, 0, 33, 54]
[0, 0, 35, 57]
[0, 0, 37, 60]
[0, 0, 38, 62]
[0, 0, 40, 65]
[0, 0, 42, 68]
[0, 0, 43, 70]
[0, 0, 45, 73]
[0, 0, 46, 75]
[0, 0, 48, 78]
[0, 0, 50, 81]
[0, 0, 51, 83]
[0, 0, 53, 86]
[0, 0, 55, 89]
[0, 0, 56, 91]
[0, 0, 58, 94]
[0, 0, 59, 96]
[0, 0, 61, 99]
[0, 0, 63, 102]
[0, 0, 64, 104]
[0, 0, 66, 107]
[0, 0, 67, 109]
[0, 0, 69, 112]
[0, 0, 71, 115]
[0, 0, 72, 117]
[0, 0, 74, 120]
[0, 0, 76, 123]
[0, 0, 77, 125]
[0, 0, 79, 128]
[0, 0, 80, 130]
[0, 0, 82, 133]
[0, 0, 84, 136]
[0, 0, 85, 138]
[0, 0, 87, 141]
[0, 0, 88, 143]
[0, 0, 90, 146]
[0, 0, 92, 149]
[0, 1, 1, 3]
[0, 1, 4, 4]
[0, 1, 5, 5]
[0, 1, 6, 6]
[0, 1, 7, 7]
[0, 1, 8, 8]
[0, 1, 9, 9]
[0, 1, 10, 10]
[0, 1, 11, 11]
[0, 1, 12, 12]
[0, 1, 13, 13]
[0, 1, 14, 14]
[0, 1, 15, 15]
[0, 1, 16, 16]
[0, 1, 17, 17]
[0, 1, 18, 18]
[0, 1, 19, 19]
[0, 1, 20, 20]
[0, 1, 21, 21]
[0, 1, 22, 22]
[0, 1, 23, 23]
[0, 1, 24, 24]
[0, 1, 25, 25]
[0, 1, 26, 26]
[0, 1, 27, 27]
[0, 1, 28, 28]
[0, 1, 29, 29]
[0, 1, 30, 30]
[0, 1, 31, 31]
[0, 1, 32, 32]
[0, 1, 33, 33]
[0, 1, 34, 34]
[0, 1, 35, 35]
[0, 1, 36, 36]
[0, 1, 37, 37]
[0, 1, 38, 38]
[0, 1, 39, 39]
[0, 1, 40, 40]
[0, 1, 41, 41]
[0, 1, 42, 42]
[0, 1, 43, 43]
[0, 1, 44, 44]
[0, 1, 45, 45]
[0, 1, 46, 46]
[0, 1, 47, 47]
[0, 1, 48, 48]
[0, 1, 49, 49]
[0, 1, 50, 50]
[0, 1, 51, 51]
[0, 1, 52, 52]
[0, 1, 53, 53]
[0, 1, 54, 54]
[0, 1, 55, 55]
[0, 1, 56, 56]
[0, 1, 57, 57]
[0, 1, 58, 58]
[0, 1, 59, 59]
[0, 1, 60, 60]
[0, 1, 61, 61]
[0, 1, 62, 62]
[0, 1, 63, 63]
[0, 1, 64, 64]
[0, 1, 65, 65]
[0, 1, 66, 66]
[0, 1, 67, 67]
[0, 1, 68, 68]
[0, 1, 69, 69]
[0, 1, 70, 70]
[0, 1, 71, 71]
[0, 1, 72, 72]
[0, 1, 73, 73]
[0, 1, 74, 74]
[0, 1, 75, 75]
[0, 1, 76, 76]
[0, 1, 77, 77]
[0, 1, 78, 78]
[0, 1, 79, 79]
[0, 1, 80, 80]
[0, 1, 81, 81]
[0, 1, 82, 82]
[0, 1, 83, 83]
[0, 1, 84, 84]
[0, 1, 85, 85]
[0, 1, 86, 86]
[0, 1, 87, 87]
[0, 1, 88, 88]
[0, 1, 89, 89]
[0, 1, 90, 90]
[0, 1, 91, 91]
[0, 1, 92, 92]
[0, 1, 93, 93]
[0, 1, 94, 94]
[0, 1, 95, 95]
[0, 1, 96, 96]
[0, 1, 97, 97]
[0, 1, 98, 98]
[0, 1, 99, 99]
[0, 1, 100, 100]
[0, 1, 101, 101]
[0, 1, 102, 102]
[0, 1, 103, 103]
[0, 1, 104, 104]
[0, 1, 105, 105]
[0, 1, 106, 106]
[0, 1, 107, 107]
[0, 1, 108, 108]
[0, 1, 109, 109]
[0, 1, 110, 110]
[0, 1, 111, 111]
[0, 1, 112, 112]
[0, 1, 113, 113]
[0, 1, 114, 114]
[0, 1, 115, 115]
[0, 1, 116, 116]
[0, 1, 117, 117]
[0, 1, 118, 118]
[0, 1, 119, 119]
[0, 1, 120, 120]
[0, 1, 121, 121]
[0, 1, 122, 122]
[0, 1, 123, 123]
[0, 1, 124, 124]
[0, 1, 125, 125]
[0, 1, 126, 126]
[0, 1, 127, 127]
[0, 1, 128, 128]
[0, 1, 129, 129]
[0, 1, 130, 130]
[0, 1, 131, 131]
[0, 1, 132, 132]
[0, 1, 133, 133]
[0, 1, 134, 134]
[0, 1, 135, 135]
[0, 1, 136, 136]
[0, 1, 137, 137]
[0, 1, 138, 138]
[0, 1, 139, 139]
[0, 1, 140, 140]
[0, 1, 141, 141]
[0, 1, 142, 142]
[0, 1, 143, 143]
[0, 1, 144, 144]
[0, 1, 145, 145]
[0, 1, 146, 146]
[0, 1, 147, 147]
[0, 1, 148, 148]
[0, 1, 149, 149]
[0, 1, 150, 150]
[0, 2, 2, 3]
[0, 2, 4, 5]
[0, 2, 6, 7]
[0, 2, 8, 9]
[0, 2, 10, 11]
[0, 2, 12, 13]
[0, 2, 14, 15]
[0, 2, 16, 17]
[0, 2, 18, 19]
[0, 2, 20, 21]
[0, 2, 22, 23]
[0, 2, 24, 25]
[0, 2, 26, 27]
[0, 2, 28, 29]
[0, 2, 30, 31]
[0, 2, 32, 33]
[0, 2, 34, 35]
[0, 2, 36, 37]
[0, 2, 38, 39]
[0, 2, 40, 41]
[0, 2, 42, 43]
[0, 2, 44, 45]
[0, 2, 46, 47]
[0, 2, 48, 49]
[0, 2, 50, 51]
[0, 2, 52, 53]
[0, 2, 54, 55]
[0, 2, 56, 57]
[0, 2, 58, 59]
[0, 2, 60, 61]
[0, 2, 62, 63]
[0, 2, 64, 65]
[0, 2, 66, 67]
[0, 2, 68, 69]
[0, 2, 70, 71]
[0, 2, 72, 73]
[0, 2, 74, 75]
[0, 2, 76, 77]
[0, 2, 78, 79]
[0, 2, 80, 81]
[0, 2, 82, 83]
[0, 2, 84, 85]
[0, 2, 86, 87]
[0, 2, 88, 89]
[0, 2, 90, 91]
[0, 2, 92, 93]
[0, 2, 94, 95]
[0, 2, 96, 97]
[0, 2, 98, 99]
[0, 2, 100, 101]
[0, 2, 102, 103]
[0, 2, 104, 105]
[0, 2, 106, 107]
[0, 2, 108, 109]
[0, 2, 110, 111]
[0, 2, 112, 113]
[0, 2, 114, 115]
[0, 2, 116, 117]
[0, 2, 118, 119]
[0, 2, 120, 121]
[0, 2, 122, 123]
[0, 2, 124, 125]
[0, 2, 126, 127]
[0, 2, 128, 129]
[0, 2, 130, 131]
[0, 2, 132, 133]
[0, 2, 134, 135]
[0, 2, 136, 137]
[0, 2, 138, 139]
[0, 2, 140, 141]
[0, 2, 142, 143]
[0, 2, 144, 145]
[0, 2, 146, 147]
[0, 2, 148, 149]
[0, 3, 3, 6]
[0, 3, 4, 8]
[0, 3, 7, 9]
[0, 3, 10, 12]
[0, 3, 11, 13]
[0, 3, 14, 16]
[0, 3, 15, 17]
[0, 3, 18, 20]
[0, 3, 19, 21]
[0, 3, 22, 24]
[0, 3, 23, 25]
[0, 3, 26, 28]
[0, 3, 27, 29]
[0, 3, 30, 32]
[0, 3, 31, 33]
[0, 3, 34, 36]
[0, 3, 35, 37]
[0, 3, 38, 40]
[0, 3, 39, 41]
[0, 3, 42, 44]
[0, 3, 43, 45]
[0, 3, 46, 48]
[0, 3, 47, 49]
[0, 3, 50, 52]
[0, 3, 51, 53]
[0, 3, 54, 56]
[0, 3, 55, 57]
[0, 3, 58, 60]
[0, 3, 59, 61]
[0, 3, 62, 64]
[0, 3, 63, 65]
[0, 3, 66, 68]
[0, 3, 67, 69]
[0, 3, 70, 72]
[0, 3, 71, 73]
[0, 3, 74, 76]
[0, 3, 75, 77]
[0, 3, 78, 80]
[0, 3, 79, 81]
[0, 3, 82, 84]
[0, 3, 83, 85]
[0, 3, 86, 88]
[0, 3, 87, 89]
[0, 3, 90, 92]
[0, 3, 91, 93]
[0, 3, 94, 96]
[0, 3, 95, 97]
[0, 3, 98, 100]
[0, 3, 99, 101]
[0, 3, 102, 104]
[0, 3, 103, 105]
[0, 3, 106, 108]
[0, 3, 107, 109]
[0, 3, 110, 112]
[0, 3, 111, 113]
[0, 3, 114, 116]
[0, 3, 115, 117]
[0, 3, 118, 120]
[0, 3, 119, 121]
[0, 3, 122, 124]
[0, 3, 123, 125]
[0, 3, 126, 128]
[0, 3, 127, 129]
[0, 3, 130, 132]
[0, 3, 131, 133]
[0, 3, 134, 136]
[0, 3, 135, 137]
[0, 3, 138, 140]
[0, 3, 139, 141]
[0, 3, 142, 144]
[0, 3, 143, 145]
[0, 3, 146, 148]
[0, 3, 147, 149]
[0, 4, 6, 9]
[0, 4, 10, 13]
[0, 4, 11, 12]
[0, 4, 14, 17]
[0, 4, 15, 16]
[0, 4, 18, 21]
[0, 4, 19, 20]
[0, 4, 22, 25]
[0, 4, 23, 24]
[0, 4, 26, 29]
[0, 4, 27, 28]
[0, 4, 30, 33]
[0, 4, 31, 32]
[0, 4, 34, 37]
[0, 4, 35, 36]
[0, 4, 38, 41]
[0, 4, 39, 40]
[0, 4, 42, 45]
[0, 4, 43, 44]
[0, 4, 46, 49]
[0, 4, 47, 48]
[0, 4, 50, 53]
[0, 4, 51, 52]
[0, 4, 54, 57]
[0, 4, 55, 56]
[0, 4, 58, 61]
[0, 4, 59, 60]
[0, 4, 62, 65]
[0, 4, 63, 64]
[0, 4, 66, 69]
[0, 4, 67, 68]
[0, 4, 70, 73]
[0, 4, 71, 72]
[0, 4, 74, 77]
[0, 4, 75, 76]
[0, 4, 78, 81]
[0, 4, 79, 80]
[0, 4, 82, 85]
[0, 4, 83, 84]
[0, 4, 86, 89]
[0, 4, 87, 88]
[0, 4, 90, 93]
[0, 4, 91, 92]
[0, 4, 94, 97]
[0, 4, 95, 96]
[0, 4, 98, 101]
[0, 4, 99, 100]
[0, 4, 102, 105]
[0, 4, 103, 104]
[0, 4, 106, 109]
[0, 4, 107, 108]
[0, 4, 110, 113]
[0, 4, 111, 112]
[0, 4, 114, 117]
[0, 4, 115, 116]
[0, 4, 118, 121]
[0, 4, 119, 120]
[0, 4, 122, 125]
[0, 4, 123, 124]
[0, 4, 126, 129]
[0, 4, 127, 128]
[0, 4, 130, 133]
[0, 4, 131, 132]
[0, 4, 134, 137]
[0, 4, 135, 136]
[0, 4, 138, 141]
[0, 4, 139, 140]
[0, 4, 142, 145]
[0, 4, 143, 144]
[0, 4, 146, 149]
[0, 4, 147, 148]
[0, 5, 6, 8]
[0, 5, 7, 11]
[0, 5, 9, 13]
[0, 5, 10, 14]
[0, 5, 12, 15]
[0, 5, 16, 19]
[0, 5, 17, 20]
[0, 5, 18, 22]
[0, 5, 21, 24]
[0, 5, 23, 27]
[0, 5, 25, 28]
[0, 5, 26, 30]
[0, 5, 29, 32]
[0, 5, 31, 35]
[0, 5, 33, 36]
[0, 5, 34, 38]
[0, 5, 37, 40]
[0, 5, 39, 43]
[0, 5, 41, 44]
[0, 5, 42, 46]
[0, 5, 45, 48]
[0, 5, 47, 51]
[0, 5, 49, 52]
[0, 5, 50, 54]
[0, 5, 53, 56]
[0, 5, 55, 59]
[0, 5, 57, 60]
[0, 5, 58, 62]
[0, 5, 61, 64]
[0, 5, 63, 67]
[0, 5, 65, 68]
[0, 5, 66, 70]
[0, 5, 69, 72]
[0, 5, 71, 75]
[0, 5, 73, 76]
[0, 5, 74, 78]
[0, 5, 77, 80]
[0, 5, 79, 83]
[0, 5, 81, 84]
[0, 5, 82, 86]
[0, 5, 85, 88]
[0, 5, 87, 91]
[0, 5, 89, 92]
[0, 5, 90, 94]
[0, 5, 93, 96]
[0, 5, 95, 99]
[0, 5, 97, 100]
[0, 5, 98, 102]
[0, 5, 101, 104]
[0, 5, 103, 107]
[0, 5, 105, 108]
[0, 5, 106, 110]
[0, 5, 109, 112]
[0, 5, 111, 115]
[0, 5, 113, 116]
[0, 5, 114, 118]
[0, 5, 117, 120]
[0, 5, 119, 123]
[0, 5, 121, 124]
[0, 5, 122, 126]
[0, 5, 125, 128]
[0, 5, 127, 131]
[0, 5, 129, 132]
[0, 5, 130, 134]
[0, 5, 133, 136]
[0, 5, 135, 139]
[0, 5, 137, 140]
[0, 5, 138, 142]
[0, 5, 141, 144]
[0, 5, 143, 147]
[0, 5, 145, 148]
[0, 5, 146, 150]
[0, 6, 11, 14]
[0, 6, 12, 17]
[0, 6, 13, 18]
[0, 6, 15, 19]
[0, 6, 16, 20]
[0, 6, 21, 25]
[0, 6, 22, 26]
[0, 6, 23, 28]
[0, 6, 24, 29]
[0, 6, 27, 30]
[0, 6, 31, 34]
[0, 6, 32, 37]
[0, 6, 33, 38]
[0, 6, 35, 40]
[0, 6, 36, 41]
[0, 6, 39, 42]
[0, 6, 43, 46]
[0, 6, 44, 48]
[0, 6, 45, 49]
[0, 6, 47, 50]
[0, 6, 51, 54]
[0, 6, 52, 56]
[0, 6, 53, 57]
[0, 6, 55, 58]
[0, 6, 59, 62]
[0, 6, 60, 64]
[0, 6, 61, 65]
[0, 6, 63, 66]
[0, 6, 67, 70]
[0, 6, 68, 72]
[0, 6, 69, 73]
[0, 6, 71, 74]
[0, 6, 75, 78]
[0, 6, 76, 80]
[0, 6, 77, 81]
[0, 6, 79, 82]
[0, 6, 83, 86]
[0, 6, 84, 88]
[0, 6, 85, 89]
[0, 6, 87, 90]
[0, 6, 91, 94]
[0, 6, 92, 96]
[0, 6, 93, 97]
[0, 6, 95, 98]
[0, 6, 99, 102]
[0, 6, 100, 104]
[0, 6, 101, 105]
[0, 6, 103, 106]
[0, 6, 107, 110]
[0, 6, 108, 112]
[0, 6, 109, 113]
[0, 6, 111, 114]
[0, 6, 115, 118]
[0, 6, 116, 120]
[0, 6, 117, 121]
[0, 6, 119, 122]
[0, 6, 123, 126]
[0, 6, 124, 128]
[0, 6, 125, 129]
[0, 6, 127, 130]
[0, 6, 131, 134]
[0, 6, 132, 136]
[0, 6, 133, 137]
[0, 6, 135, 138]
[0, 6, 139, 142]
[0, 6, 140, 144]
[0, 6, 141, 145]
[0, 6, 143, 146]
[0, 6, 147, 150]
[0, 7, 8, 14]
[0, 7, 10, 15]
[0, 7, 12, 18]
[0, 7, 13, 19]
[0, 7, 16, 21]
[0, 7, 17, 22]
[0, 7, 20, 23]
[0, 7, 24, 26]
[0, 7, 25, 27]
[0, 7, 28, 30]
[0, 7, 29, 31]
[0, 7, 32, 34]
[0, 7, 33, 35]
[0, 7, 36, 38]
[0, 7, 37, 39]
[0, 7, 40, 42]
[0, 7, 41, 43]
[0, 7, 44, 46]
[0, 7, 45, 47]
[0, 7, 48, 50]
[0, 7, 49, 51]
[0, 7, 52, 54]
[0, 7, 53, 55]
[0, 7, 56, 58]
[0, 7, 57, 59]
[0, 7, 60, 62]
[0, 7, 61, 63]
[0, 7, 64, 66]
[0, 7, 65, 67]
[0, 7, 68, 70]
[0, 7, 69, 71]
[0, 7, 72, 74]
[0, 7, 73, 75]
[0, 7, 76, 78]
[0, 7, 77, 79]
[0, 7, 80, 82]
[0, 7, 81, 83]
[0, 7, 84, 86]
[0, 7, 85, 87]
[0, 7, 88, 90]
[0, 7, 89, 91]
[0, 7, 92, 94]
[0, 7, 93, 95]
[0, 7, 96, 98]
[0, 7, 97, 99]
[0, 7, 100, 102]
[0, 7, 101, 103]
[0, 7, 104, 106]
[0, 7, 105, 107]
[0, 7, 108, 110]
[0, 7, 109, 111]
[0, 7, 112, 114]
[0, 7, 113, 115]
[0, 7, 116, 118]
[0, 7, 117, 119]
[0, 7, 120, 122]
[0, 7, 121, 123]
[0, 7, 124, 126]
[0, 7, 125, 127]
[0, 7, 128, 130]
[0, 7, 129, 131]
[0, 7, 132, 134]
[0, 7, 133, 135]
[0, 7, 136, 138]
[0, 7, 137, 139]
[0, 7, 140, 142]
[0, 7, 141, 143]
[0, 7, 144, 146]
[0, 7, 145, 147]
[0, 7, 148, 150]
[0, 8, 10, 16]
[0, 8, 11, 15]
[0, 8, 12, 19]
[0, 8, 17, 18]
[0, 8, 20, 24]
[0, 8, 21, 22]
[0, 8, 23, 26]
[0, 8, 25, 29]
[0, 8, 27, 31]
[0, 8, 28, 32]
[0, 8, 30, 34]
[0, 8, 33, 37]
[0, 8, 35, 38]
[0, 8, 36, 40]
[0, 8, 39, 44]
[0, 8, 41, 42]
[0, 8, 43, 47]
[0, 8, 45, 46]
[0, 8, 48, 52]
[0, 8, 49, 50]
[0, 8, 51, 55]
[0, 8, 53, 54]
[0, 8, 56, 60]
[0, 8, 57, 58]
[0, 8, 59, 63]
[0, 8, 61, 62]
[0, 8, 64, 68]
[0, 8, 65, 66]
[0, 8, 67, 71]
[0, 8, 69, 70]
[0, 8, 72, 76]
[0, 8, 73, 74]
[0, 8, 75, 79]
[0, 8, 77, 78]
[0, 8, 80, 84]
[0, 8, 81, 82]
[0, 8, 83, 87]
[0, 8, 85, 86]
[0, 8, 88, 92]
[0, 8, 89, 90]
[0, 8, 91, 95]
[0, 8, 93, 94]
[0, 8, 96, 100]
[0, 8, 97, 98]
[0, 8, 99, 103]
[0, 8, 101, 102]
[0, 8, 104, 108]
[0, 8, 105, 106]
[0, 8, 107, 111]
[0, 8, 109, 110]
[0, 8, 112, 116]
[0, 8, 113, 114]
[0, 8, 115, 119]
[0, 8, 117, 118]
[0, 8, 120, 124]
[0, 8, 121, 122]
[0, 8, 123, 127]
[0, 8, 125, 126]
[0, 8, 128, 132]
[0, 8, 129, 130]
[0, 8, 131, 135]
[0, 8, 133, 134]
[0, 8, 136, 140]
[0, 8, 137, 138]
[0, 8, 139, 143]
[0, 8, 141, 142]
[0, 8, 144, 148]
[0, 8, 145, 146]
[0, 8, 149, 150]
[0, 9, 10, 17]
[0, 9, 11, 16]
[0, 9, 12, 21]
[0, 9, 14, 19]
[0, 9, 18, 25]
[0, 9, 20, 26]
[0, 9, 22, 27]
[0, 9, 23, 29]
[0, 9, 24, 30]
[0, 9, 28, 31]
[0, 9, 32, 35]
[0, 9, 33, 39]
[0, 9, 34, 40]
[0, 9, 36, 42]
[0, 9, 37, 43]
[0, 9, 38, 44]
[0, 9, 41, 45]
[0, 9, 46, 51]
[0, 9, 47, 52]
[0, 9, 48, 53]
[0, 9, 49, 54]
[0, 9, 50, 55]
[0, 9, 56, 59]
[0, 9, 57, 62]
[0, 9, 58, 63]
[0, 9, 60, 65]
[0, 9, 61, 66]
[0, 9, 64, 67]
[0, 9, 68, 71]
[0, 9, 69, 74]
[0, 9, 70, 75]
[0, 9, 72, 77]
[0, 9, 73, 78]
[0, 9, 76, 79]
[0, 9, 80, 83]
[0, 9, 81, 86]
[0, 9, 82, 87]
[0, 9, 84, 89]
[0, 9, 85, 90]
[0, 9, 88, 91]
[0, 9, 92, 95]
[0, 9, 93, 98]
[0, 9, 94, 99]
[0, 9, 96, 101]
[0, 9, 97, 102]
[0, 9, 100, 103]
[0, 9, 104, 107]
[0, 9, 105, 110]
[0, 9, 106, 111]
[0, 9, 108, 113]
[0, 9, 109, 114]
[0, 9, 112, 115]
[0, 9, 116, 119]
[0, 9, 117, 122]
[0, 9, 118, 123]
[0, 9, 120, 125]
[0, 9, 121, 126]
[0, 9, 124, 127]
[0, 9, 128, 131]
[0, 9, 129, 134]
[0, 9, 130, 135]
[0, 9, 132, 137]
[0, 9, 133, 138]
[0, 9, 136, 139]
[0, 9, 140, 143]
[0, 9, 141, 146]
[0, 9, 142, 147]
[0, 9, 144, 149]
[0, 9, 145, 150]
[0, 10, 18, 24]
[0, 10, 19, 22]
[0, 10, 20, 27]
[0, 10, 21, 26]
[0, 10, 23, 30]
[0, 10, 25, 32]
[0, 10, 28, 34]
[0, 10, 29, 35]
[0, 10, 31, 36]
[0, 10, 33, 40]
[0, 10, 37, 41]
[0, 10, 38, 43]
[0, 10, 39, 46]
[0, 10, 42, 47]
[0, 10, 44, 49]
[0, 10, 45, 50]
[0, 10, 48, 54]
[0, 10, 51, 57]
[0, 10, 52, 58]
[0, 10, 53, 59]
[0, 10, 55, 60]
[0, 10, 56, 61]
[0, 10, 62, 66]
[0, 10, 63, 68]
[0, 10, 64, 69]
[0, 10, 65, 70]
[0, 10, 67, 72]
[0, 10, 71, 77]
[0, 10, 73, 79]
[0, 10, 74, 80]
[0, 10, 75, 81]
[0, 10, 76, 82]
[0, 10, 78, 83]
[0, 10, 84, 90]
[0, 10, 85, 91]
[0, 10, 86, 92]
[0, 10, 87, 93]
[0, 10, 88, 94]
[0, 10, 89, 95]
[0, 10, 96, 102]
[0, 10, 97, 103]
[0, 10, 98, 104]
[0, 10, 99, 105]
[0, 10, 100, 106]
[0, 10, 101, 107]
[0, 10, 108, 114]
[0, 10, 109, 115]
[0, 10, 110, 116]
[0, 10, 111, 117]
[0, 10, 112, 118]
[0, 10, 113, 119]
[0, 10, 120, 126]
[0, 10, 121, 127]
[0, 10, 122, 128]
[0, 10, 123, 129]
[0, 10, 124, 130]
[0, 10, 125, 131]
[0, 10, 132, 138]
[0, 10, 133, 139]
[0, 10, 134, 140]
[0, 10, 135, 141]
[0, 10, 136, 142]
[0, 10, 137, 143]
[0, 10, 144, 150]
[1, 1, 1, 2]
[1, 1, 4, 5]
[1, 1, 6, 7]
[1, 1, 8, 9]
[1, 1, 10, 11]
[1, 1, 12, 13]
[1, 1, 14, 15]
[1, 1, 16, 17]
[1, 1, 18, 19]
[1, 1, 20, 21]
[1, 1, 22, 23]
[1, 1, 24, 25]
[1, 1, 26, 27]
[1, 1, 28, 29]
[1, 1, 30, 31]
[1, 1, 32, 33]
[1, 1, 34, 35]
[1, 1, 36, 37]
[1, 1, 38, 39]
[1, 1, 40, 41]
[1, 1, 42, 43]
[1, 1, 44, 45]
[1, 1, 46, 47]
[1, 1, 48, 49]
[1, 1, 50, 51]
[1, 1, 52, 53]
[1, 1, 54, 55]
[1, 1, 56, 57]
[1, 1, 58, 59]
[1, 1, 60, 61]
[1, 1, 62, 63]
[1, 1, 64, 65]
[1, 1, 66, 67]
[1, 1, 68, 69]
[1, 1, 70, 71]
[1, 1, 72, 73]
[1, 1, 74, 75]
[1, 1, 76, 77]
[1, 1, 78, 79]
[1, 1, 80, 81]
[1, 1, 82, 83]
[1, 1, 84, 85]
[1, 1, 86, 87]
[1, 1, 88, 89]
[1, 1, 90, 91]
[1, 1, 92, 93]
[1, 1, 94, 95]
[1, 1, 96, 97]
[1, 1, 98, 99]
[1, 1, 100, 101]
[1, 1, 102, 103]
[1, 1, 104, 105]
[1, 1, 106, 107]
[1, 1, 108, 109]
[1, 1, 110, 111]
[1, 1, 112, 113]
[1, 1, 114, 115]
[1, 1, 116, 117]
[1, 1, 118, 119]
[1, 1, 120, 121]
[1, 1, 122, 123]
[1, 1, 124, 125]
[1, 1, 126, 127]
[1, 1, 128, 129]
[1, 1, 130, 131]
[1, 1, 132, 133]
[1, 1, 134, 135]
[1, 1, 136, 137]
[1, 1, 138, 139]
[1, 1, 140, 141]
[1, 1, 142, 143]
[1, 1, 144, 145]
[1, 1, 146, 147]
[1, 1, 148, 149]
[1, 2, 2, 2]
[1, 2, 3, 3]
[1, 2, 4, 6]
[1, 2, 5, 7]
[1, 2, 8, 10]
[1, 2, 9, 11]
[1, 2, 12, 14]
[1, 2, 13, 15]
[1, 2, 16, 18]
[1, 2, 17, 19]
[1, 2, 20, 22]
[1, 2, 21, 23]
[1, 2, 24, 26]
[1, 2, 25, 27]
[1, 2, 28, 30]
[1, 2, 29, 31]
[1, 2, 32, 34]
[1, 2, 33, 35]
[1, 2, 36, 38]
[1, 2, 37, 39]
[1, 2, 40, 42]
[1, 2, 41, 43]
[1, 2, 44, 46]
[1, 2, 45, 47]
[1, 2, 48, 50]
[1, 2, 49, 51]
[1, 2, 52, 54]
[1, 2, 53, 55]
[1, 2, 56, 58]
[1, 2, 57, 59]
[1, 2, 60, 62]
[1, 2, 61, 63]
[1, 2, 64, 66]
[1, 2, 65, 67]
[1, 2, 68, 70]
[1, 2, 69, 71]
[1, 2, 72, 74]
[1, 2, 73, 75]
[1, 2, 76, 78]
[1, 2, 77, 79]
[1, 2, 80, 82]
[1, 2, 81, 83]
[1, 2, 84, 86]
[1, 2, 85, 87]
[1, 2, 88, 90]
[1, 2, 89, 91]
[1, 2, 92, 94]
[1, 2, 93, 95]
[1, 2, 96, 98]
[1, 2, 97, 99]
[1, 2, 100, 102]
[1, 2, 101, 103]
[1, 2, 104, 106]
[1, 2, 105, 107]
[1, 2, 108, 110]
[1, 2, 109, 111]
[1, 2, 112, 114]
[1, 2, 113, 115]
[1, 2, 116, 118]
[1, 2, 117, 119]
[1, 2, 120, 122]
[1, 2, 121, 123]
[1, 2, 124, 126]
[1, 2, 125, 127]
[1, 2, 128, 130]
[1, 2, 129, 131]
[1, 2, 132, 134]
[1, 2, 133, 135]
[1, 2, 136, 138]
[1, 2, 137, 139]
[1, 2, 140, 142]
[1, 2, 141, 143]
[1, 2, 144, 146]
[1, 2, 145, 147]
[1, 2, 148, 150]
[1, 3, 4, 7]
[1, 3, 5, 8]
[1, 3, 6, 9]
[1, 3, 10, 13]
[1, 3, 11, 14]
[1, 3, 12, 15]
[1, 3, 16, 19]
[1, 3, 17, 20]
[1, 3, 18, 21]
[1, 3, 22, 25]
[1, 3, 23, 26]
[1, 3, 24, 27]
[1, 3, 28, 31]
[1, 3, 29, 32]
[1, 3, 30, 33]
[1, 3, 34, 37]
[1, 3, 35, 38]
[1, 3, 36, 39]
[1, 3, 40, 43]
[1, 3, 41, 44]
[1, 3, 42, 45]
[1, 3, 46, 49]
[1, 3, 47, 50]
[1, 3, 48, 51]
[1, 3, 52, 55]
[1, 3, 53, 56]
[1, 3, 54, 57]
[1, 3, 58, 61]
[1, 3, 59, 62]
[1, 3, 60, 63]
[1, 3, 64, 67]
[1, 3, 65, 68]
[1, 3, 66, 69]
[1, 3, 70, 73]
[1, 3, 71, 74]
[1, 3, 72, 75]
[1, 3, 76, 79]
[1, 3, 77, 80]
[1, 3, 78, 81]
[1, 3, 82, 85]
[1, 3, 83, 86]
[1, 3, 84, 87]
[1, 3, 88, 91]
[1, 3, 89, 92]
[1, 3, 90, 93]
[1, 3, 94, 97]
[1, 3, 95, 98]
[1, 3, 96, 99]
[1, 3, 100, 103]
[1, 3, 101, 104]
[1, 3, 102, 105]
[1, 3, 106, 109]
[1, 3, 107, 110]
[1, 3, 108, 111]
[1, 3, 112, 115]
[1, 3, 113, 116]
[1, 3, 114, 117]
[1, 3, 118, 121]
[1, 3, 119, 122]
[1, 3, 120, 123]
[1, 3, 124, 127]
[1, 3, 125, 128]
[1, 3, 126, 129]
[1, 3, 130, 133]
[1, 3, 131, 134]
[1, 3, 132, 135]
[1, 3, 136, 139]
[1, 3, 137, 140]
[1, 3, 138, 141]
[1, 3, 142, 145]
[1, 3, 143, 146]
[1, 3, 144, 147]
[1, 4, 8, 11]
[1, 4, 9, 10]
[1, 4, 12, 16]
[1, 4, 13, 14]
[1, 4, 15, 18]
[1, 4, 17, 21]
[1, 4, 19, 22]
[1, 4, 20, 23]
[1, 4, 24, 28]
[1, 4, 25, 26]
[1, 4, 27, 30]
[1, 4, 29, 33]
[1, 4, 31, 34]
[1, 4, 32, 35]
[1, 4, 36, 40]
[1, 4, 37, 38]
[1, 4, 39, 42]
[1, 4, 41, 45]
[1, 4, 43, 46]
[1, 4, 44, 47]
[1, 4, 48, 52]
[1, 4, 49, 50]
[1, 4, 51, 54]
[1, 4, 53, 57]
[1, 4, 55, 58]
[1, 4, 56, 59]
[1, 4, 60, 64]
[1, 4, 61, 62]
[1, 4, 63, 66]
[1, 4, 65, 69]
[1, 4, 67, 70]
[1, 4, 68, 71]
[1, 4, 72, 76]
[1, 4, 73, 74]
[1, 4, 75, 78]
[1, 4, 77, 81]
[1, 4, 79, 82]
[1, 4, 80, 83]
[1, 4, 84, 88]
[1, 4, 85, 86]
[1, 4, 87, 90]
[1, 4, 89, 93]
[1, 4, 91, 94]
[1, 4, 92, 95]
[1, 4, 96, 100]
[1, 4, 97, 98]
[1, 4, 99, 102]
[1, 4, 101, 105]
[1, 4, 103, 106]
[1, 4, 104, 107]
[1, 4, 108, 112]
[1, 4, 109, 110]
[1, 4, 111, 114]
[1, 4, 113, 117]
[1, 4, 115, 118]
[1, 4, 116, 119]
[1, 4, 120, 124]
[1, 4, 121, 122]
[1, 4, 123, 126]
[1, 4, 125, 129]
[1, 4, 127, 130]
[1, 4, 128, 131]
[1, 4, 132, 136]
[1, 4, 133, 134]
[1, 4, 135, 138]
[1, 4, 137, 141]
[1, 4, 139, 142]
[1, 4, 140, 143]
[1, 4, 144, 148]
[1, 4, 145, 146]
[1, 4, 147, 150]
[1, 5, 6, 10]
[1, 5, 9, 12]
[1, 5, 11, 13]
[1, 5, 14, 16]
[1, 5, 15, 17]
[1, 5, 18, 20]
[1, 5, 19, 21]
[1, 5, 22, 24]
[1, 5, 23, 25]
[1, 5, 26, 28]
[1, 5, 27, 29]
[1, 5, 30, 32]
[1, 5, 31, 33]
[1, 5, 34, 36]
[1, 5, 35, 37]
[1, 5, 38, 40]
[1, 5, 39, 41]
[1, 5, 42, 44]
[1, 5, 43, 45]
[1, 5, 46, 48]
[1, 5, 47, 49]
[1, 5, 50, 52]
[1, 5, 51, 53]
[1, 5, 54, 56]
[1, 5, 55, 57]
[1, 5, 58, 60]
[1, 5, 59, 61]
[1, 5, 62, 64]
[1, 5, 63, 65]
[1, 5, 66, 68]
[1, 5, 67, 69]
[1, 5, 70, 72]
[1, 5, 71, 73]
[1, 5, 74, 76]
[1, 5, 75, 77]
[1, 5, 78, 80]
[1, 5, 79, 81]
[1, 5, 82, 84]
[1, 5, 83, 85]
[1, 5, 86, 88]
[1, 5, 87, 89]
[1, 5, 90, 92]
[1, 5, 91, 93]
[1, 5, 94, 96]
[1, 5, 95, 97]
[1, 5, 98, 100]
[1, 5, 99, 101]
[1, 5, 102, 104]
[1, 5, 103, 105]
[1, 5, 106, 108]
[1, 5, 107, 109]
[1, 5, 110, 112]
[1, 5, 111, 113]
[1, 5, 114, 116]
[1, 5, 115, 117]
[1, 5, 118, 120]
[1, 5, 119, 121]
[1, 5, 122, 124]
[1, 5, 123, 125]
[1, 5, 126, 128]
[1, 5, 127, 129]
[1, 5, 130, 132]
[1, 5, 131, 133]
[1, 5, 134, 136]
[1, 5, 135, 137]
[1, 5, 138, 140]
[1, 5, 139, 141]
[1, 5, 142, 144]
[1, 5, 143, 145]
[1, 5, 146, 148]
[1, 5, 147, 149]
[1, 6, 8, 13]
[1, 6, 11, 12]
[1, 6, 14, 17]
[1, 6, 15, 16]
[1, 6, 18, 22]
[1, 6, 19, 20]
[1, 6, 21, 24]
[1, 6, 23, 27]
[1, 6, 25, 28]
[1, 6, 26, 30]
[1, 6, 29, 34]
[1, 6, 31, 32]
[1, 6, 33, 36]
[1, 6, 35, 41]
[1, 6, 37, 40]
[1, 6, 38, 42]
[1, 6, 39, 43]
[1, 6, 44, 49]
[1, 6, 45, 46]
[1, 6, 47, 48]
[1, 6, 50, 54]
[1, 6, 51, 52]
[1, 6, 53, 58]
[1, 6, 55, 56]
[1, 6, 57, 60]
[1, 6, 59, 64]
[1, 6, 61, 66]
[1, 6, 62, 67]
[1, 6, 63, 68]
[1, 6, 65, 70]
[1, 6, 69, 72]
[1, 6, 71, 75]
[1, 6, 73, 76]
[1, 6, 74, 78]
[1, 6, 77, 82]
[1, 6, 79, 80]
[1, 6, 81, 84]
[1, 6, 83, 88]
[1, 6, 85, 90]
[1, 6, 86, 91]
[1, 6, 87, 92]
[1, 6, 89, 94]
[1, 6, 93, 96]
[1, 6, 95, 99]
[1, 6, 97, 100]
[1, 6, 98, 102]
[1, 6, 101, 106]
[1, 6, 103, 104]
[1, 6, 105, 108]
[1, 6, 107, 112]
[1, 6, 109, 114]
[1, 6, 110, 115]
[1, 6, 111, 116]
[1, 6, 113, 118]
[1, 6, 117, 120]
[1, 6, 119, 123]
[1, 6, 121, 124]
[1, 6, 122, 126]
[1, 6, 125, 130]
[1, 6, 127, 128]
[1, 6, 129, 132]
[1, 6, 131, 136]
[1, 6, 133, 138]
[1, 6, 134, 139]
[1, 6, 135, 140]
[1, 6, 137, 142]
[1, 6, 141, 144]
[1, 6, 143, 147]
[1, 6, 145, 148]
[1, 6, 146, 150]
[1, 7, 8, 12]
[1, 7, 9, 13]
[1, 7, 10, 14]
[1, 7, 11, 15]
[1, 7, 16, 22]
[1, 7, 17, 18]
[1, 7, 19, 23]
[1, 7, 20, 24]
[1, 7, 21, 25]
[1, 7, 26, 29]
[1, 7, 27, 28]
[1, 7, 30, 34]
[1, 7, 31, 35]
[1, 7, 32, 36]
[1, 7, 33, 37]
[1, 7, 38, 41]
[1, 7, 39, 40]
[1, 7, 42, 46]
[1, 7, 43, 44]
[1, 7, 45, 48]
[1, 7, 47, 51]
[1, 7, 49, 52]
[1, 7, 50, 53]
[1, 7, 54, 59]
[1, 7, 55, 60]
[1, 7, 56, 61]
[1, 7, 57, 58]
[1, 7, 62, 65]
[1, 7, 63, 64]
[1, 7, 66, 70]
[1, 7, 67, 68]
[1, 7, 69, 74]
[1, 7, 71, 72]
[1, 7, 73, 77]
[1, 7, 75, 76]
[1, 7, 78, 83]
[1, 7, 79, 84]
[1, 7, 80, 85]
[1, 7, 81, 82]
[1, 7, 86, 89]
[1, 7, 87, 88]
[1, 7, 90, 94]
[1, 7, 91, 92]
[1, 7, 93, 98]
[1, 7, 95, 96]
[1, 7, 97, 101]
[1, 7, 99, 100]
[1, 7, 102, 107]
[1, 7, 103, 108]
[1, 7, 104, 109]
[1, 7, 105, 106]
[1, 7, 110, 113]
[1, 7, 111, 112]
[1, 7, 114, 118]
[1, 7, 115, 116]
[1, 7, 117, 122]
[1, 7, 119, 120]
[1, 7, 121, 125]
[1, 7, 123, 124]
[1, 7, 126, 131]
[1, 7, 127, 132]
[1, 7, 128, 133]
[1, 7, 129, 130]
[1, 7, 134, 137]
[1, 7, 135, 136]
[1, 7, 138, 142]
[1, 7, 139, 140]
[1, 7, 141, 146]
[1, 7, 143, 144]
[1, 7, 145, 149]
[1, 7, 147, 148]
[1, 8, 14, 18]
[1, 8, 15, 19]
[1, 8, 16, 20]
[1, 8, 17, 23]
[1, 8, 21, 26]
[1, 8, 22, 27]
[1, 8, 24, 29]
[1, 8, 25, 30]
[1, 8, 28, 33]
[1, 8, 31, 36]
[1, 8, 32, 37]
[1, 8, 34, 38]
[1, 8, 35, 39]
[1, 8, 40, 44]
[1, 8, 41, 46]
[1, 8, 42, 47]
[1, 8, 43, 48]
[1, 8, 45, 49]
[1, 8, 50, 55]
[1, 8, 51, 56]
[1, 8, 52, 57]
[1, 8, 53, 59]
[1, 8, 54, 58]
[1, 8, 60, 65]
[1, 8, 61, 64]
[1, 8, 62, 66]
[1, 8, 63, 67]
[1, 8, 68, 72]
[1, 8, 69, 73]
[1, 8, 70, 74]
[1, 8, 71, 76]
[1, 8, 75, 80]
[1, 8, 77, 83]
[1, 8, 78, 82]
[1, 8, 79, 85]
[1, 8, 81, 86]
[1, 8, 84, 89]
[1, 8, 87, 91]
[1, 8, 88, 93]
[1, 8, 90, 95]
[1, 8, 92, 96]
[1, 8, 94, 98]
[1, 8, 97, 102]
[1, 8, 99, 104]
[1, 8, 100, 105]
[1, 8, 101, 107]
[1, 8, 103, 109]
[1, 8, 106, 110]
[1, 8, 108, 113]
[1, 8, 111, 115]
[1, 8, 112, 117]
[1, 8, 114, 119]
[1, 8, 116, 120]
[1, 8, 118, 122]
[1, 8, 121, 126]
[1, 8, 123, 128]
[1, 8, 124, 129]
[1, 8, 125, 131]
[1, 8, 127, 133]
[1, 8, 130, 134]
[1, 8, 132, 137]
[1, 8, 135, 139]
[1, 8, 136, 141]
[1, 8, 138, 143]
[1, 8, 140, 144]
[1, 8, 142, 146]
[1, 8, 145, 150]
[1, 9, 14, 20]
[1, 9, 15, 21]
[1, 9, 16, 23]
[1, 9, 17, 22]
[1, 9, 18, 24]
[1, 9, 19, 25]
[1, 9, 26, 31]
[1, 9, 27, 32]
[1, 9, 28, 34]
[1, 9, 29, 30]
[1, 9, 33, 38]
[1, 9, 35, 36]
[1, 9, 37, 42]
[1, 9, 39, 44]
[1, 9, 40, 46]
[1, 9, 41, 47]
[1, 9, 43, 49]
[1, 9, 45, 50]
[1, 9, 48, 54]
[1, 9, 51, 55]
[1, 9, 52, 58]
[1, 9, 53, 60]
[1, 9, 56, 62]
[1, 9, 57, 63]
[1, 9, 59, 65]
[1, 9, 61, 67]
[1, 9, 64, 68]
[1, 9, 66, 71]
[1, 9, 69, 70]
[1, 9, 72, 78]
[1, 9, 73, 79]
[1, 9, 74, 77]
[1, 9, 75, 81]
[1, 9, 76, 82]
[1, 9, 80, 84]
[1, 9, 83, 87]
[1, 9, 85, 88]
[1, 9, 86, 90]
[1, 9, 89, 95]
[1, 9, 91, 96]
[1, 9, 92, 97]
[1, 9, 93, 94]
[1, 9, 98, 101]
[1, 9, 99, 103]
[1, 9, 100, 106]
[1, 9, 102, 108]
[1, 9, 104, 110]
[1, 9, 105, 111]
[1, 9, 107, 113]
[1, 9, 109, 112]
[1, 9, 114, 120]
[1, 9, 115, 119]
[1, 9, 116, 121]
[1, 9, 117, 118]
[1, 9, 122, 125]
[1, 9, 123, 127]
[1, 9, 124, 130]
[1, 9, 126, 132]
[1, 9, 128, 134]
[1, 9, 129, 135]
[1, 9, 131, 137]
[1, 9, 133, 136]
[1, 9, 138, 144]
[1, 9, 139, 143]
[1, 9, 140, 145]
[1, 9, 141, 142]
[1, 9, 146, 149]
[1, 10, 12, 18]
[1, 10, 15, 22]
[1, 10, 16, 21]
[1, 10, 17, 24]
[1, 10, 19, 27]
[1, 10, 20, 25]
[1, 10, 23, 29]
[1, 10, 26, 32]
[1, 10, 28, 35]
[1, 10, 30, 36]
[1, 10, 31, 37]
[1, 10, 33, 34]
[1, 10, 38, 45]
[1, 10, 39, 47]
[1, 10, 40, 48]
[1, 10, 41, 42]
[1, 10, 43, 50]
[1, 10, 44, 51]
[1, 10, 46, 52]
[1, 10, 49, 53]
[1, 10, 54, 60]
[1, 10, 55, 59]
[1, 10, 56, 63]
[1, 10, 57, 61]
[1, 10, 58, 62]
[1, 10, 64, 70]
[1, 10, 65, 66]
[1, 10, 67, 71]
[1, 10, 68, 73]
[1, 10, 69, 75]
[1, 10, 72, 77]
[1, 10, 74, 81]
[1, 10, 76, 80]
[1, 10, 78, 84]
[1, 10, 79, 83]
[1, 10, 82, 86]
[1, 10, 85, 89]
[1, 10, 87, 94]
[1, 10, 88, 92]
[1, 10, 90, 96]
[1, 10, 91, 95]
[1, 10, 93, 97]
[1, 10, 98, 105]
[1, 10, 99, 106]
[1, 10, 100, 104]
[1, 10, 101, 102]
[1, 10, 103, 107]
[1, 10, 108, 115]
[1, 10, 109, 113]
[1, 10, 110, 114]
[1, 10, 111, 118]
[1, 10, 112, 116]
[1, 10, 117, 121]
[1, 10, 119, 125]
[1, 10, 120, 127]
[1, 10, 122, 129]
[1, 10, 123, 130]
[1, 10, 124, 128]
[1, 10, 126, 133]
[1, 10, 131, 132]
[1, 10, 134, 138]
[1, 10, 135, 142]
[1, 10, 136, 140]
[1, 10, 137, 144]
[1, 10, 139, 145]
[1, 10, 141, 147]
[1, 10, 143, 149]
[2, 2, 4, 4]
[2, 2, 5, 5]
[2, 2, 6, 6]
[2, 2, 7, 7]
[2, 2, 8, 8]
[2, 2, 9, 9]
[2, 2, 10, 10]
[2, 2, 11, 11]
[2, 2, 12, 12]
[2, 2, 13, 13]
[2, 2, 14, 14]
[2, 2, 15, 15]
[2, 2, 16, 16]
[2, 2, 17, 17]
[2, 2, 18, 18]
[2, 2, 19, 19]
[2, 2, 20, 20]
[2, 2, 21, 21]
[2, 2, 22, 22]
[2, 2, 23, 23]
[2, 2, 24, 24]
[2, 2, 25, 25]
[2, 2, 26, 26]
[2, 2, 27, 27]
[2, 2, 28, 28]
[2, 2, 29, 29]
[2, 2, 30, 30]
[2, 2, 31, 31]
[2, 2, 32, 32]
[2, 2, 33, 33]
[2, 2, 34, 34]
[2, 2, 35, 35]
[2, 2, 36, 36]
[2, 2, 37, 37]
[2, 2, 38, 38]
[2, 2, 39, 39]
[2, 2, 40, 40]
[2, 2, 41, 41]
[2, 2, 42, 42]
[2, 2, 43, 43]
[2, 2, 44, 44]
[2, 2, 45, 45]
[2, 2, 46, 46]
[2, 2, 47, 47]
[2, 2, 48, 48]
[2, 2, 49, 49]
[2, 2, 50, 50]
[2, 2, 51, 51]
[2, 2, 52, 52]
[2, 2, 53, 53]
[2, 2, 54, 54]
[2, 2, 55, 55]
[2, 2, 56, 56]
[2, 2, 57, 57]
[2, 2, 58, 58]
[2, 2, 59, 59]
[2, 2, 60, 60]
[2, 2, 61, 61]
[2, 2, 62, 62]
[2, 2, 63, 63]
[2, 2, 64, 64]
[2, 2, 65, 65]
[2, 2, 66, 66]
[2, 2, 67, 67]
[2, 2, 68, 68]
[2, 2, 69, 69]
[2, 2, 70, 70]
[2, 2, 71, 71]
[2, 2, 72, 72]
[2, 2, 73, 73]
[2, 2, 74, 74]
[2, 2, 75, 75]
[2, 2, 76, 76]
[2, 2, 77, 77]
[2, 2, 78, 78]
[2, 2, 79, 79]
[2, 2, 80, 80]
[2, 2, 81, 81]
[2, 2, 82, 82]
[2, 2, 83, 83]
[2, 2, 84, 84]
[2, 2, 85, 85]
[2, 2, 86, 86]
[2, 2, 87, 87]
[2, 2, 88, 88]
[2, 2, 89, 89]
[2, 2, 90, 90]
[2, 2, 91, 91]
[2, 2, 92, 92]
[2, 2, 93, 93]
[2, 2, 94, 94]
[2, 2, 95, 95]
[2, 2, 96, 96]
[2, 2, 97, 97]
[2, 2, 98, 98]
[2, 2, 99, 99]
[2, 2, 100, 100]
[2, 2, 101, 101]
[2, 2, 102, 102]
[2, 2, 103, 103]
[2, 2, 104, 104]
[2, 2, 105, 105]
[2, 2, 106, 106]
[2, 2, 107, 107]
[2, 2, 108, 108]
[2, 2, 109, 109]
[2, 2, 110, 110]
[2, 2, 111, 111]
[2, 2, 112, 112]
[2, 2, 113, 113]
[2, 2, 114, 114]
[2, 2, 115, 115]
[2, 2, 116, 116]
[2, 2, 117, 117]
[2, 2, 118, 118]
[2, 2, 119, 119]
[2, 2, 120, 120]
[2, 2, 121, 121]
[2, 2, 122, 122]
[2, 2, 123, 123]
[2, 2, 124, 124]
[2, 2, 125, 125]
[2, 2, 126, 126]
[2, 2, 127, 127]
[2, 2, 128, 128]
[2, 2, 129, 129]
[2, 2, 130, 130]
[2, 2, 131, 131]
[2, 2, 132, 132]
[2, 2, 133, 133]
[2, 2, 134, 134]
[2, 2, 135, 135]
[2, 2, 136, 136]
[2, 2, 137, 137]
[2, 2, 138, 138]
[2, 2, 139, 139]
[2, 2, 140, 140]
[2, 2, 141, 141]
[2, 2, 142, 142]
[2, 2, 143, 143]
[2, 2, 144, 144]
[2, 2, 145, 145]
[2, 2, 146, 146]
[2, 2, 147, 147]
[2, 2, 148, 148]
[2, 2, 149, 149]
[2, 2, 150, 150]
[2, 3, 4, 9]
[2, 3, 5, 6]
[2, 3, 7, 8]
[2, 3, 10, 14]
[2, 3, 11, 12]
[2, 3, 13, 16]
[2, 3, 15, 18]
[2, 3, 17, 21]
[2, 3, 19, 20]
[2, 3, 22, 26]
[2, 3, 23, 24]
[2, 3, 25, 28]
[2, 3, 27, 30]
[2, 3, 29, 33]
[2, 3, 31, 32]
[2, 3, 34, 38]
[2, 3, 35, 36]
[2, 3, 37, 40]
[2, 3, 39, 42]
[2, 3, 41, 45]
[2, 3, 43, 44]
[2, 3, 46, 50]
[2, 3, 47, 48]
[2, 3, 49, 52]
[2, 3, 51, 54]
[2, 3, 53, 57]
[2, 3, 55, 56]
[2, 3, 58, 62]
[2, 3, 59, 60]
[2, 3, 61, 64]
[2, 3, 63, 66]
[2, 3, 65, 69]
[2, 3, 67, 68]
[2, 3, 70, 74]
[2, 3, 71, 72]
[2, 3, 73, 76]
[2, 3, 75, 78]
[2, 3, 77, 81]
[2, 3, 79, 80]
[2, 3, 82, 86]
[2, 3, 83, 84]
[2, 3, 85, 88]
[2, 3, 87, 90]
[2, 3, 89, 93]
[2, 3, 91, 92]
[2, 3, 94, 98]
[2, 3, 95, 96]
[2, 3, 97, 100]
[2, 3, 99, 102]
[2, 3, 101, 105]
[2, 3, 103, 104]
[2, 3, 106, 110]
[2, 3, 107, 108]
[2, 3, 109, 112]
[2, 3, 111, 114]
[2, 3, 113, 117]
[2, 3, 115, 116]
[2, 3, 118, 122]
[2, 3, 119, 120]
[2, 3, 121, 124]
[2, 3, 123, 126]
[2, 3, 125, 129]
[2, 3, 127, 128]
[2, 3, 130, 134]
[2, 3, 131, 132]
[2, 3, 133, 136]
[2, 3, 135, 138]
[2, 3, 137, 141]
[2, 3, 139, 140]
[2, 3, 142, 146]
[2, 3, 143, 144]
[2, 3, 145, 148]
[2, 3, 147, 150]
[2, 4, 7, 11]
[2, 4, 8, 12]
[2, 4, 10, 15]
[2, 4, 13, 17]
[2, 4, 14, 16]
[2, 4, 18, 20]
[2, 4, 19, 21]
[2, 4, 22, 24]
[2, 4, 23, 25]
[2, 4, 26, 28]
[2, 4, 27, 29]
[2, 4, 30, 32]
[2, 4, 31, 33]
[2, 4, 34, 36]
[2, 4, 35, 37]
[2, 4, 38, 40]
[2, 4, 39, 41]
[2, 4, 42, 44]
[2, 4, 43, 45]
[2, 4, 46, 48]
[2, 4, 47, 49]
[2, 4, 50, 52]
[2, 4, 51, 53]
[2, 4, 54, 56]
[2, 4, 55, 57]
[2, 4, 58, 60]
[2, 4, 59, 61]
[2, 4, 62, 64]
[2, 4, 63, 65]
[2, 4, 66, 68]
[2, 4, 67, 69]
[2, 4, 70, 72]
[2, 4, 71, 73]
[2, 4, 74, 76]
[2, 4, 75, 77]
[2, 4, 78, 80]
[2, 4, 79, 81]
[2, 4, 82, 84]
[2, 4, 83, 85]
[2, 4, 86, 88]
[2, 4, 87, 89]
[2, 4, 90, 92]
[2, 4, 91, 93]
[2, 4, 94, 96]
[2, 4, 95, 97]
[2, 4, 98, 100]
[2, 4, 99, 101]
[2, 4, 102, 104]
[2, 4, 103, 105]
[2, 4, 106, 108]
[2, 4, 107, 109]
[2, 4, 110, 112]
[2, 4, 111, 113]
[2, 4, 114, 116]
[2, 4, 115, 117]
[2, 4, 118, 120]
[2, 4, 119, 121]
[2, 4, 122, 124]
[2, 4, 123, 125]
[2, 4, 126, 128]
[2, 4, 127, 129]
[2, 4, 130, 132]
[2, 4, 131, 133]
[2, 4, 134, 136]
[2, 4, 135, 137]
[2, 4, 138, 140]
[2, 4, 139, 141]
[2, 4, 142, 144]
[2, 4, 143, 145]
[2, 4, 146, 148]
[2, 4, 147, 149]
[2, 5, 8, 11]
[2, 5, 9, 10]
[2, 5, 12, 16]
[2, 5, 13, 14]
[2, 5, 15, 19]
[2, 5, 17, 18]
[2, 5, 20, 24]
[2, 5, 21, 22]
[2, 5, 23, 26]
[2, 5, 25, 30]
[2, 5, 27, 28]
[2, 5, 29, 34]
[2, 5, 31, 36]
[2, 5, 32, 37]
[2, 5, 33, 38]
[2, 5, 35, 39]
[2, 5, 40, 44]
[2, 5, 41, 42]
[2, 5, 43, 46]
[2, 5, 45, 49]
[2, 5, 47, 50]
[2, 5, 48, 51]
[2, 5, 52, 56]
[2, 5, 53, 54]
[2, 5, 55, 58]
[2, 5, 57, 61]
[2, 5, 59, 62]
[2, 5, 60, 63]
[2, 5, 64, 68]
[2, 5, 65, 66]
[2, 5, 67, 70]
[2, 5, 69, 73]
[2, 5, 71, 74]
[2, 5, 72, 75]
[2, 5, 76, 80]
[2, 5, 77, 78]
[2, 5, 79, 82]
[2, 5, 81, 85]
[2, 5, 83, 86]
[2, 5, 84, 87]
[2, 5, 88, 92]
[2, 5, 89, 90]
[2, 5, 91, 94]
[2, 5, 93, 97]
[2, 5, 95, 98]
[2, 5, 96, 99]
[2, 5, 100, 104]
[2, 5, 101, 102]
[2, 5, 103, 106]
[2, 5, 105, 109]
[2, 5, 107, 110]
[2, 5, 108, 111]
[2, 5, 112, 116]
[2, 5, 113, 114]
[2, 5, 115, 118]
[2, 5, 117, 121]
[2, 5, 119, 122]
[2, 5, 120, 123]
[2, 5, 124, 128]
[2, 5, 125, 126]
[2, 5, 127, 130]
[2, 5, 129, 133]
[2, 5, 131, 134]
[2, 5, 132, 135]
[2, 5, 136, 140]
[2, 5, 137, 138]
[2, 5, 139, 142]
[2, 5, 141, 145]
[2, 5, 143, 146]
[2, 5, 144, 147]
[2, 5, 149, 150]
[2, 6, 8, 14]
[2, 6, 9, 12]
[2, 6, 10, 16]
[2, 6, 11, 13]
[2, 6, 15, 20]
[2, 6, 17, 22]
[2, 6, 18, 21]
[2, 6, 19, 23]
[2, 6, 24, 28]
[2, 6, 25, 29]
[2, 6, 26, 31]
[2, 6, 27, 32]
[2, 6, 30, 33]
[2, 6, 34, 37]
[2, 6, 35, 38]
[2, 6, 36, 40]
[2, 6, 39, 44]
[2, 6, 41, 46]
[2, 6, 42, 45]
[2, 6, 43, 47]
[2, 6, 48, 52]
[2, 6, 49, 53]
[2, 6, 50, 55]
[2, 6, 51, 56]
[2, 6, 54, 57]
[2, 6, 58, 61]
[2, 6, 59, 63]
[2, 6, 60, 65]
[2, 6, 62, 66]
[2, 6, 64, 69]
[2, 6, 67, 71]
[2, 6, 68, 73]
[2, 6, 70, 75]
[2, 6, 72, 76]
[2, 6, 74, 77]
[2, 6, 78, 81]
[2, 6, 79, 83]
[2, 6, 80, 84]
[2, 6, 82, 85]
[2, 6, 86, 89]
[2, 6, 87, 88]
[2, 6, 90, 93]
[2, 6, 91, 95]
[2, 6, 92, 97]
[2, 6, 94, 99]
[2, 6, 96, 100]
[2, 6, 98, 101]
[2, 6, 102, 105]
[2, 6, 103, 107]
[2, 6, 104, 108]
[2, 6, 106, 109]
[2, 6, 110, 113]
[2, 6, 111, 112]
[2, 6, 114, 117]
[2, 6, 115, 119]
[2, 6, 116, 121]
[2, 6, 118, 123]
[2, 6, 120, 124]
[2, 6, 122, 125]
[2, 6, 126, 129]
[2, 6, 127, 131]
[2, 6, 128, 132]
[2, 6, 130, 133]
[2, 6, 134, 137]
[2, 6, 135, 136]
[2, 6, 138, 141]
[2, 6, 139, 143]
[2, 6, 140, 145]
[2, 6, 142, 147]
[2, 6, 144, 148]
[2, 6, 146, 149]
[2, 7, 9, 15]
[2, 7, 10, 12]
[2, 7, 13, 18]
[2, 7, 14, 19]
[2, 7, 16, 20]
[2, 7, 17, 23]
[2, 7, 21, 24]
[2, 7, 22, 27]
[2, 7, 25, 26]
[2, 7, 28, 31]
[2, 7, 29, 30]
[2, 7, 32, 35]
[2, 7, 33, 34]
[2, 7, 36, 39]
[2, 7, 37, 38]
[2, 7, 40, 43]
[2, 7, 41, 44]
[2, 7, 42, 47]
[2, 7, 45, 46]
[2, 7, 48, 53]
[2, 7, 49, 50]
[2, 7, 51, 52]
[2, 7, 54, 58]
[2, 7, 55, 59]
[2, 7, 56, 60]
[2, 7, 57, 62]
[2, 7, 61, 65]
[2, 7, 63, 67]
[2, 7, 64, 70]
[2, 7, 66, 69]
[2, 7, 68, 71]
[2, 7, 72, 77]
[2, 7, 73, 74]
[2, 7, 75, 80]
[2, 7, 76, 79]
[2, 7, 78, 82]
[2, 7, 81, 84]
[2, 7, 83, 87]
[2, 7, 85, 86]
[2, 7, 88, 91]
[2, 7, 89, 92]
[2, 7, 90, 96]
[2, 7, 93, 94]
[2, 7, 95, 99]
[2, 7, 97, 98]
[2, 7, 100, 103]
[2, 7, 101, 104]
[2, 7, 102, 106]
[2, 7, 105, 108]
[2, 7, 107, 111]
[2, 7, 109, 110]
[2, 7, 112, 115]
[2, 7, 113, 116]
[2, 7, 114, 120]
[2, 7, 117, 118]
[2, 7, 119, 123]
[2, 7, 121, 122]
[2, 7, 124, 127]
[2, 7, 125, 128]
[2, 7, 126, 130]
[2, 7, 129, 132]
[2, 7, 131, 135]
[2, 7, 133, 134]
[2, 7, 136, 139]
[2, 7, 137, 140]
[2, 7, 138, 144]
[2, 7, 141, 142]
[2, 7, 143, 147]
[2, 7, 145, 146]
[2, 8, 13, 19]
[2, 8, 15, 16]
[2, 8, 17, 20]
[2, 8, 18, 23]
[2, 8, 21, 27]
[2, 8, 22, 25]
[2, 8, 24, 30]
[2, 8, 26, 29]
[2, 8, 28, 34]
[2, 8, 31, 37]
[2, 8, 32, 38]
[2, 8, 33, 39]
[2, 8, 35, 41]
[2, 8, 36, 42]
[2, 8, 40, 45]
[2, 8, 43, 49]
[2, 8, 44, 47]
[2, 8, 46, 51]
[2, 8, 48, 54]
[2, 8, 50, 56]
[2, 8, 52, 55]
[2, 8, 53, 58]
[2, 8, 57, 63]
[2, 8, 59, 64]
[2, 8, 60, 66]
[2, 8, 61, 67]
[2, 8, 62, 65]
[2, 8, 68, 74]
[2, 8, 69, 75]
[2, 8, 70, 73]
[2, 8, 71, 77]
[2, 8, 72, 78]
[2, 8, 76, 81]
[2, 8, 79, 86]
[2, 8, 80, 83]
[2, 8, 82, 87]
[2, 8, 84, 88]
[2, 8, 85, 89]
[2, 8, 90, 94]
[2, 8, 91, 96]
[2, 8, 92, 95]
[2, 8, 93, 98]
[2, 8, 97, 101]
[2, 8, 99, 100]
[2, 8, 102, 107]
[2, 8, 103, 110]
[2, 8, 104, 111]
[2, 8, 105, 112]
[2, 8, 106, 113]
[2, 8, 108, 114]
[2, 8, 109, 115]
[2, 8, 116, 119]
[2, 8, 117, 122]
[2, 8, 118, 121]
[2, 8, 120, 125]
[2, 8, 123, 124]
[2, 8, 126, 131]
[2, 8, 127, 134]
[2, 8, 128, 135]
[2, 8, 129, 136]
[2, 8, 130, 137]
[2, 8, 132, 138]
[2, 8, 133, 139]
[2, 8, 140, 143]
[2, 8, 141, 146]
[2, 8, 142, 145]
[2, 8, 144, 149]
[2, 8, 147, 148]
[2, 9, 13, 20]
[2, 9, 14, 17]
[2, 9, 16, 19]
[2, 9, 18, 22]
[2, 9, 21, 25]
[2, 9, 23, 27]
[2, 9, 24, 29]
[2, 9, 26, 30]
[2, 9, 28, 32]
[2, 9, 31, 34]
[2, 9, 33, 36]
[2, 9, 35, 40]
[2, 9, 37, 41]
[2, 9, 38, 42]
[2, 9, 39, 43]
[2, 9, 44, 48]
[2, 9, 45, 51]
[2, 9, 46, 49]
[2, 9, 47, 53]
[2, 9, 50, 54]
[2, 9, 52, 59]
[2, 9, 55, 60]
[2, 9, 56, 61]
[2, 9, 57, 58]
[2, 9, 62, 67]
[2, 9, 63, 64]
[2, 9, 65, 68]
[2, 9, 66, 70]
[2, 9, 69, 72]
[2, 9, 71, 76]
[2, 9, 73, 77]
[2, 9, 74, 78]
[2, 9, 75, 79]
[2, 9, 80, 85]
[2, 9, 81, 82]
[2, 9, 83, 88]
[2, 9, 84, 90]
[2, 9, 86, 91]
[2, 9, 87, 92]
[2, 9, 89, 96]
[2, 9, 93, 99]
[2, 9, 94, 97]
[2, 9, 95, 100]
[2, 9, 98, 102]
[2, 9, 101, 107]
[2, 9, 103, 108]
[2, 9, 104, 109]
[2, 9, 105, 106]
[2, 9, 110, 114]
[2, 9, 111, 115]
[2, 9, 112, 117]
[2, 9, 113, 119]
[2, 9, 116, 120]
[2, 9, 118, 124]
[2, 9, 121, 125]
[2, 9, 122, 126]
[2, 9, 123, 128]
[2, 9, 127, 132]
[2, 9, 129, 130]
[2, 9, 131, 136]
[2, 9, 133, 137]
[2, 9, 134, 138]
[2, 9, 135, 139]
[2, 9, 140, 144]
[2, 9, 141, 147]
[2, 9, 142, 148]
[2, 9, 143, 149]
[2, 9, 146, 150]
[2, 10, 13, 21]
[2, 10, 17, 25]
[2, 10, 18, 26]
[2, 10, 19, 24]
[2, 10, 20, 23]
[2, 10, 22, 28]
[2, 10, 27, 33]
[2, 10, 29, 32]
[2, 10, 30, 35]
[2, 10, 31, 38]
[2, 10, 34, 40]
[2, 10, 36, 41]
[2, 10, 37, 42]
[2, 10, 39, 45]
[2, 10, 43, 48]
[2, 10, 44, 52]
[2, 10, 46, 53]
[2, 10, 47, 51]
[2, 10, 49, 54]
[2, 10, 50, 57]
[2, 10, 55, 61]
[2, 10, 56, 59]
[2, 10, 58, 63]
[2, 10, 60, 64]
[2, 10, 62, 69]
[2, 10, 65, 71]
[2, 10, 66, 72]
[2, 10, 67, 73]
[2, 10, 68, 75]
[2, 10, 70, 76]
[2, 10, 74, 79]
[2, 10, 77, 80]
[2, 10, 78, 85]
[2, 10, 81, 86]
[2, 10, 82, 88]
[2, 10, 83, 89]
[2, 10, 84, 91]
[2, 10, 87, 95]
[2, 10, 90, 97]
[2, 10, 92, 96]
[2, 10, 93, 100]
[2, 10, 94, 101]
[2, 10, 98, 103]
[2, 10, 99, 104]
[2, 10, 102, 108]
[2, 10, 105, 110]
[2, 10, 106, 111]
[2, 10, 107, 112]
[2, 10, 109, 114]
[2, 10, 113, 118]
[2, 10, 115, 120]
[2, 10, 116, 122]
[2, 10, 117, 123]
[2, 10, 119, 124]
[2, 10, 121, 126]
[2, 10, 125, 130]
[2, 10, 127, 135]
[2, 10, 128, 131]
[2, 10, 129, 134]
[2, 10, 132, 136]
[2, 10, 133, 138]
[2, 10, 137, 142]
[2, 10, 139, 144]
[2, 10, 140, 146]
[2, 10, 141, 148]
[2, 10, 143, 150]
[2, 10, 145, 149]
[3, 3, 3, 5]
[3, 3, 4, 4]
[3, 3, 7, 11]
[3, 3, 8, 10]
[3, 3, 9, 12]
[3, 3, 13, 14]
[3, 3, 15, 16]
[3, 3, 17, 18]
[3, 3, 19, 22]
[3, 3, 20, 23]
[3, 3, 21, 24]
[3, 3, 25, 26]
[3, 3, 27, 28]
[3, 3, 29, 30]
[3, 3, 31, 34]
[3, 3, 32, 35]
[3, 3, 33, 36]
[3, 3, 37, 38]
[3, 3, 39, 40]
[3, 3, 41, 42]
[3, 3, 43, 46]
[3, 3, 44, 47]
[3, 3, 45, 48]
[3, 3, 49, 50]
[3, 3, 51, 52]
[3, 3, 53, 54]
[3, 3, 55, 58]
[3, 3, 56, 59]
[3, 3, 57, 60]
[3, 3, 61, 62]
[3, 3, 63, 64]
[3, 3, 65, 66]
[3, 3, 67, 70]
[3, 3, 68, 71]
[3, 3, 69, 72]
[3, 3, 73, 74]
[3, 3, 75, 76]
[3, 3, 77, 78]
[3, 3, 79, 82]
[3, 3, 80, 83]
[3, 3, 81, 84]
[3, 3, 85, 86]
[3, 3, 87, 88]
[3, 3, 89, 90]
[3, 3, 91, 94]
[3, 3, 92, 95]
[3, 3, 93, 96]
[3, 3, 97, 98]
[3, 3, 99, 100]
[3, 3, 101, 102]
[3, 3, 103, 106]
[3, 3, 104, 107]
[3, 3, 105, 108]
[3, 3, 109, 110]
[3, 3, 111, 112]
[3, 3, 113, 114]
[3, 3, 115, 118]
[3, 3, 116, 119]
[3, 3, 117, 120]
[3, 3, 121, 122]
[3, 3, 123, 124]
[3, 3, 125, 126]
[3, 3, 127, 130]
[3, 3, 128, 131]
[3, 3, 129, 132]
[3, 3, 133, 134]
[3, 3, 135, 136]
[3, 3, 137, 138]
[3, 3, 139, 142]
[3, 3, 140, 143]
[3, 3, 141, 144]
[3, 3, 145, 146]
[3, 3, 147, 148]
[3, 3, 149, 150]
[3, 4, 5, 11]
[3, 4, 6, 6]
[3, 4, 10, 16]
[3, 4, 12, 14]
[3, 4, 13, 15]
[3, 4, 17, 19]
[3, 4, 18, 23]
[3, 4, 20, 22]
[3, 4, 21, 25]
[3, 4, 24, 26]
[3, 4, 27, 31]
[3, 4, 28, 29]
[3, 4, 30, 35]
[3, 4, 32, 34]
[3, 4, 33, 37]
[3, 4, 36, 38]
[3, 4, 39, 43]
[3, 4, 40, 41]
[3, 4, 42, 47]
[3, 4, 44, 46]
[3, 4, 45, 49]
[3, 4, 48, 50]
[3, 4, 51, 55]
[3, 4, 52, 53]
[3, 4, 54, 59]
[3, 4, 56, 58]
[3, 4, 57, 61]
[3, 4, 60, 62]
[3, 4, 63, 67]
[3, 4, 64, 65]
[3, 4, 66, 71]
[3, 4, 68, 70]
[3, 4, 69, 73]
[3, 4, 72, 74]
[3, 4, 75, 79]
[3, 4, 76, 77]
[3, 4, 78, 83]
[3, 4, 80, 82]
[3, 4, 81, 85]
[3, 4, 84, 86]
[3, 4, 87, 91]
[3, 4, 88, 89]
[3, 4, 90, 95]
[3, 4, 92, 94]
[3, 4, 93, 97]
[3, 4, 96, 98]
[3, 4, 99, 103]
[3, 4, 100, 101]
[3, 4, 102, 107]
[3, 4, 104, 106]
[3, 4, 105, 109]
[3, 4, 108, 110]
[3, 4, 111, 115]
[3, 4, 112, 113]
[3, 4, 114, 119]
[3, 4, 116, 118]
[3, 4, 117, 121]
[3, 4, 120, 122]
[3, 4, 123, 127]
[3, 4, 124, 125]
[3, 4, 126, 131]
[3, 4, 128, 130]
[3, 4, 129, 133]
[3, 4, 132, 134]
[3, 4, 135, 139]
[3, 4, 136, 137]
[3, 4, 138, 143]
[3, 4, 140, 142]
[3, 4, 141, 145]
[3, 4, 144, 146]
[3, 4, 148, 149]
[3, 5, 5, 5]
[3, 5, 7, 7]
[3, 5, 9, 9]
[3, 5, 10, 10]
[3, 5, 12, 12]
[3, 5, 13, 13]
[3, 5, 14, 14]
[3, 5, 15, 15]
[3, 5, 16, 16]
[3, 5, 17, 17]
[3, 5, 18, 18]
[3, 5, 19, 19]
[3, 5, 20, 20]
[3, 5, 21, 21]
[3, 5, 22, 22]
[3, 5, 23, 23]
[3, 5, 24, 24]
[3, 5, 25, 25]
[3, 5, 26, 26]
[3, 5, 27, 27]
[3, 5, 28, 28]
[3, 5, 29, 29]
[3, 5, 30, 30]
[3, 5, 31, 31]
[3, 5, 32, 32]
[3, 5, 33, 33]
[3, 5, 34, 34]
[3, 5, 35, 35]
[3, 5, 36, 36]
[3, 5, 37, 37]
[3, 5, 38, 38]
[3, 5, 39, 39]
[3, 5, 40, 40]
[3, 5, 41, 41]
[3, 5, 42, 42]
[3, 5, 43, 43]
[3, 5, 44, 44]
[3, 5, 45, 45]
[3, 5, 46, 46]
[3, 5, 47, 47]
[3, 5, 48, 48]
[3, 5, 49, 49]
[3, 5, 50, 50]
[3, 5, 51, 51]
[3, 5, 52, 52]
[3, 5, 53, 53]
[3, 5, 54, 54]
[3, 5, 55, 55]
[3, 5, 56, 56]
[3, 5, 57, 57]
[3, 5, 58, 58]
[3, 5, 59, 59]
[3, 5, 60, 60]
[3, 5, 61, 61]
[3, 5, 62, 62]
[3, 5, 63, 63]
[3, 5, 64, 64]
[3, 5, 65, 65]
[3, 5, 66, 66]
[3, 5, 67, 67]
[3, 5, 68, 68]
[3, 5, 69, 69]
[3, 5, 70, 70]
[3, 5, 71, 71]
[3, 5, 72, 72]
[3, 5, 73, 73]
[3, 5, 74, 74]
[3, 5, 75, 75]
[3, 5, 76, 76]
[3, 5, 77, 77]
[3, 5, 78, 78]
[3, 5, 79, 79]
[3, 5, 80, 80]
[3, 5, 81, 81]
[3, 5, 82, 82]
[3, 5, 83, 83]
[3, 5, 84, 84]
[3, 5, 85, 85]
[3, 5, 86, 86]
[3, 5, 87, 87]
[3, 5, 88, 88]
[3, 5, 89, 89]
[3, 5, 90, 90]
[3, 5, 91, 91]
[3, 5, 92, 92]
[3, 5, 93, 93]
[3, 5, 94, 94]
[3, 5, 95, 95]
[3, 5, 96, 96]
[3, 5, 97, 97]
[3, 5, 98, 98]
[3, 5, 99, 99]
[3, 5, 100, 100]
[3, 5, 101, 101]
[3, 5, 102, 102]
[3, 5, 103, 103]
[3, 5, 104, 104]
[3, 5, 105, 105]
[3, 5, 106, 106]
[3, 5, 107, 107]
[3, 5, 108, 108]
[3, 5, 109, 109]
[3, 5, 110, 110]
[3, 5, 111, 111]
[3, 5, 112, 112]
[3, 5, 113, 113]
[3, 5, 114, 114]
[3, 5, 115, 115]
[3, 5, 116, 116]
[3, 5, 117, 117]
[3, 5, 118, 118]
[3, 5, 119, 119]
[3, 5, 120, 120]
[3, 5, 121, 121]
[3, 5, 122, 122]
[3, 5, 123, 123]
[3, 5, 124, 124]
[3, 5, 125, 125]
[3, 5, 126, 126]
[3, 5, 127, 127]
[3, 5, 128, 128]
[3, 5, 129, 129]
[3, 5, 130, 130]
[3, 5, 131, 131]
[3, 5, 132, 132]
[3, 5, 133, 133]
[3, 5, 134, 134]
[3, 5, 135, 135]
[3, 5, 136, 136]
[3, 5, 137, 137]
[3, 5, 138, 138]
[3, 5, 139, 139]
[3, 5, 140, 140]
[3, 5, 141, 141]
[3, 5, 142, 142]
[3, 5, 143, 143]
[3, 5, 144, 144]
[3, 5, 145, 145]
[3, 5, 146, 146]
[3, 5, 147, 147]
[3, 5, 148, 148]
[3, 5, 149, 149]
[3, 5, 150, 150]
[3, 6, 7, 10]
[3, 6, 8, 8]
[3, 6, 11, 11]
[3, 6, 12, 13]
[3, 6, 14, 19]
[3, 6, 15, 21]
[3, 6, 16, 17]
[3, 6, 18, 24]
[3, 6, 20, 25]
[3, 6, 22, 27]
[3, 6, 23, 29]
[3, 6, 26, 32]
[3, 6, 28, 30]
[3, 6, 31, 36]
[3, 6, 33, 34]
[3, 6, 35, 39]
[3, 6, 37, 41]
[3, 6, 38, 43]
[3, 6, 40, 42]
[3, 6, 44, 45]
[3, 6, 46, 47]
[3, 6, 48, 49]
[3, 6, 50, 51]
[3, 6, 52, 54]
[3, 6, 53, 59]
[3, 6, 55, 60]
[3, 6, 56, 57]
[3, 6, 58, 63]
[3, 6, 61, 67]
[3, 6, 62, 65]
[3, 6, 64, 66]
[3, 6, 68, 69]
[3, 6, 70, 71]
[3, 6, 72, 73]
[3, 6, 74, 75]
[3, 6, 76, 78]
[3, 6, 77, 83]
[3, 6, 79, 84]
[3, 6, 80, 81]
[3, 6, 82, 87]
[3, 6, 85, 91]
[3, 6, 86, 92]
[3, 6, 88, 90]
[3, 6, 89, 95]
[3, 6, 93, 94]
[3, 6, 96, 97]
[3, 6, 98, 99]
[3, 6, 100, 102]
[3, 6, 101, 107]
[3, 6, 103, 108]
[3, 6, 104, 105]
[3, 6, 106, 111]
[3, 6, 109, 115]
[3, 6, 110, 116]
[3, 6, 112, 114]
[3, 6, 113, 119]
[3, 6, 117, 118]
[3, 6, 120, 121]
[3, 6, 122, 123]
[3, 6, 124, 126]
[3, 6, 125, 131]
[3, 6, 127, 132]
[3, 6, 128, 129]
[3, 6, 130, 135]
[3, 6, 133, 139]
[3, 6, 134, 140]
[3, 6, 136, 138]
[3, 6, 137, 143]
[3, 6, 141, 142]
[3, 6, 144, 145]
[3, 6, 146, 147]
[3, 6, 148, 150]
[3, 7, 12, 16]
[3, 7, 13, 17]
[3, 7, 14, 18]
[3, 7, 15, 19]
[3, 7, 20, 21]
[3, 7, 22, 28]
[3, 7, 23, 27]
[3, 7, 24, 25]
[3, 7, 26, 31]
[3, 7, 29, 34]
[3, 7, 30, 36]
[3, 7, 32, 33]
[3, 7, 35, 40]
[3, 7, 37, 42]
[3, 7, 38, 44]
[3, 7, 39, 45]
[3, 7, 41, 46]
[3, 7, 43, 47]
[3, 7, 48, 52]
[3, 7, 49, 54]
[3, 7, 50, 55]
[3, 7, 51, 57]
[3, 7, 53, 58]
[3, 7, 56, 62]
[3, 7, 59, 63]
[3, 7, 60, 61]
[3, 7, 64, 68]
[3, 7, 65, 71]
[3, 7, 66, 72]
[3, 7, 67, 73]
[3, 7, 69, 70]
[3, 7, 74, 77]
[3, 7, 75, 81]
[3, 7, 76, 80]
[3, 7, 78, 84]
[3, 7, 79, 83]
[3, 7, 82, 88]
[3, 7, 85, 89]
[3, 7, 86, 90]
[3, 7, 87, 92]
[3, 7, 91, 95]
[3, 7, 93, 99]
[3, 7, 94, 100]
[3, 7, 96, 101]
[3, 7, 97, 102]
[3, 7, 98, 103]
[3, 7, 104, 110]
[3, 7, 105, 111]
[3, 7, 106, 112]
[3, 7, 107, 113]
[3, 7, 108, 109]
[3, 7, 114, 121]
[3, 7, 115, 119]
[3, 7, 116, 117]
[3, 7, 118, 123]
[3, 7, 120, 124]
[3, 7, 122, 125]
[3, 7, 126, 132]
[3, 7, 127, 131]
[3, 7, 128, 134]
[3, 7, 129, 135]
[3, 7, 130, 136]
[3, 7, 133, 137]
[3, 7, 138, 145]
[3, 7, 139, 143]
[3, 7, 140, 141]
[3, 7, 142, 147]
[3, 7, 144, 148]
[3, 7, 146, 149]
[3, 8, 9, 13]
[3, 8, 11, 16]
[3, 8, 12, 17]
[3, 8, 14, 15]
[3, 8, 18, 19]
[3, 8, 20, 26]
[3, 8, 21, 23]
[3, 8, 22, 29]
[3, 8, 24, 28]
[3, 8, 25, 27]
[3, 8, 30, 37]
[3, 8, 31, 35]
[3, 8, 32, 36]
[3, 8, 33, 38]
[3, 8, 34, 39]
[3, 8, 40, 46]
[3, 8, 41, 43]
[3, 8, 42, 48]
[3, 8, 44, 49]
[3, 8, 45, 47]
[3, 8, 50, 53]
[3, 8, 51, 58]
[3, 8, 52, 59]
[3, 8, 54, 55]
[3, 8, 56, 61]
[3, 8, 57, 62]
[3, 8, 60, 64]
[3, 8, 63, 69]
[3, 8, 65, 67]
[3, 8, 66, 73]
[3, 8, 68, 75]
[3, 8, 70, 76]
[3, 8, 71, 78]
[3, 8, 72, 77]
[3, 8, 74, 79]
[3, 8, 80, 85]
[3, 8, 81, 83]
[3, 8, 82, 89]
[3, 8, 84, 90]
[3, 8, 86, 91]
[3, 8, 87, 93]
[3, 8, 88, 94]
[3, 8, 92, 97]
[3, 8, 95, 99]
[3, 8, 96, 102]
[3, 8, 98, 101]
[3, 8, 100, 106]
[3, 8, 103, 111]
[3, 8, 104, 109]
[3, 8, 105, 107]
[3, 8, 108, 115]
[3, 8, 110, 113]
[3, 8, 112, 118]
[3, 8, 114, 120]
[3, 8, 116, 121]
[3, 8, 117, 119]
[3, 8, 122, 127]
[3, 8, 123, 129]
[3, 8, 124, 130]
[3, 8, 125, 132]
[3, 8, 126, 133]
[3, 8, 128, 136]
[3, 8, 131, 137]
[3, 8, 134, 138]
[3, 8, 135, 141]
[3, 8, 139, 146]
[3, 8, 140, 145]
[3, 8, 142, 148]
[3, 8, 143, 147]
[3, 8, 144, 150]
[3, 9, 10, 11]
[3, 9, 14, 21]
[3, 9, 15, 22]
[3, 9, 16, 18]
[3, 9, 17, 23]
[3, 9, 19, 26]
[3, 9, 20, 24]
[3, 9, 25, 30]
[3, 9, 27, 33]
[3, 9, 28, 35]
[3, 9, 29, 31]
[3, 9, 32, 37]
[3, 9, 34, 41]
[3, 9, 36, 40]
[3, 9, 38, 39]
[3, 9, 42, 43]
[3, 9, 44, 51]
[3, 9, 45, 52]
[3, 9, 46, 53]
[3, 9, 47, 54]
[3, 9, 48, 55]
[3, 9, 49, 56]
[3, 9, 50, 57]
[3, 9, 58, 59]
[3, 9, 60, 66]
[3, 9, 61, 63]
[3, 9, 62, 69]
[3, 9, 64, 70]
[3, 9, 65, 72]
[3, 9, 67, 71]
[3, 9, 68, 73]
[3, 9, 74, 80]
[3, 9, 75, 82]
[3, 9, 76, 81]
[3, 9, 77, 79]
[3, 9, 78, 85]
[3, 9, 83, 89]
[3, 9, 84, 88]
[3, 9, 86, 87]
[3, 9, 90, 91]
[3, 9, 92, 93]
[3, 9, 94, 95]
[3, 9, 96, 103]
[3, 9, 97, 99]
[3, 9, 98, 104]
[3, 9, 100, 105]
[3, 9, 101, 106]
[3, 9, 102, 109]
[3, 9, 107, 111]
[3, 9, 108, 112]
[3, 9, 110, 115]
[3, 9, 113, 118]
[3, 9, 114, 122]
[3, 9, 116, 123]
[3, 9, 117, 124]
[3, 9, 119, 125]
[3, 9, 120, 126]
[3, 9, 121, 127]
[3, 9, 128, 137]
[3, 9, 129, 131]
[3, 9, 130, 138]
[3, 9, 132, 133]
[3, 9, 134, 135]
[3, 9, 136, 141]
[3, 9, 139, 144]
[3, 9, 140, 146]
[3, 9, 142, 143]
[3, 9, 145, 147]
[3, 10, 15, 20]
[3, 10, 17, 22]
[3, 10, 18, 25]
[3, 10, 19, 28]
[3, 10, 21, 27]
[3, 10, 23, 31]
[3, 10, 24, 30]
[3, 10, 26, 29]
[3, 10, 32, 38]
[3, 10, 33, 35]
[3, 10, 34, 42]
[3, 10, 36, 37]
[3, 10, 39, 44]
[3, 10, 40, 45]
[3, 10, 41, 47]
[3, 10, 43, 49]
[3, 10, 46, 51]
[3, 10, 48, 53]
[3, 10, 50, 54]
[3, 10, 52, 56]
[3, 10, 55, 62]
[3, 10, 57, 58]
[3, 10, 59, 64]
[3, 10, 60, 65]
[3, 10, 61, 66]
[3, 10, 63, 70]
[3, 10, 67, 74]
[3, 10, 68, 72]
[3, 10, 69, 71]
[3, 10, 73, 75]
[3, 10, 76, 83]
[3, 10, 77, 84]
[3, 10, 78, 79]
[3, 10, 80, 86]
[3, 10, 81, 82]
[3, 10, 85, 87]
[3, 10, 88, 95]
[3, 10, 89, 91]
[3, 10, 90, 94]
[3, 10, 92, 98]
[3, 10, 93, 101]
[3, 10, 96, 104]
[3, 10, 97, 105]
[3, 10, 99, 107]
[3, 10, 100, 108]
[3, 10, 102, 103]
[3, 10, 106, 113]
[3, 10, 109, 111]
[3, 10, 110, 117]
[3, 10, 112, 119]
[3, 10, 114, 115]
[3, 10, 116, 120]
[3, 10, 118, 124]
[3, 10, 121, 123]
[3, 10, 122, 130]
[3, 10, 125, 127]
[3, 10, 126, 134]
[3, 10, 128, 132]
[3, 10, 129, 136]
[3, 10, 131, 135]
[3, 10, 133, 140]
[3, 10, 137, 139]
[3, 10, 138, 142]
[3, 10, 141, 143]
[3, 10, 144, 149]
[3, 10, 145, 150]
[4, 4, 4, 7]
[4, 4, 5, 8]
[4, 4, 6, 10]
[4, 4, 9, 12]
[4, 4, 11, 13]
[4, 4, 14, 18]
[4, 4, 15, 17]
[4, 4, 16, 19]
[4, 4, 20, 21]
[4, 4, 22, 23]
[4, 4, 24, 25]
[4, 4, 26, 30]
[4, 4, 27, 32]
[4, 4, 28, 31]
[4, 4, 29, 34]
[4, 4, 33, 35]
[4, 4, 36, 37]
[4, 4, 38, 42]
[4, 4, 39, 44]
[4, 4, 40, 43]
[4, 4, 41, 46]
[4, 4, 45, 47]
[4, 4, 48, 49]
[4, 4, 50, 54]
[4, 4, 51, 56]
[4, 4, 52, 55]
[4, 4, 53, 58]
[4, 4, 57, 59]
[4, 4, 60, 61]
[4, 4, 62, 66]
[4, 4, 63, 68]
[4, 4, 64, 67]
[4, 4, 65, 70]
[4, 4, 69, 71]
[4, 4, 72, 73]
[4, 4, 74, 78]
[4, 4, 75, 80]
[4, 4, 76, 79]
[4, 4, 77, 82]
[4, 4, 81, 83]
[4, 4, 84, 85]
[4, 4, 86, 90]
[4, 4, 87, 92]
[4, 4, 88, 91]
[4, 4, 89, 94]
[4, 4, 93, 95]
[4, 4, 96, 97]
[4, 4, 98, 102]
[4, 4, 99, 104]
[4, 4, 100, 103]
[4, 4, 101, 106]
[4, 4, 105, 107]
[4, 4, 108, 109]
[4, 4, 110, 114]
[4, 4, 111, 116]
[4, 4, 112, 115]
[4, 4, 113, 118]
[4, 4, 117, 119]
[4, 4, 120, 121]
[4, 4, 122, 126]
[4, 4, 123, 128]
[4, 4, 124, 127]
[4, 4, 125, 130]
[4, 4, 129, 131]
[4, 4, 132, 133]
[4, 4, 134, 138]
[4, 4, 135, 140]
[4, 4, 136, 139]
[4, 4, 137, 142]
[4, 4, 141, 143]
[4, 4, 144, 145]
[4, 4, 146, 150]
[4, 5, 5, 6]
[4, 5, 7, 10]
[4, 5, 9, 14]
[4, 5, 12, 13]
[4, 5, 15, 20]
[4, 5, 16, 17]
[4, 5, 18, 19]
[4, 5, 21, 26]
[4, 5, 22, 27]
[4, 5, 23, 28]
[4, 5, 24, 29]
[4, 5, 25, 31]
[4, 5, 30, 34]
[4, 5, 32, 33]
[4, 5, 35, 38]
[4, 5, 36, 39]
[4, 5, 37, 41]
[4, 5, 40, 45]
[4, 5, 42, 43]
[4, 5, 44, 48]
[4, 5, 46, 47]
[4, 5, 49, 53]
[4, 5, 50, 51]
[4, 5, 52, 57]
[4, 5, 54, 55]
[4, 5, 56, 60]
[4, 5, 58, 59]
[4, 5, 61, 65]
[4, 5, 62, 63]
[4, 5, 64, 69]
[4, 5, 66, 67]
[4, 5, 68, 72]
[4, 5, 70, 71]
[4, 5, 73, 77]
[4, 5, 74, 75]
[4, 5, 76, 81]
[4, 5, 78, 79]
[4, 5, 80, 84]
[4, 5, 82, 83]
[4, 5, 85, 89]
[4, 5, 86, 87]
[4, 5, 88, 93]
[4, 5, 90, 91]
[4, 5, 92, 96]
[4, 5, 94, 95]
[4, 5, 97, 101]
[4, 5, 98, 99]
[4, 5, 100, 105]
[4, 5, 102, 103]
[4, 5, 104, 108]
[4, 5, 106, 107]
[4, 5, 109, 113]
[4, 5, 110, 111]
[4, 5, 112, 117]
[4, 5, 114, 115]
[4, 5, 116, 120]
[4, 5, 118, 119]
[4, 5, 121, 125]
[4, 5, 122, 123]
[4, 5, 124, 129]
[4, 5, 126, 127]
[4, 5, 128, 132]
[4, 5, 130, 131]
[4, 5, 133, 137]
[4, 5, 134, 135]
[4, 5, 136, 141]
[4, 5, 138, 139]
[4, 5, 140, 144]
[4, 5, 142, 143]
[4, 5, 145, 149]
[4, 5, 146, 147]
[4, 6, 7, 7]
[4, 6, 8, 15]
[4, 6, 11, 16]
[4, 6, 12, 12]
[4, 6, 13, 19]
[4, 6, 14, 20]
[4, 6, 17, 18]
[4, 6, 21, 22]
[4, 6, 23, 26]
[4, 6, 24, 27]
[4, 6, 25, 30]
[4, 6, 28, 32]
[4, 6, 29, 35]
[4, 6, 31, 37]
[4, 6, 33, 39]
[4, 6, 34, 38]
[4, 6, 36, 42]
[4, 6, 40, 44]
[4, 6, 41, 47]
[4, 6, 43, 48]
[4, 6, 45, 50]
[4, 6, 46, 51]
[4, 6, 49, 54]
[4, 6, 52, 58]
[4, 6, 53, 56]
[4, 6, 55, 59]
[4, 6, 57, 62]
[4, 6, 60, 63]
[4, 6, 61, 68]
[4, 6, 64, 70]
[4, 6, 65, 66]
[4, 6, 67, 72]
[4, 6, 69, 74]
[4, 6, 71, 76]
[4, 6, 73, 78]
[4, 6, 75, 81]
[4, 6, 77, 80]
[4, 6, 79, 85]
[4, 6, 82, 86]
[4, 6, 83, 87]
[4, 6, 84, 89]
[4, 6, 88, 92]
[4, 6, 90, 94]
[4, 6, 91, 96]
[4, 6, 93, 98]
[4, 6, 95, 100]
[4, 6, 97, 102]
[4, 6, 99, 105]
[4, 6, 101, 104]
[4, 6, 103, 109]
[4, 6, 106, 110]
[4, 6, 107, 111]
[4, 6, 108, 113]
[4, 6, 112, 116]
[4, 6, 114, 118]
[4, 6, 115, 120]
[4, 6, 117, 122]
[4, 6, 119, 124]
[4, 6, 121, 126]
[4, 6, 123, 129]
[4, 6, 125, 128]
[4, 6, 127, 133]
[4, 6, 130, 134]
[4, 6, 131, 135]
[4, 6, 132, 137]
[4, 6, 136, 140]
[4, 6, 138, 142]
[4, 6, 139, 144]
[4, 6, 141, 146]
[4, 6, 143, 148]
[4, 6, 145, 150]
[4, 7, 8, 8]
[4, 7, 9, 16]
[4, 7, 12, 15]
[4, 7, 13, 13]
[4, 7, 14, 14]
[4, 7, 17, 17]
[4, 7, 18, 18]
[4, 7, 19, 19]
[4, 7, 20, 20]
[4, 7, 21, 21]
[4, 7, 22, 22]
[4, 7, 23, 23]
[4, 7, 24, 24]
[4, 7, 25, 25]
[4, 7, 26, 26]
[4, 7, 27, 27]
[4, 7, 28, 28]
[4, 7, 29, 29]
[4, 7, 30, 30]
[4, 7, 31, 31]
[4, 7, 32, 32]
[4, 7, 33, 33]
[4, 7, 34, 34]
[4, 7, 35, 35]
[4, 7, 36, 36]
[4, 7, 37, 37]
[4, 7, 38, 38]
[4, 7, 39, 39]
[4, 7, 40, 40]
[4, 7, 41, 41]
[4, 7, 42, 42]
[4, 7, 43, 43]
[4, 7, 44, 44]
[4, 7, 45, 45]
[4, 7, 46, 46]
[4, 7, 47, 47]
[4, 7, 48, 48]
[4, 7, 49, 49]
[4, 7, 50, 50]
[4, 7, 51, 51]
[4, 7, 52, 52]
[4, 7, 53, 53]
[4, 7, 54, 54]
[4, 7, 55, 55]
[4, 7, 56, 56]
[4, 7, 57, 57]
[4, 7, 58, 58]
[4, 7, 59, 59]
[4, 7, 60, 60]
[4, 7, 61, 61]
[4, 7, 62, 62]
[4, 7, 63, 63]
[4, 7, 64, 64]
[4, 7, 65, 65]
[4, 7, 66, 66]
[4, 7, 67, 67]
[4, 7, 68, 68]
[4, 7, 69, 69]
[4, 7, 70, 70]
[4, 7, 71, 71]
[4, 7, 72, 72]
[4, 7, 73, 73]
[4, 7, 74, 74]
[4, 7, 75, 75]
[4, 7, 76, 76]
[4, 7, 77, 77]
[4, 7, 78, 78]
[4, 7, 79, 79]
[4, 7, 80, 80]
[4, 7, 81, 81]
[4, 7, 82, 82]
[4, 7, 83, 83]
[4, 7, 84, 84]
[4, 7, 85, 85]
[4, 7, 86, 86]
[4, 7, 87, 87]
[4, 7, 88, 88]
[4, 7, 89, 89]
[4, 7, 90, 90]
[4, 7, 91, 91]
[4, 7, 92, 92]
[4, 7, 93, 93]
[4, 7, 94, 94]
[4, 7, 95, 95]
[4, 7, 96, 96]
[4, 7, 97, 97]
[4, 7, 98, 98]
[4, 7, 99, 99]
[4, 7, 100, 100]
[4, 7, 101, 101]
[4, 7, 102, 102]
[4, 7, 103, 103]
[4, 7, 104, 104]
[4, 7, 105, 105]
[4, 7, 106, 106]
[4, 7, 107, 107]
[4, 7, 108, 108]
[4, 7, 109, 109]
[4, 7, 110, 110]
[4, 7, 111, 111]
[4, 7, 112, 112]
[4, 7, 113, 113]
[4, 7, 114, 114]
[4, 7, 115, 115]
[4, 7, 116, 116]
[4, 7, 117, 117]
[4, 7, 118, 118]
[4, 7, 119, 119]
[4, 7, 120, 120]
[4, 7, 121, 121]
[4, 7, 122, 122]
[4, 7, 123, 123]
[4, 7, 124, 124]
[4, 7, 125, 125]
[4, 7, 126, 126]
[4, 7, 127, 127]
[4, 7, 128, 128]
[4, 7, 129, 129]
[4, 7, 130, 130]
[4, 7, 131, 131]
[4, 7, 132, 132]
[4, 7, 133, 133]
[4, 7, 134, 134]
[4, 7, 135, 135]
[4, 7, 136, 136]
[4, 7, 137, 137]
[4, 7, 138, 138]
[4, 7, 139, 139]
[4, 7, 140, 140]
[4, 7, 141, 141]
[4, 7, 142, 142]
[4, 7, 143, 143]
[4, 7, 144, 144]
[4, 7, 145, 145]
[4, 7, 146, 146]
[4, 7, 147, 147]
[4, 7, 148, 148]
[4, 7, 149, 149]
[4, 7, 150, 150]
[4, 8, 9, 9]
[4, 8, 10, 10]
[4, 8, 13, 16]
[4, 8, 14, 19]
[4, 8, 17, 24]
[4, 8, 18, 22]
[4, 8, 20, 25]
[4, 8, 21, 28]
[4, 8, 23, 27]
[4, 8, 26, 31]
[4, 8, 29, 30]
[4, 8, 32, 39]
[4, 8, 33, 36]
[4, 8, 34, 35]
[4, 8, 37, 42]
[4, 8, 38, 44]
[4, 8, 40, 47]
[4, 8, 41, 48]
[4, 8, 43, 50]
[4, 8, 45, 51]
[4, 8, 46, 52]
[4, 8, 49, 55]
[4, 8, 53, 60]
[4, 8, 54, 61]
[4, 8, 56, 57]
[4, 8, 58, 62]
[4, 8, 59, 65]
[4, 8, 63, 70]
[4, 8, 64, 66]
[4, 8, 67, 74]
[4, 8, 68, 69]
[4, 8, 71, 75]
[4, 8, 72, 79]
[4, 8, 73, 76]
[4, 8, 77, 84]
[4, 8, 78, 85]
[4, 8, 80, 81]
[4, 8, 82, 88]
[4, 8, 83, 86]
[4, 8, 87, 94]
[4, 8, 89, 92]
[4, 8, 90, 96]
[4, 8, 91, 97]
[4, 8, 93, 99]
[4, 8, 95, 98]
[4, 8, 100, 102]
[4, 8, 101, 108]
[4, 8, 103, 107]
[4, 8, 104, 105]
[4, 8, 106, 111]
[4, 8, 109, 112]
[4, 8, 110, 115]
[4, 8, 113, 116]
[4, 8, 114, 121]
[4, 8, 117, 120]
[4, 8, 118, 124]
[4, 8, 119, 122]
[4, 8, 123, 130]
[4, 8, 125, 133]
[4, 8, 126, 132]
[4, 8, 127, 131]
[4, 8, 128, 129]
[4, 8, 134, 139]
[4, 8, 135, 142]
[4, 8, 136, 138]
[4, 8, 137, 140]
[4, 8, 141, 144]
[4, 8, 143, 146]
[4, 8, 145, 148]
[4, 9, 11, 11]
[4, 9, 13, 21]
[4, 9, 15, 15]
[4, 9, 17, 25]
[4, 9, 18, 26]
[4, 9, 19, 23]
[4, 9, 20, 27]
[4, 9, 22, 28]
[4, 9, 24, 31]
[4, 9, 29, 36]
[4, 9, 30, 37]
[4, 9, 32, 38]
[4, 9, 33, 34]
[4, 9, 35, 41]
[4, 9, 39, 45]
[4, 9, 40, 42]
[4, 9, 43, 51]
[4, 9, 44, 50]
[4, 9, 46, 54]
[4, 9, 47, 55]
[4, 9, 48, 56]
[4, 9, 49, 57]
[4, 9, 52, 60]
[4, 9, 53, 59]
[4, 9, 58, 64]
[4, 9, 61, 69]
[4, 9, 62, 68]
[4, 9, 63, 71]
[4, 9, 65, 67]
[4, 9, 66, 73]
[4, 9, 70, 76]
[4, 9, 72, 80]
[4, 9, 74, 81]
[4, 9, 75, 83]
[4, 9, 77, 78]
[4, 9, 79, 84]
[4, 9, 82, 89]
[4, 9, 85, 87]
[4, 9, 86, 92]
[4, 9, 88, 90]
[4, 9, 91, 98]
[4, 9, 93, 100]
[4, 9, 94, 101]
[4, 9, 95, 99]
[4, 9, 96, 102]
[4, 9, 97, 104]
[4, 9, 103, 110]
[4, 9, 105, 112]
[4, 9, 106, 113]
[4, 9, 107, 114]
[4, 9, 108, 115]
[4, 9, 109, 111]
[4, 9, 116, 117]
[4, 9, 118, 125]
[4, 9, 119, 123]
[4, 9, 120, 127]
[4, 9, 121, 128]
[4, 9, 122, 129]
[4, 9, 124, 126]
[4, 9, 130, 136]
[4, 9, 131, 138]
[4, 9, 132, 139]
[4, 9, 133, 135]
[4, 9, 134, 140]
[4, 9, 137, 143]
[4, 9, 141, 148]
[4, 9, 142, 149]
[4, 9, 144, 150]
[4, 10, 11, 14]
[4, 10, 12, 17]
[4, 10, 18, 27]
[4, 10, 19, 26]
[4, 10, 20, 28]
[4, 10, 21, 23]
[4, 10, 22, 29]
[4, 10, 24, 32]
[4, 10, 25, 33]
[4, 10, 30, 38]
[4, 10, 31, 35]
[4, 10, 34, 39]
[4, 10, 36, 43]
[4, 10, 37, 40]
[4, 10, 41, 49]
[4, 10, 42, 46]
[4, 10, 44, 45]
[4, 10, 47, 52]
[4, 10, 48, 57]
[4, 10, 50, 55]
[4, 10, 51, 59]
[4, 10, 53, 54]
[4, 10, 56, 62]
[4, 10, 58, 65]
[4, 10, 60, 66]
[4, 10, 61, 63]
[4, 10, 64, 71]
[4, 10, 67, 75]
[4, 10, 68, 74]
[4, 10, 69, 70]
[4, 10, 72, 78]
[4, 10, 73, 80]
[4, 10, 76, 84]
[4, 10, 77, 79]
[4, 10, 81, 87]
[4, 10, 82, 90]
[4, 10, 83, 91]
[4, 10, 85, 88]
[4, 10, 86, 93]
[4, 10, 89, 96]
[4, 10, 92, 97]
[4, 10, 94, 98]
[4, 10, 95, 101]
[4, 10, 99, 108]
[4, 10, 100, 107]
[4, 10, 102, 106]
[4, 10, 103, 111]
[4, 10, 104, 110]
[4, 10, 105, 113]
[4, 10, 109, 116]
[4, 10, 112, 114]
[4, 10, 115, 119]
[4, 10, 117, 118]
[4, 10, 120, 128]
[4, 10, 121, 124]
[4, 10, 122, 131]
[4, 10, 123, 132]
[4, 10, 125, 134]
[4, 10, 126, 130]
[4, 10, 127, 136]
[4, 10, 129, 135]
[4, 10, 133, 141]
[4, 10, 137, 138]
[4, 10, 139, 143]
[4, 10, 140, 147]
[4, 10, 142, 146]
[4, 10, 148, 150]
[5, 5, 7, 8]
[5, 5, 9, 11]
[5, 5, 10, 15]
[5, 5, 12, 17]
[5, 5, 13, 16]
[5, 5, 14, 18]
[5, 5, 19, 22]
[5, 5, 20, 23]
[5, 5, 21, 25]
[5, 5, 24, 26]
[5, 5, 27, 30]
[5, 5, 28, 31]
[5, 5, 29, 33]
[5, 5, 32, 34]
[5, 5, 35, 36]
[5, 5, 37, 39]
[5, 5, 38, 41]
[5, 5, 40, 42]
[5, 5, 43, 47]
[5, 5, 44, 46]
[5, 5, 45, 50]
[5, 5, 48, 52]
[5, 5, 49, 51]
[5, 5, 53, 55]
[5, 5, 54, 57]
[5, 5, 56, 58]
[5, 5, 59, 60]
[5, 5, 61, 63]
[5, 5, 62, 65]
[5, 5, 64, 66]
[5, 5, 67, 71]
[5, 5, 68, 70]
[5, 5, 69, 74]
[5, 5, 72, 76]
[5, 5, 73, 75]
[5, 5, 77, 79]
[5, 5, 78, 81]
[5, 5, 80, 82]
[5, 5, 83, 84]
[5, 5, 85, 87]
[5, 5, 86, 89]
[5, 5, 88, 90]
[5, 5, 91, 95]
[5, 5, 92, 94]
[5, 5, 93, 98]
[5, 5, 96, 100]
[5, 5, 97, 99]
[5, 5, 101, 103]
[5, 5, 102, 105]
[5, 5, 104, 106]
[5, 5, 107, 108]
[5, 5, 109, 111]
[5, 5, 110, 113]
[5, 5, 112, 114]
[5, 5, 115, 119]
[5, 5, 116, 118]
[5, 5, 117, 122]
[5, 5, 120, 124]
[5, 5, 121, 123]
[5, 5, 125, 127]
[5, 5, 126, 129]
[5, 5, 128, 130]
[5, 5, 131, 132]
[5, 5, 133, 135]
[5, 5, 134, 137]
[5, 5, 136, 138]
[5, 5, 139, 143]
[5, 5, 140, 142]
[5, 5, 141, 146]
[5, 5, 144, 148]
[5, 5, 145, 147]
[5, 6, 6, 9]
[5, 6, 7, 14]
[5, 6, 11, 15]
[5, 6, 12, 19]
[5, 6, 13, 20]
[5, 6, 16, 22]
[5, 6, 17, 21]
[5, 6, 18, 23]
[5, 6, 24, 25]
[5, 6, 26, 29]
[5, 6, 27, 31]
[5, 6, 28, 33]
[5, 6, 30, 35]
[5, 6, 32, 38]
[5, 6, 34, 39]
[5, 6, 36, 37]
[5, 6, 40, 41]
[5, 6, 42, 47]
[5, 6, 43, 49]
[5, 6, 44, 50]
[5, 6, 45, 51]
[5, 6, 46, 52]
[5, 6, 48, 53]
[5, 6, 54, 58]
[5, 6, 55, 61]
[5, 6, 56, 59]
[5, 6, 57, 63]
[5, 6, 60, 66]
[5, 6, 62, 68]
[5, 6, 64, 65]
[5, 6, 67, 73]
[5, 6, 69, 70]
[5, 6, 71, 77]
[5, 6, 72, 78]
[5, 6, 74, 79]
[5, 6, 75, 80]
[5, 6, 76, 82]
[5, 6, 81, 86]
[5, 6, 83, 89]
[5, 6, 84, 85]
[5, 6, 87, 93]
[5, 6, 88, 94]
[5, 6, 90, 95]
[5, 6, 91, 97]
[5, 6, 92, 98]
[5, 6, 96, 101]
[5, 6, 99, 103]
[5, 6, 100, 106]
[5, 6, 102, 107]
[5, 6, 104, 110]
[5, 6, 105, 111]
[5, 6, 108, 109]
[5, 6, 112, 113]
[5, 6, 114, 119]
[5, 6, 115, 121]
[5, 6, 116, 117]
[5, 6, 118, 122]
[5, 6, 120, 125]
[5, 6, 123, 127]
[5, 6, 124, 130]
[5, 6, 126, 131]
[5, 6, 128, 134]
[5, 6, 129, 135]
[5, 6, 132, 133]
[5, 6, 136, 137]
[5, 6, 138, 143]
[5, 6, 139, 145]
[5, 6, 140, 141]
[5, 6, 142, 146]
[5, 6, 144, 149]
[5, 7, 9, 17]
[5, 7, 12, 20]
[5, 7, 13, 15]
[5, 7, 16, 18]
[5, 7, 19, 24]
[5, 7, 21, 27]
[5, 7, 22, 26]
[5, 7, 23, 29]
[5, 7, 25, 32]
[5, 7, 28, 34]
[5, 7, 30, 31]
[5, 7, 33, 39]
[5, 7, 35, 41]
[5, 7, 36, 40]
[5, 7, 37, 44]
[5, 7, 38, 42]
[5, 7, 43, 48]
[5, 7, 45, 52]
[5, 7, 46, 50]
[5, 7, 47, 53]
[5, 7, 49, 55]
[5, 7, 51, 56]
[5, 7, 54, 60]
[5, 7, 57, 64]
[5, 7, 58, 65]
[5, 7, 59, 66]
[5, 7, 61, 67]
[5, 7, 62, 70]
[5, 7, 63, 68]
[5, 7, 69, 75]
[5, 7, 71, 76]
[5, 7, 72, 73]
[5, 7, 74, 80]
[5, 7, 77, 81]
[5, 7, 78, 85]
[5, 7, 79, 86]
[5, 7, 82, 87]
[5, 7, 83, 88]
[5, 7, 84, 89]
[5, 7, 90, 93]
[5, 7, 91, 96]
[5, 7, 92, 99]
[5, 7, 94, 98]
[5, 7, 95, 100]
[5, 7, 97, 103]
[5, 7, 101, 105]
[5, 7, 102, 108]
[5, 7, 104, 111]
[5, 7, 106, 113]
[5, 7, 107, 112]
[5, 7, 109, 115]
[5, 7, 110, 114]
[5, 7, 116, 122]
[5, 7, 117, 123]
[5, 7, 118, 124]
[5, 7, 119, 125]
[5, 7, 120, 121]
[5, 7, 126, 133]
[5, 7, 127, 134]
[5, 7, 128, 129]
[5, 7, 130, 135]
[5, 7, 131, 136]
[5, 7, 132, 137]
[5, 7, 138, 141]
[5, 7, 139, 144]
[5, 7, 140, 146]
[5, 7, 142, 148]
[5, 7, 143, 149]
[5, 7, 145, 150]
[5, 8, 8, 8]
[5, 8, 9, 15]
[5, 8, 10, 12]
[5, 8, 13, 17]
[5, 8, 14, 20]
[5, 8, 16, 23]
[5, 8, 18, 21]
[5, 8, 19, 25]
[5, 8, 22, 28]
[5, 8, 24, 31]
[5, 8, 26, 27]
[5, 8, 29, 35]
[5, 8, 30, 33]
[5, 8, 32, 40]
[5, 8, 34, 37]
[5, 8, 36, 43]
[5, 8, 38, 39]
[5, 8, 41, 45]
[5, 8, 42, 49]
[5, 8, 44, 51]
[5, 8, 46, 53]
[5, 8, 47, 48]
[5, 8, 50, 57]
[5, 8, 52, 58]
[5, 8, 54, 59]
[5, 8, 55, 56]
[5, 8, 60, 61]
[5, 8, 62, 67]
[5, 8, 63, 64]
[5, 8, 65, 69]
[5, 8, 66, 71]
[5, 8, 68, 73]
[5, 8, 70, 75]
[5, 8, 72, 80]
[5, 8, 74, 81]
[5, 8, 76, 79]
[5, 8, 77, 82]
[5, 8, 78, 83]
[5, 8, 84, 91]
[5, 8, 85, 90]
[5, 8, 86, 92]
[5, 8, 87, 88]
[5, 8, 89, 93]
[5, 8, 94, 99]
[5, 8, 95, 101]
[5, 8, 96, 97]
[5, 8, 98, 103]
[5, 8, 100, 107]
[5, 8, 102, 106]
[5, 8, 104, 112]
[5, 8, 105, 113]
[5, 8, 108, 116]
[5, 8, 109, 114]
[5, 8, 110, 117]
[5, 8, 111, 118]
[5, 8, 115, 120]
[5, 8, 119, 124]
[5, 8, 121, 127]
[5, 8, 122, 128]
[5, 8, 123, 131]
[5, 8, 125, 129]
[5, 8, 126, 130]
[5, 8, 132, 139]
[5, 8, 133, 138]
[5, 8, 134, 140]
[5, 8, 135, 136]
[5, 8, 137, 141]
[5, 8, 142, 147]
[5, 8, 143, 148]
[5, 8, 144, 145]
[5, 9, 16, 21]
[5, 9, 18, 27]
[5, 9, 19, 20]
[5, 9, 22, 25]
[5, 9, 23, 24]
[5, 9, 26, 32]
[5, 9, 28, 30]
[5, 9, 29, 37]
[5, 9, 31, 38]
[5, 9, 33, 35]
[5, 9, 34, 42]
[5, 9, 36, 41]
[5, 9, 39, 40]
[5, 9, 43, 44]
[5, 9, 45, 46]
[5, 9, 47, 56]
[5, 9, 48, 50]
[5, 9, 49, 58]
[5, 9, 51, 52]
[5, 9, 53, 57]
[5, 9, 54, 62]
[5, 9, 55, 63]
[5, 9, 59, 64]
[5, 9, 60, 67]
[5, 9, 61, 68]
[5, 9, 65, 70]
[5, 9, 66, 69]
[5, 9, 71, 78]
[5, 9, 72, 74]
[5, 9, 73, 81]
[5, 9, 75, 76]
[5, 9, 77, 84]
[5, 9, 79, 80]
[5, 9, 82, 85]
[5, 9, 83, 90]
[5, 9, 86, 93]
[5, 9, 87, 94]
[5, 9, 88, 96]
[5, 9, 89, 91]
[5, 9, 92, 100]
[5, 9, 95, 102]
[5, 9, 97, 98]
[5, 9, 99, 105]
[5, 9, 101, 108]
[5, 9, 103, 104]
[5, 9, 106, 109]
[5, 9, 107, 115]
[5, 9, 110, 116]
[5, 9, 111, 112]
[5, 9, 113, 117]
[5, 9, 114, 121]
[5, 9, 118, 126]
[5, 9, 119, 120]
[5, 9, 122, 127]
[5, 9, 123, 124]
[5, 9, 125, 130]
[5, 9, 128, 133]
[5, 9, 129, 136]
[5, 9, 131, 139]
[5, 9, 132, 134]
[5, 9, 135, 141]
[5, 9, 137, 142]
[5, 9, 138, 145]
[5, 9, 140, 148]
[5, 9, 143, 144]
[5, 10, 11, 11]
[5, 10, 13, 19]
[5, 10, 16, 20]
[5, 10, 17, 23]
[5, 10, 18, 28]
[5, 10, 21, 29]
[5, 10, 22, 30]
[5, 10, 24, 33]
[5, 10, 25, 26]
[5, 10, 27, 32]
[5, 10, 31, 39]
[5, 10, 34, 41]
[5, 10, 35, 42]
[5, 10, 36, 38]
[5, 10, 37, 43]
[5, 10, 40, 47]
[5, 10, 44, 53]
[5, 10, 45, 54]
[5, 10, 46, 55]
[5, 10, 48, 58]
[5, 10, 49, 56]
[5, 10, 50, 59]
[5, 10, 51, 60]
[5, 10, 52, 61]
[5, 10, 57, 65]
[5, 10, 62, 71]
[5, 10, 63, 66]
[5, 10, 64, 67]
[5, 10, 68, 69]
[5, 10, 70, 74]
[5, 10, 72, 79]
[5, 10, 73, 78]
[5, 10, 75, 83]
[5, 10, 76, 85]
[5, 10, 77, 86]
[5, 10, 80, 81]
[5, 10, 82, 89]
[5, 10, 84, 92]
[5, 10, 87, 90]
[5, 10, 88, 91]
[5, 10, 93, 94]
[5, 10, 95, 96]
[5, 10, 97, 102]
[5, 10, 98, 106]
[5, 10, 99, 100]
[5, 10, 101, 109]
[5, 10, 103, 108]
[5, 10, 104, 105]
[5, 10, 107, 111]
[5, 10, 110, 115]
[5, 10, 112, 120]
[5, 10, 113, 121]
[5, 10, 114, 122]
[5, 10, 116, 123]
[5, 10, 117, 119]
[5, 10, 118, 125]
[5, 10, 124, 126]
[5, 10, 127, 128]
[5, 10, 129, 130]
[5, 10, 131, 138]
[5, 10, 132, 140]
[5, 10, 133, 134]
[5, 10, 135, 143]
[5, 10, 136, 139]
[5, 10, 137, 145]
[5, 10, 141, 142]
[5, 10, 144, 146]
[5, 10, 147, 148]
[6, 6, 6, 10]
[6, 6, 7, 11]
[6, 6, 8, 16]
[6, 6, 12, 14]
[6, 6, 13, 17]
[6, 6, 15, 18]
[6, 6, 19, 21]
[6, 6, 20, 22]
[6, 6, 23, 25]
[6, 6, 24, 26]
[6, 6, 27, 29]
[6, 6, 28, 34]
[6, 6, 30, 32]
[6, 6, 31, 33]
[6, 6, 35, 42]
[6, 6, 36, 38]
[6, 6, 37, 39]
[6, 6, 40, 43]
[6, 6, 41, 44]
[6, 6, 45, 48]
[6, 6, 46, 50]
[6, 6, 47, 51]
[6, 6, 49, 52]
[6, 6, 53, 55]
[6, 6, 54, 59]
[6, 6, 56, 58]
[6, 6, 57, 61]
[6, 6, 60, 62]
[6, 6, 63, 65]
[6, 6, 64, 67]
[6, 6, 66, 68]
[6, 6, 69, 75]
[6, 6, 70, 72]
[6, 6, 71, 78]
[6, 6, 73, 79]
[6, 6, 74, 80]
[6, 6, 76, 81]
[6, 6, 77, 84]
[6, 6, 82, 83]
[6, 6, 85, 87]
[6, 6, 86, 90]
[6, 6, 88, 91]
[6, 6, 89, 92]
[6, 6, 93, 99]
[6, 6, 94, 95]
[6, 6, 96, 98]
[6, 6, 97, 103]
[6, 6, 100, 105]
[6, 6, 101, 108]
[6, 6, 102, 106]
[6, 6, 104, 107]
[6, 6, 109, 111]
[6, 6, 110, 114]
[6, 6, 112, 115]
[6, 6, 113, 116]
[6, 6, 117, 123]
[6, 6, 118, 119]
[6, 6, 120, 122]
[6, 6, 121, 127]
[6, 6, 124, 129]
[6, 6, 125, 132]
[6, 6, 126, 130]
[6, 6, 128, 131]
[6, 6, 133, 135]
[6, 6, 134, 138]
[6, 6, 136, 139]
[6, 6, 137, 140]
[6, 6, 141, 147]
[6, 6, 142, 143]
[6, 6, 144, 146]
[6, 7, 8, 9]
[6, 7, 12, 21]
[6, 7, 13, 16]
[6, 7, 15, 22]
[6, 7, 17, 24]
[6, 7, 18, 25]
[6, 7, 19, 26]
[6, 7, 20, 27]
[6, 7, 23, 30]
[6, 7, 28, 29]
[6, 7, 31, 38]
[6, 7, 32, 39]
[6, 7, 33, 40]
[6, 7, 34, 41]
[6, 7, 35, 43]
[6, 7, 36, 44]
[6, 7, 37, 45]
[6, 7, 42, 48]
[6, 7, 46, 49]
[6, 7, 47, 52]
[6, 7, 50, 56]
[6, 7, 51, 58]
[6, 7, 53, 54]
[6, 7, 55, 57]
[6, 7, 59, 65]
[6, 7, 60, 67]
[6, 7, 61, 62]
[6, 7, 63, 70]
[6, 7, 64, 71]
[6, 7, 66, 73]
[6, 7, 68, 75]
[6, 7, 69, 76]
[6, 7, 72, 79]
[6, 7, 74, 81]
[6, 7, 77, 78]
[6, 7, 80, 83]
[6, 7, 82, 89]
[6, 7, 84, 87]
[6, 7, 85, 88]
[6, 7, 86, 93]
[6, 7, 90, 91]
[6, 7, 92, 95]
[6, 7, 94, 97]
[6, 7, 96, 99]
[6, 7, 98, 104]
[6, 7, 100, 107]
[6, 7, 101, 102]
[6, 7, 103, 105]
[6, 7, 106, 114]
[6, 7, 108, 111]
[6, 7, 109, 112]
[6, 7, 110, 117]
[6, 7, 113, 120]
[6, 7, 115, 122]
[6, 7, 116, 119]
[6, 7, 118, 121]
[6, 7, 123, 128]
[6, 7, 124, 131]
[6, 7, 125, 126]
[6, 7, 127, 129]
[6, 7, 130, 137]
[6, 7, 132, 135]
[6, 7, 133, 136]
[6, 7, 134, 141]
[6, 7, 138, 139]
[6, 7, 140, 143]
[6, 7, 142, 145]
[6, 7, 144, 147]
[6, 7, 149, 150]
[6, 8, 10, 19]
[6, 8, 11, 17]
[6, 8, 12, 18]
[6, 8, 20, 23]
[6, 8, 21, 29]
[6, 8, 22, 30]
[6, 8, 24, 32]
[6, 8, 25, 26]
[6, 8, 27, 28]
[6, 8, 31, 39]
[6, 8, 33, 35]
[6, 8, 34, 42]
[6, 8, 36, 45]
[6, 8, 37, 38]
[6, 8, 40, 48]
[6, 8, 41, 49]
[6, 8, 43, 44]
[6, 8, 46, 54]
[6, 8, 47, 53]
[6, 8, 50, 58]
[6, 8, 51, 57]
[6, 8, 52, 60]
[6, 8, 55, 62]
[6, 8, 56, 63]
[6, 8, 59, 67]
[6, 8, 61, 69]
[6, 8, 64, 72]
[6, 8, 65, 71]
[6, 8, 66, 70]
[6, 8, 68, 76]
[6, 8, 73, 75]
[6, 8, 74, 82]
[6, 8, 77, 79]
[6, 8, 78, 84]
[6, 8, 80, 86]
[6, 8, 81, 85]
[6, 8, 83, 90]
[6, 8, 87, 95]
[6, 8, 88, 96]
[6, 8, 89, 91]
[6, 8, 92, 94]
[6, 8, 93, 101]
[6, 8, 97, 99]
[6, 8, 98, 105]
[6, 8, 100, 108]
[6, 8, 102, 109]
[6, 8, 103, 112]
[6, 8, 104, 106]
[6, 8, 107, 113]
[6, 8, 110, 118]
[6, 8, 111, 117]
[6, 8, 114, 122]
[6, 8, 115, 116]
[6, 8, 119, 120]
[6, 8, 121, 123]
[6, 8, 124, 132]
[6, 8, 125, 127]
[6, 8, 126, 134]
[6, 8, 128, 130]
[6, 8, 129, 131]
[6, 8, 133, 140]
[6, 8, 135, 143]
[6, 8, 136, 142]
[6, 8, 137, 139]
[6, 8, 138, 144]
[6, 8, 141, 148]
[6, 8, 145, 147]
[6, 9, 9, 10]
[6, 9, 11, 19]
[6, 9, 13, 13]
[6, 9, 14, 16]
[6, 9, 15, 17]
[6, 9, 18, 18]
[6, 9, 20, 21]
[6, 9, 22, 23]
[6, 9, 24, 33]
[6, 9, 25, 31]
[6, 9, 26, 27]
[6, 9, 28, 36]
[6, 9, 29, 32]
[6, 9, 30, 34]
[6, 9, 35, 37]
[6, 9, 38, 40]
[6, 9, 39, 41]
[6, 9, 42, 44]
[6, 9, 43, 52]
[6, 9, 45, 53]
[6, 9, 46, 48]
[6, 9, 47, 49]
[6, 9, 50, 59]
[6, 9, 51, 60]
[6, 9, 54, 56]
[6, 9, 55, 64]
[6, 9, 57, 65]
[6, 9, 58, 66]
[6, 9, 61, 70]
[6, 9, 62, 63]
[6, 9, 67, 68]
[6, 9, 69, 77]
[6, 9, 71, 73]
[6, 9, 72, 81]
[6, 9, 74, 76]
[6, 9, 75, 84]
[6, 9, 78, 80]
[6, 9, 79, 86]
[6, 9, 82, 88]
[6, 9, 83, 85]
[6, 9, 87, 89]
[6, 9, 90, 92]
[6, 9, 91, 99]
[6, 9, 93, 102]
[6, 9, 94, 96]
[6, 9, 95, 97]
[6, 9, 98, 100]
[6, 9, 101, 109]
[6, 9, 103, 111]
[6, 9, 104, 112]
[6, 9, 105, 114]
[6, 9, 106, 107]
[6, 9, 108, 116]
[6, 9, 110, 119]
[6, 9, 113, 121]
[6, 9, 115, 123]
[6, 9, 117, 125]
[6, 9, 118, 120]
[6, 9, 122, 124]
[6, 9, 126, 128]
[6, 9, 127, 134]
[6, 9, 129, 133]
[6, 9, 130, 131]
[6, 9, 132, 138]
[6, 9, 135, 137]
[6, 9, 136, 143]
[6, 9, 139, 140]
[6, 9, 141, 149]
[6, 9, 142, 144]
[6, 9, 146, 148]
[6, 10, 10, 10]
[6, 10, 11, 18]
[6, 10, 12, 20]
[6, 10, 13, 14]
[6, 10, 15, 15]
[6, 10, 17, 17]
[6, 10, 21, 21]
[6, 10, 22, 22]
[6, 10, 23, 23]
[6, 10, 24, 24]
[6, 10, 25, 25]
[6, 10, 26, 26]
[6, 10, 27, 27]
[6, 10, 28, 28]
[6, 10, 29, 29]
[6, 10, 30, 30]
[6, 10, 31, 31]
[6, 10, 32, 32]
[6, 10, 33, 33]
[6, 10, 34, 34]
[6, 10, 35, 35]
[6, 10, 36, 36]
[6, 10, 37, 37]
[6, 10, 38, 38]
[6, 10, 39, 39]
[6, 10, 40, 40]
[6, 10, 41, 41]
[6, 10, 42, 42]
[6, 10, 43, 43]
[6, 10, 44, 44]
[6, 10, 45, 45]
[6, 10, 46, 46]
[6, 10, 47, 47]
[6, 10, 48, 48]
[6, 10, 49, 49]
[6, 10, 50, 50]
[6, 10, 51, 51]
[6, 10, 52, 52]
[6, 10, 53, 53]
[6, 10, 54, 54]
[6, 10, 55, 55]
[6, 10, 56, 56]
[6, 10, 57, 57]
[6, 10, 58, 58]
[6, 10, 59, 59]
[6, 10, 60, 60]
[6, 10, 61, 61]
[6, 10, 62, 62]
[6, 10, 63, 63]
[6, 10, 64, 64]
[6, 10, 65, 65]
[6, 10, 66, 66]
[6, 10, 67, 67]
[6, 10, 68, 68]
[6, 10, 69, 69]
[6, 10, 70, 70]
[6, 10, 71, 71]
[6, 10, 72, 72]
[6, 10, 73, 73]
[6, 10, 74, 74]
[6, 10, 75, 75]
[6, 10, 76, 76]
[6, 10, 77, 77]
[6, 10, 78, 78]
[6, 10, 79, 79]
[6, 10, 80, 80]
[6, 10, 81, 81]
[6, 10, 82, 82]
[6, 10, 83, 83]
[6, 10, 84, 84]
[6, 10, 85, 85]
[6, 10, 86, 86]
[6, 10, 87, 87]
[6, 10, 88, 88]
[6, 10, 89, 89]
[6, 10, 90, 90]
[6, 10, 91, 91]
[6, 10, 92, 92]
[6, 10, 93, 93]
[6, 10, 94, 94]
[6, 10, 95, 95]
[6, 10, 96, 96]
[6, 10, 97, 97]
[6, 10, 98, 98]
[6, 10, 99, 99]
[6, 10, 100, 100]
[6, 10, 101, 101]
[6, 10, 102, 102]
[6, 10, 103, 103]
[6, 10, 104, 104]
[6, 10, 105, 105]
[6, 10, 106, 106]
[6, 10, 107, 107]
[6, 10, 108, 108]
[6, 10, 109, 109]
[6, 10, 110, 110]
[6, 10, 111, 111]
[6, 10, 112, 112]
[6, 10, 113, 113]
[6, 10, 114, 114]
[6, 10, 115, 115]
[6, 10, 116, 116]
[6, 10, 117, 117]
[6, 10, 118, 118]
[6, 10, 119, 119]
[6, 10, 120, 120]
[6, 10, 121, 121]
[6, 10, 122, 122]
[6, 10, 123, 123]
[6, 10, 124, 124]
[6, 10, 125, 125]
[6, 10, 126, 126]
[6, 10, 127, 127]
[6, 10, 128, 128]
[6, 10, 129, 129]
[6, 10, 130, 130]
[6, 10, 131, 131]
[6, 10, 132, 132]
[6, 10, 133, 133]
[6, 10, 134, 134]
[6, 10, 135, 135]
[6, 10, 136, 136]
[6, 10, 137, 137]
[6, 10, 138, 138]
[6, 10, 139, 139]
[6, 10, 140, 140]
[6, 10, 141, 141]
[6, 10, 142, 142]
[6, 10, 143, 143]
[6, 10, 144, 144]
[6, 10, 145, 145]
[6, 10, 146, 146]
[6, 10, 147, 147]
[6, 10, 148, 148]
[6, 10, 149, 149]
[6, 10, 150, 150]
[7, 7, 7, 12]
[7, 7, 8, 10]
[7, 7, 9, 11]
[7, 7, 13, 14]
[7, 7, 15, 16]
[7, 7, 17, 19]
[7, 7, 18, 21]
[7, 7, 20, 25]
[7, 7, 22, 24]
[7, 7, 23, 28]
[7, 7, 26, 30]
[7, 7, 27, 29]
[7, 7, 31, 36]
[7, 7, 32, 38]
[7, 7, 33, 41]
[7, 7, 34, 37]
[7, 7, 35, 39]
[7, 7, 40, 44]
[7, 7, 42, 49]
[7, 7, 43, 45]
[7, 7, 46, 51]
[7, 7, 47, 48]
[7, 7, 50, 52]
[7, 7, 53, 56]
[7, 7, 54, 57]
[7, 7, 55, 61]
[7, 7, 58, 63]
[7, 7, 59, 60]
[7, 7, 62, 64]
[7, 7, 65, 70]
[7, 7, 66, 74]
[7, 7, 67, 71]
[7, 7, 68, 72]
[7, 7, 69, 77]
[7, 7, 73, 78]
[7, 7, 75, 79]
[7, 7, 76, 81]
[7, 7, 80, 84]
[7, 7, 82, 85]
[7, 7, 83, 89]
[7, 7, 86, 91]
[7, 7, 87, 90]
[7, 7, 88, 92]
[7, 7, 93, 96]
[7, 7, 94, 99]
[7, 7, 95, 97]
[7, 7, 98, 100]
[7, 7, 101, 107]
[7, 7, 102, 104]
[7, 7, 103, 109]
[7, 7, 105, 110]
[7, 7, 106, 111]
[7, 7, 108, 112]
[7, 7, 113, 118]
[7, 7, 114, 122]
[7, 7, 115, 117]
[7, 7, 116, 120]
[7, 7, 119, 121]
[7, 7, 123, 126]
[7, 7, 124, 128]
[7, 7, 125, 131]
[7, 7, 127, 133]
[7, 7, 129, 134]
[7, 7, 130, 138]
[7, 7, 132, 136]
[7, 7, 135, 140]
[7, 7, 137, 142]
[7, 7, 139, 141]
[7, 7, 143, 145]
[7, 7, 144, 149]
[7, 7, 146, 148]
[7, 7, 147, 150]
[7, 8, 11, 18]
[7, 8, 13, 20]
[7, 8, 15, 21]
[7, 8, 16, 19]
[7, 8, 17, 25]
[7, 8, 22, 23]
[7, 8, 24, 27]
[7, 8, 26, 32]
[7, 8, 28, 35]
[7, 8, 29, 36]
[7, 8, 30, 38]
[7, 8, 31, 34]
[7, 8, 33, 42]
[7, 8, 37, 40]
[7, 8, 39, 46]
[7, 8, 41, 47]
[7, 8, 43, 51]
[7, 8, 44, 48]
[7, 8, 45, 50]
[7, 8, 49, 56]
[7, 8, 52, 61]
[7, 8, 53, 57]
[7, 8, 54, 62]
[7, 8, 55, 58]
[7, 8, 59, 68]
[7, 8, 60, 63]
[7, 8, 64, 67]
[7, 8, 65, 73]
[7, 8, 66, 75]
[7, 8, 69, 72]
[7, 8, 70, 71]
[7, 8, 74, 78]
[7, 8, 76, 82]
[7, 8, 77, 80]
[7, 8, 79, 87]
[7, 8, 81, 88]
[7, 8, 83, 84]
[7, 8, 85, 92]
[7, 8, 86, 94]
[7, 8, 89, 96]
[7, 8, 90, 97]
[7, 8, 91, 98]
[7, 8, 93, 100]
[7, 8, 95, 102]
[7, 8, 99, 106]
[7, 8, 101, 109]
[7, 8, 103, 104]
[7, 8, 105, 114]
[7, 8, 107, 108]
[7, 8, 110, 116]
[7, 8, 111, 119]
[7, 8, 112, 120]
[7, 8, 113, 117]
[7, 8, 115, 118]
[7, 8, 121, 124]
[7, 8, 122, 123]
[7, 8, 125, 130]
[7, 8, 126, 135]
[7, 8, 127, 128]
[7, 8, 129, 133]
[7, 8, 131, 132]
[7, 8, 134, 142]
[7, 8, 136, 143]
[7, 8, 137, 144]
[7, 8, 138, 146]
[7, 8, 139, 145]
[7, 8, 140, 147]
[7, 8, 141, 149]
[7, 9, 9, 12]
[7, 9, 10, 18]
[7, 9, 14, 23]
[7, 9, 19, 22]
[7, 9, 20, 28]
[7, 9, 21, 29]
[7, 9, 24, 32]
[7, 9, 25, 34]
[7, 9, 26, 33]
[7, 9, 27, 31]
[7, 9, 30, 35]
[7, 9, 36, 37]
[7, 9, 38, 43]
[7, 9, 39, 42]
[7, 9, 40, 41]
[7, 9, 44, 47]
[7, 9, 45, 49]
[7, 9, 46, 52]
[7, 9, 48, 57]
[7, 9, 50, 51]
[7, 9, 53, 62]
[7, 9, 54, 55]
[7, 9, 56, 64]
[7, 9, 58, 60]
[7, 9, 59, 67]
[7, 9, 61, 71]
[7, 9, 63, 72]
[7, 9, 65, 69]
[7, 9, 66, 68]
[7, 9, 70, 74]
[7, 9, 73, 76]
[7, 9, 75, 78]
[7, 9, 77, 82]
[7, 9, 79, 88]
[7, 9, 80, 81]
[7, 9, 83, 91]
[7, 9, 84, 85]
[7, 9, 86, 95]
[7, 9, 87, 93]
[7, 9, 89, 94]
[7, 9, 90, 98]
[7, 9, 92, 96]
[7, 9, 97, 100]
[7, 9, 99, 102]
[7, 9, 101, 110]
[7, 9, 103, 106]
[7, 9, 104, 105]
[7, 9, 107, 116]
[7, 9, 108, 117]
[7, 9, 109, 118]
[7, 9, 111, 114]
[7, 9, 112, 113]
[7, 9, 115, 120]
[7, 9, 119, 124]
[7, 9, 121, 129]
[7, 9, 122, 128]
[7, 9, 123, 130]
[7, 9, 125, 132]
[7, 9, 126, 127]
[7, 9, 131, 140]
[7, 9, 133, 139]
[7, 9, 134, 136]
[7, 9, 135, 138]
[7, 9, 137, 141]
[7, 9, 142, 146]
[7, 9, 143, 148]
[7, 9, 144, 145]
[7, 10, 10, 16]
[7, 10, 11, 13]
[7, 10, 17, 20]
[7, 10, 19, 21]
[7, 10, 22, 25]
[7, 10, 23, 26]
[7, 10, 24, 28]
[7, 10, 27, 30]
[7, 10, 29, 33]
[7, 10, 31, 40]
[7, 10, 32, 37]
[7, 10, 34, 35]
[7, 10, 36, 42]
[7, 10, 38, 39]
[7, 10, 41, 48]
[7, 10, 43, 46]
[7, 10, 44, 50]
[7, 10, 45, 51]
[7, 10, 47, 54]
[7, 10, 49, 57]
[7, 10, 52, 60]
[7, 10, 53, 61]
[7, 10, 55, 63]
[7, 10, 56, 66]
[7, 10, 58, 64]
[7, 10, 59, 62]
[7, 10, 65, 72]
[7, 10, 67, 69]
[7, 10, 68, 76]
[7, 10, 70, 73]
[7, 10, 71, 74]
[7, 10, 75, 82]
[7, 10, 77, 83]
[7, 10, 78, 86]
[7, 10, 79, 85]
[7, 10, 80, 88]
[7, 10, 81, 89]
[7, 10, 84, 93]
[7, 10, 87, 91]
[7, 10, 90, 95]
[7, 10, 92, 101]
[7, 10, 94, 102]
[7, 10, 96, 97]
[7, 10, 98, 107]
[7, 10, 99, 103]
[7, 10, 100, 109]
[7, 10, 104, 113]
[7, 10, 105, 112]
[7, 10, 106, 110]
[7, 10, 108, 116]
[7, 10, 111, 115]
[7, 10, 114, 117]
[7, 10, 118, 122]
[7, 10, 119, 126]
[7, 10, 120, 125]
[7, 10, 121, 128]
[7, 10, 123, 127]
[7, 10, 124, 129]
[7, 10, 130, 133]
[7, 10, 131, 134]
[7, 10, 132, 139]
[7, 10, 135, 137]
[7, 10, 136, 141]
[7, 10, 138, 143]
[7, 10, 140, 144]
[7, 10, 142, 149]
[8, 8, 9, 14]
[8, 8, 10, 13]
[8, 8, 11, 19]
[8, 8, 12, 20]
[8, 8, 15, 18]
[8, 8, 16, 22]
[8, 8, 17, 26]
[8, 8, 21, 24]
[8, 8, 23, 28]
[8, 8, 25, 31]
[8, 8, 27, 30]
[8, 8, 29, 32]
[8, 8, 33, 40]
[8, 8, 34, 36]
[8, 8, 35, 42]
[8, 8, 37, 41]
[8, 8, 38, 43]
[8, 8, 39, 45]
[8, 8, 44, 50]
[8, 8, 46, 48]
[8, 8, 47, 51]
[8, 8, 49, 54]
[8, 8, 52, 56]
[8, 8, 53, 55]
[8, 8, 57, 59]
[8, 8, 58, 61]
[8, 8, 60, 62]
[8, 8, 63, 66]
[8, 8, 64, 69]
[8, 8, 65, 70]
[8, 8, 67, 73]
[8, 8, 68, 77]
[8, 8, 71, 74]
[8, 8, 72, 81]
[8, 8, 75, 78]
[8, 8, 76, 83]
[8, 8, 79, 82]
[8, 8, 80, 87]
[8, 8, 84, 86]
[8, 8, 85, 91]
[8, 8, 88, 95]
[8, 8, 89, 94]
[8, 8, 90, 92]
[8, 8, 93, 96]
[8, 8, 97, 103]
[8, 8, 98, 99]
[8, 8, 100, 104]
[8, 8, 101, 105]
[8, 8, 102, 110]
[8, 8, 106, 108]
[8, 8, 107, 114]
[8, 8, 109, 116]
[8, 8, 111, 120]
[8, 8, 112, 115]
[8, 8, 113, 118]
[8, 8, 117, 123]
[8, 8, 119, 126]
[8, 8, 121, 125]
[8, 8, 122, 129]
[8, 8, 124, 128]
[8, 8, 127, 130]
[8, 8, 131, 134]
[8, 8, 132, 133]
[8, 8, 135, 138]
[8, 8, 136, 139]
[8, 8, 137, 142]
[8, 8, 140, 146]
[8, 8, 141, 143]
[8, 8, 145, 149]
[8, 8, 147, 150]
[8, 9, 10, 20]
[8, 9, 11, 21]
[8, 9, 12, 16]
[8, 9, 17, 27]
[8, 9, 18, 28]
[8, 9, 19, 29]
[8, 9, 22, 26]
[8, 9, 23, 30]
[8, 9, 24, 25]
[8, 9, 31, 32]
[8, 9, 33, 41]
[8, 9, 34, 44]
[8, 9, 35, 43]
[8, 9, 36, 39]
[8, 9, 37, 46]
[8, 9, 38, 45]
[8, 9, 40, 49]
[8, 9, 42, 50]
[8, 9, 47, 57]
[8, 9, 48, 58]
[8, 9, 51, 54]
[8, 9, 52, 53]
[8, 9, 55, 59]
[8, 9, 56, 65]
[8, 9, 60, 68]
[8, 9, 61, 72]
[8, 9, 62, 64]
[8, 9, 63, 73]
[8, 9, 66, 76]
[8, 9, 67, 75]
[8, 9, 69, 71]
[8, 9, 70, 78]
[8, 9, 74, 83]
[8, 9, 77, 85]
[8, 9, 79, 89]
[8, 9, 80, 90]
[8, 9, 81, 87]
[8, 9, 82, 84]
[8, 9, 86, 88]
[8, 9, 91, 92]
[8, 9, 93, 95]
[8, 9, 94, 102]
[8, 9, 96, 104]
[8, 9, 97, 105]
[8, 9, 98, 106]
[8, 9, 99, 107]
[8, 9, 100, 101]
[8, 9, 103, 113]
[8, 9, 108, 111]
[8, 9, 109, 117]
[8, 9, 110, 112]
[8, 9, 114, 116]
[8, 9, 115, 121]
[8, 9, 118, 127]
[8, 9, 119, 128]
[8, 9, 120, 129]
[8, 9, 122, 130]
[8, 9, 123, 126]
[8, 9, 124, 125]
[8, 9, 131, 141]
[8, 9, 132, 135]
[8, 9, 133, 142]
[8, 9, 134, 143]
[8, 9, 136, 137]
[8, 9, 138, 140]
[8, 9, 139, 148]
[8, 10, 11, 22]
[8, 10, 14, 17]
[8, 10, 15, 25]
[8, 10, 18, 29]
[8, 10, 21, 30]
[8, 10, 23, 24]
[8, 10, 26, 28]
[8, 10, 27, 35]
[8, 10, 31, 33]
[8, 10, 32, 41]
[8, 10, 34, 43]
[8, 10, 36, 46]
[8, 10, 37, 44]
[8, 10, 38, 40]
[8, 10, 39, 42]
[8, 10, 45, 52]
[8, 10, 47, 49]
[8, 10, 48, 59]
[8, 10, 50, 60]
[8, 10, 51, 53]
[8, 10, 54, 56]
[8, 10, 55, 57]
[8, 10, 58, 66]
[8, 10, 61, 65]
[8, 10, 62, 68]
[8, 10, 63, 72]
[8, 10, 64, 74]
[8, 10, 67, 76]
[8, 10, 69, 77]
[8, 10, 70, 79]
[8, 10, 71, 73]
[8, 10, 75, 84]
[8, 10, 78, 80]
[8, 10, 81, 90]
[8, 10, 82, 85]
[8, 10, 83, 88]
[8, 10, 86, 89]
[8, 10, 87, 97]
[8, 10, 91, 100]
[8, 10, 92, 99]
[8, 10, 93, 102]
[8, 10, 94, 103]
[8, 10, 95, 104]
[8, 10, 96, 101]
[8, 10, 98, 108]
[8, 10, 105, 109]
[8, 10, 106, 112]
[8, 10, 107, 115]
[8, 10, 110, 120]
[8, 10, 111, 113]
[8, 10, 114, 118]
[8, 10, 116, 125]
[8, 10, 117, 124]
[8, 10, 119, 121]
[8, 10, 122, 126]
[8, 10, 123, 133]
[8, 10, 127, 132]
[8, 10, 128, 134]
[8, 10, 129, 137]
[8, 10, 130, 135]
[8, 10, 131, 136]
[8, 10, 138, 145]
[8, 10, 139, 140]
[8, 10, 141, 150]
[8, 10, 142, 144]
[8, 10, 146, 148]
[9, 9, 9, 15]
[9, 9, 11, 17]
[9, 9, 13, 14]
[9, 9, 16, 22]
[9, 9, 18, 20]
[9, 9, 19, 24]
[9, 9, 21, 23]
[9, 9, 25, 27]
[9, 9, 26, 34]
[9, 9, 28, 33]
[9, 9, 29, 35]
[9, 9, 30, 36]
[9, 9, 31, 39]
[9, 9, 32, 40]
[9, 9, 37, 38]
[9, 9, 41, 44]
[9, 9, 42, 47]
[9, 9, 43, 45]
[9, 9, 46, 50]
[9, 9, 48, 59]
[9, 9, 49, 51]
[9, 9, 52, 57]
[9, 9, 53, 56]
[9, 9, 54, 58]
[9, 9, 55, 61]
[9, 9, 60, 63]
[9, 9, 62, 66]
[9, 9, 64, 69]
[9, 9, 65, 71]
[9, 9, 67, 73]
[9, 9, 68, 72]
[9, 9, 70, 77]
[9, 9, 74, 79]
[9, 9, 75, 85]
[9, 9, 76, 78]
[9, 9, 80, 82]
[9, 9, 81, 89]
[9, 9, 83, 86]
[9, 9, 84, 91]
[9, 9, 87, 95]
[9, 9, 88, 92]
[9, 9, 90, 96]
[9, 9, 93, 97]
[9, 9, 94, 98]
[9, 9, 99, 104]
[9, 9, 100, 107]
[9, 9, 101, 111]
[9, 9, 102, 105]
[9, 9, 103, 112]
[9, 9, 106, 108]
[9, 9, 109, 110]
[9, 9, 113, 120]
[9, 9, 114, 118]
[9, 9, 115, 117]
[9, 9, 116, 122]
[9, 9, 119, 121]
[9, 9, 123, 129]
[9, 9, 124, 131]
[9, 9, 125, 133]
[9, 9, 126, 134]
[9, 9, 127, 130]
[9, 9, 128, 132]
[9, 9, 135, 140]
[9, 9, 136, 142]
[9, 9, 137, 144]
[9, 9, 138, 146]
[9, 9, 139, 141]
[9, 9, 143, 145]
[9, 9, 147, 148]
[9, 10, 10, 14]
[9, 10, 12, 19]
[9, 10, 13, 16]
[9, 10, 15, 23]
[9, 10, 21, 24]
[9, 10, 22, 31]
[9, 10, 25, 28]
[9, 10, 26, 35]
[9, 10, 27, 29]
[9, 10, 30, 39]
[9, 10, 32, 36]
[9, 10, 33, 42]
[9, 10, 34, 38]
[9, 10, 37, 45]
[9, 10, 40, 44]
[9, 10, 41, 46]
[9, 10, 43, 47]
[9, 10, 48, 49]
[9, 10, 50, 53]
[9, 10, 51, 56]
[9, 10, 52, 62]
[9, 10, 54, 57]
[9, 10, 55, 58]
[9, 10, 59, 61]
[9, 10, 60, 69]
[9, 10, 63, 74]
[9, 10, 64, 72]
[9, 10, 65, 73]
[9, 10, 66, 75]
[9, 10, 67, 70]
[9, 10, 68, 78]
[9, 10, 71, 80]
[9, 10, 76, 77]
[9, 10, 79, 81]
[9, 10, 82, 91]
[9, 10, 83, 92]
[9, 10, 84, 87]
[9, 10, 85, 93]
[9, 10, 86, 94]
[9, 10, 88, 97]
[9, 10, 89, 90]
[9, 10, 95, 105]
[9, 10, 96, 99]
[9, 10, 98, 109]
[9, 10, 100, 110]
[9, 10, 101, 104]
[9, 10, 102, 107]
[9, 10, 103, 114]
[9, 10, 106, 115]
[9, 10, 108, 118]
[9, 10, 111, 116]
[9, 10, 112, 121]
[9, 10, 113, 122]
[9, 10, 117, 126]
[9, 10, 119, 127]
[9, 10, 120, 123]
[9, 10, 124, 132]
[9, 10, 125, 128]
[9, 10, 129, 138]
[9, 10, 130, 134]
[9, 10, 131, 133]
[9, 10, 135, 145]
[9, 10, 136, 146]
[9, 10, 137, 140]
[9, 10, 139, 142]
[9, 10, 141, 144]
[9, 10, 143, 147]
[9, 10, 148, 149]
[10, 10, 11, 17]
[10, 10, 12, 21]
[10, 10, 13, 18]
[10, 10, 15, 19]
[10, 10, 20, 26]
[10, 10, 22, 27]
[10, 10, 23, 32]
[10, 10, 24, 29]
[10, 10, 25, 31]
[10, 10, 28, 33]
[10, 10, 30, 34]
[10, 10, 35, 38]
[10, 10, 36, 39]
[10, 10, 37, 46]
[10, 10, 40, 49]
[10, 10, 41, 44]
[10, 10, 42, 48]
[10, 10, 43, 45]
[10, 10, 47, 50]
[10, 10, 51, 58]
[10, 10, 52, 53]
[10, 10, 54, 59]
[10, 10, 55, 64]
[10, 10, 56, 65]
[10, 10, 57, 63]
[10, 10, 60, 67]
[10, 10, 61, 68]
[10, 10, 62, 70]
[10, 10, 66, 69]
[10, 10, 71, 79]
[10, 10, 72, 74]
[10, 10, 73, 77]
[10, 10, 75, 85]
[10, 10, 76, 78]
[10, 10, 80, 82]
[10, 10, 81, 91]
[10, 10, 83, 90]
[10, 10, 84, 86]
[10, 10, 87, 92]
[10, 10, 88, 93]
[10, 10, 89, 97]
[10, 10, 94, 96]
[10, 10, 95, 102]
[10, 10, 98, 110]
[10, 10, 99, 109]
[10, 10, 100, 111]
[10, 10, 101, 106]
[10, 10, 103, 105]
[10, 10, 104, 107]
[10, 10, 108, 112]
[10, 10, 113, 116]
[10, 10, 114, 119]
[10, 10, 115, 117]
[10, 10, 118, 123]
[10, 10, 120, 129]
[10, 10, 121, 125]
[10, 10, 122, 132]
[10, 10, 124, 133]
[10, 10, 126, 131]
[10, 10, 127, 130]
[10, 10, 128, 135]
[10, 10, 134, 136]
[10, 10, 137, 141]
[10, 10, 138, 144]
[10, 10, 139, 146]
[10, 10, 140, 148]
[10, 10, 142, 147]
