[0, 0, 0]
[0, 1, 2]
[0, 3, 5]
[0, 4, 7]
[0, 6, 10]
[0, 8, 13]
[0, 9, 15]
[0, 11, 18]
[0, 12, 20]
[0, 14, 23]
[0, 16, 26]
[0, 17, 28]
[0, 19, 31]
[0, 21, 34]
[0, 22, 36]
[0, 24, 39]
[0, 25, 41]
[0, 27, 44]
[0, 29, 47]
[0, 30, 49]
[0, 32, 52]
[0, 33, 54]
[0, 35, 57]
[0, 37, 60]
[0, 38, 62]
[0, 40, 65]
[0, 42, 68]
[0, 43, 70]
[0, 45, 73]
[0, 46, 75]
[0, 48, 78]
[0, 50, 81]
[0, 51, 83]
[0, 53, 86]
[0, 55, 89]
[0, 56, 91]
[0, 58, 94]
[0, 59, 96]
[0, 61, 99]
[1, 1, 3]
[1, 4, 4]
[1, 5, 5]
[1, 6, 6]
[1, 7, 7]
[1, 8, 8]
[1, 9, 9]
[1, 10, 10]
[1, 11, 11]
[1, 12, 12]
[1, 13, 13]
[1, 14, 14]
[1, 15, 15]
[1, 16, 16]
[1, 17, 17]
[1, 18, 18]
[1, 19, 19]
[1, 20, 20]
[1, 21, 21]
[1, 22, 22]
[1, 23, 23]
[1, 24, 24]
[1, 25, 25]
[1, 26, 26]
[1, 27, 27]
[1, 28, 28]
[1, 29, 29]
[1, 30, 30]
[1, 31, 31]
[1, 32, 32]
[1, 33, 33]
[1, 34, 34]
[1, 35, 35]
[1, 36, 36]
[1, 37, 37]
[1, 38, 38]
[1, 39, 39]
[1, 40, 40]
[1, 41, 41]
[1, 42, 42]
[1, 43, 43]
[1, 44, 44]
[1, 45, 45]
[1, 46, 46]
[1, 47, 47]
[1, 48, 48]
[1, 49, 49]
[1, 50, 50]
[1, 51, 51]
[1, 52, 52]
[1, 53, 53]
[1, 54, 54]
[1, 55, 55]
[1, 56, 56]
[1, 57, 57]
[1, 58, 58]
[1, 59, 59]
[1, 60, 60]
[1, 61, 61]
[1, 62, 62]
[1, 63, 63]
[1, 64, 64]
[1, 65, 65]
[1, 66, 66]
[1, 67, 67]
[1, 68, 68]
[1, 69, 69]
[1, 70, 70]
[1, 71, 71]
[1, 72, 72]
[1, 73, 73]
[1, 74, 74]
[1, 75, 75]
[1, 76, 76]
[1, 77, 77]
[1, 78, 78]
[1, 79, 79]
[1, 80, 80]
[1, 81, 81]
[1, 82, 82]
[1, 83, 83]
[1, 84, 84]
[1, 85, 85]
[1, 86, 86]
[1, 87, 87]
[1, 88, 88]
[1, 89, 89]
[1, 90, 90]
[1, 91, 91]
[1, 92, 92]
[1, 93, 93]
[1, 94, 94]
[1, 95, 95]
[1, 96, 96]
[1, 97, 97]
[1, 98, 98]
[1, 99, 99]
[1, 100, 100]
[2, 2, 3]
[2, 4, 5]
[2, 6, 7]
[2, 8, 9]
[2, 10, 11]
[2, 12, 13]
[2, 14, 15]
[2, 16, 17]
[2, 18, 19]
[2, 20, 21]
[2, 22, 23]
[2, 24, 25]
[2, 26, 27]
[2, 28, 29]
[2, 30, 31]
[2, 32, 33]
[2, 34, 35]
[2, 36, 37]
[2, 38, 39]
[2, 40, 41]
[2, 42, 43]
[2, 44, 45]
[2, 46, 47]
[2, 48, 49]
[2, 50, 51]
[2, 52, 53]
[2, 54, 55]
[2, 56, 57]
[2, 58, 59]
[2, 60, 61]
[2, 62, 63]
[2, 64, 65]
[2, 66, 67]
[2, 68, 69]
[2, 70, 71]
[2, 72, 73]
[2, 74, 75]
[2, 76, 77]
[2, 78, 79]
[2, 80, 81]
[2, 82, 83]
[2, 84, 85]
[2, 86, 87]
[2, 88, 89]
[2, 90, 91]
[2, 92, 93]
[2, 94, 95]
[2, 96, 97]
[2, 98, 99]
[3, 3, 6]
[3, 4, 8]
[3, 7, 9]
[3, 10, 12]
[3, 11, 13]
[3, 14, 16]
[3, 15, 17]
[3, 18, 20]
[3, 19, 21]
[3, 22, 24]
[3, 23, 25]
[3, 26, 28]
[3, 27, 29]
[3, 30, 32]
[3, 31, 33]
[3, 34, 36]
[3, 35, 37]
[3, 38, 40]
[3, 39, 41]
[3, 42, 44]
[3, 43, 45]
[3, 46, 48]
[3, 47, 49]
[3, 50, 52]
[3, 51, 53]
[3, 54, 56]
[3, 55, 57]
[3, 58, 60]
[3, 59, 61]
[3, 62, 64]
[3, 63, 65]
[3, 66, 68]
[3, 67, 69]
[3, 70, 72]
[3, 71, 73]
[3, 74, 76]
[3, 75, 77]
[3, 78, 80]
[3, 79, 81]
[3, 82, 84]
[3, 83, 85]
[3, 86, 88]
[3, 87, 89]
[3, 90, 92]
[3, 91, 93]
[3, 94, 96]
[3, 95, 97]
[3, 98, 100]
[4, 6, 9]
[4, 10, 13]
[4, 11, 12]
[4, 14, 17]
[4, 15, 16]
[4, 18, 21]
[4, 19, 20]
[4, 22, 25]
[4, 23, 24]
[4, 26, 29]
[4, 27, 28]
[4, 30, 33]
[4, 31, 32]
[4, 34, 37]
[4, 35, 36]
[4, 38, 41]
[4, 39, 40]
[4, 42, 45]
[4, 43, 44]
[4, 46, 49]
[4, 47, 48]
[4, 50, 53]
[4, 51, 52]
[4, 54, 57]
[4, 55, 56]
[4, 58, 61]
[4, 59, 60]
[4, 62, 65]
[4, 63, 64]
[4, 66, 69]
[4, 67, 68]
[4, 70, 73]
[4, 71, 72]
[4, 74, 77]
[4, 75, 76]
[4, 78, 81]
[4, 79, 80]
[4, 82, 85]
[4, 83, 84]
[4, 86, 89]
[4, 87, 88]
[4, 90, 93]
[4, 91, 92]
[4, 94, 97]
[4, 95, 96]
[4, 99, 100]
[5, 6, 8]
[5, 7, 11]
[5, 9, 13]
[5, 10, 14]
[5, 12, 15]
[5, 16, 19]
[5, 17, 20]
[5, 18, 22]
[5, 21, 24]
[5, 23, 27]
[5, 25, 28]
[5, 26, 30]
[5, 29, 32]
[5, 31, 35]
[5, 33, 36]
[5, 34, 38]
[5, 37, 40]
[5, 39, 43]
[5, 41, 44]
[5, 42, 46]
[5, 45, 48]
[5, 47, 51]
[5, 49, 52]
[5, 50, 54]
[5, 53, 56]
[5, 55, 59]
[5, 57, 60]
[5, 58, 62]
[5, 61, 64]
[5, 63, 67]
[5, 65, 68]
[5, 66, 70]
[5, 69, 72]
[5, 71, 75]
[5, 73, 76]
[5, 74, 78]
[5, 77, 80]
[5, 79, 83]
[5, 81, 84]
[5, 82, 86]
[5, 85, 88]
[5, 87, 91]
[5, 89, 92]
[5, 90, 94]
[5, 93, 96]
[5, 95, 99]
[5, 97, 100]
[6, 11, 14]
[6, 12, 17]
[6, 13, 18]
[6, 15, 19]
[6, 16, 20]
[6, 21, 25]
[6, 22, 26]
[6, 23, 28]
[6, 24, 29]
[6, 27, 30]
[6, 31, 34]
[6, 32, 37]
[6, 33, 38]
[6, 35, 40]
[6, 36, 41]
[6, 39, 42]
[6, 43, 46]
[6, 44, 48]
[6, 45, 49]
[6, 47, 50]
[6, 51, 54]
[6, 52, 56]
[6, 53, 57]
[6, 55, 58]
[6, 59, 62]
[6, 60, 64]
[6, 61, 65]
[6, 63, 66]
[6, 67, 70]
[6, 68, 72]
[6, 69, 73]
[6, 71, 74]
[6, 75, 78]
[6, 76, 80]
[6, 77, 81]
[6, 79, 82]
[6, 83, 86]
[6, 84, 88]
[6, 85, 89]
[6, 87, 90]
[6, 91, 94]
[6, 92, 96]
[6, 93, 97]
[6, 95, 98]
[7, 8, 14]
[7, 10, 15]
[7, 12, 18]
[7, 13, 19]
[7, 16, 21]
[7, 17, 22]
[7, 20, 23]
[7, 24, 26]
[7, 25, 27]
[7, 28, 30]
[7, 29, 31]
[7, 32, 34]
[7, 33, 35]
[7, 36, 38]
[7, 37, 39]
[7, 40, 42]
[7, 41, 43]
[7, 44, 46]
[7, 45, 47]
[7, 48, 50]
[7, 49, 51]
[7, 52, 54]
[7, 53, 55]
[7, 56, 58]
[7, 57, 59]
[7, 60, 62]
[7, 61, 63]
[7, 64, 66]
[7, 65, 67]
[7, 68, 70]
[7, 69, 71]
[7, 72, 74]
[7, 73, 75]
[7, 76, 78]
[7, 77, 79]
[7, 80, 82]
[7, 81, 83]
[7, 84, 86]
[7, 85, 87]
[7, 88, 90]
[7, 89, 91]
[7, 92, 94]
[7, 93, 95]
[7, 96, 98]
[7, 97, 99]
[8, 10, 16]
[8, 11, 15]
[8, 12, 19]
[8, 17, 18]
[8, 20, 24]
[8, 21, 22]
[8, 23, 26]
[8, 25, 29]
[8, 27, 31]
[8, 28, 32]
[8, 30, 34]
[8, 33, 37]
[8, 35, 38]
[8, 36, 40]
[8, 39, 44]
[8, 41, 42]
[8, 43, 47]
[8, 45, 46]
[8, 48, 52]
[8, 49, 50]
[8, 51, 55]
[8, 53, 54]
[8, 56, 60]
[8, 57, 58]
[8, 59, 63]
[8, 61, 62]
[8, 64, 68]
[8, 65, 66]
[8, 67, 71]
[8, 69, 70]
[8, 72, 76]
[8, 73, 74]
[8, 75, 79]
[8, 77, 78]
[8, 80, 84]
[8, 81, 82]
[8, 83, 87]
[8, 85, 86]
[8, 88, 92]
[8, 89, 90]
[8, 91, 95]
[8, 93, 94]
[8, 96, 100]
[8, 97, 98]
[9, 10, 17]
[9, 11, 16]
[9, 12, 21]
[9, 14, 19]
[9, 18, 25]
[9, 20, 26]
[9, 22, 27]
[9, 23, 29]
[9, 24, 30]
[9, 28, 31]
[9, 32, 35]
[9, 33, 39]
[9, 34, 40]
[9, 36, 42]
[9, 37, 43]
[9, 38, 44]
[9, 41, 45]
[9, 46, 51]
[9, 47, 52]
[9, 48, 53]
[9, 49, 54]
[9, 50, 55]
[9, 56, 59]
[9, 57, 62]
[9, 58, 63]
[9, 60, 65]
[9, 61, 66]
[9, 64, 67]
[9, 68, 71]
[9, 69, 74]
[9, 70, 75]
[9, 72, 77]
[9, 73, 78]
[9, 76, 79]
[9, 80, 83]
[9, 81, 86]
[9, 82, 87]
[9, 84, 89]
[9, 85, 90]
[9, 88, 91]
[9, 92, 95]
[9, 93, 98]
[9, 94, 99]
[10, 18, 24]
[10, 19, 22]
[10, 20, 27]
[10, 21, 26]
[10, 23, 30]
[10, 25, 32]
[10, 28, 34]
[10, 29, 35]
[10, 31, 36]
[10, 33, 40]
[10, 37, 41]
[10, 38, 43]
[10, 39, 46]
[10, 42, 47]
[10, 44, 49]
[10, 45, 50]
[10, 48, 54]
[10, 51, 57]
[10, 52, 58]
[10, 53, 59]
[10, 55, 60]
[10, 56, 61]
[10, 62, 66]
[10, 63, 68]
[10, 64, 69]
[10, 65, 70]
[10, 67, 72]
[10, 71, 77]
[10, 73, 79]
[10, 74, 80]
[10, 75, 81]
[10, 76, 82]
[10, 78, 83]
[10, 84, 90]
[10, 85, 91]
[10, 86, 92]
[10, 87, 93]
[10, 88, 94]
[10, 89, 95]
[11, 17, 19]
[11, 20, 22]
[11, 21, 23]
[11, 24, 32]
[11, 25, 30]
[11, 26, 31]
[11, 27, 33]
[11, 28, 35]
[11, 29, 36]
[11, 34, 39]
[11, 37, 44]
[11, 38, 45]
[11, 40, 43]
[11, 41, 47]
[11, 42, 48]
[11, 46, 52]
[11, 49, 56]
[11, 50, 57]
[11, 51, 58]
[11, 53, 60]
[11, 54, 59]
[11, 55, 61]
[11, 62, 68]
[11, 63, 69]
[11, 64, 70]
[11, 65, 71]
[11, 66, 72]
[11, 67, 73]
[11, 74, 81]
[11, 75, 82]
[11, 76, 83]
[11, 77, 84]
[11, 78, 85]
[11, 79, 86]
[11, 80, 87]
[11, 88, 93]
[11, 89, 94]
[11, 90, 95]
[11, 91, 96]
[11, 92, 97]
[12, 14, 22]
[12, 16, 24]
[12, 23, 31]
[12, 25, 34]
[12, 26, 33]
[12, 27, 35]
[12, 28, 36]
[12, 29, 30]
[12, 32, 38]
[12, 37, 42]
[12, 39, 47]
[12, 40, 48]
[12, 41, 49]
[12, 43, 50]
[12, 44, 51]
[12, 45, 52]
[12, 46, 53]
[12, 54, 62]
[12, 55, 63]
[12, 56, 64]
[12, 57, 65]
[12, 58, 66]
[12, 59, 67]
[12, 60, 68]
[12, 61, 69]
[12, 70, 76]
[12, 71, 78]
[12, 72, 79]
[12, 73, 80]
[12, 74, 82]
[12, 75, 83]
[12, 77, 85]
[12, 81, 87]
[12, 84, 91]
[12, 86, 93]
[12, 88, 95]
[12, 89, 96]
[12, 90, 97]
[12, 92, 98]
[12, 94, 100]
[13, 14, 24]
[13, 15, 22]
[13, 16, 23]
[13, 17, 26]
[13, 20, 28]
[13, 21, 29]
[13, 25, 31]
[13, 27, 37]
[13, 30, 36]
[13, 32, 39]
[13, 33, 41]
[13, 34, 42]
[13, 35, 43]
[13, 38, 46]
[13, 40, 49]
[13, 44, 47]
[13, 45, 51]
[13, 48, 55]
[13, 50, 56]
[13, 52, 60]
[13, 53, 61]
[13, 54, 58]
[13, 57, 64]
[13, 59, 65]
[13, 62, 69]
[13, 63, 70]
[13, 66, 73]
[13, 67, 74]
[13, 68, 75]
[13, 71, 76]
[13, 72, 78]
[13, 77, 86]
[13, 79, 84]
[13, 80, 85]
[13, 81, 89]
[13, 82, 90]
[13, 83, 88]
[13, 87, 92]
[13, 91, 99]
[13, 93, 100]
[13, 94, 98]
[14, 18, 28]
[14, 20, 29]
[14, 21, 27]
[14, 25, 35]
[14, 26, 36]
[14, 30, 37]
[14, 31, 39]
[14, 32, 40]
[14, 33, 42]
[14, 34, 41]
[14, 38, 47]
[14, 43, 52]
[14, 44, 53]
[14, 45, 54]
[14, 46, 55]
[14, 48, 56]
[14, 49, 57]
[14, 50, 58]
[14, 51, 59]
[14, 60, 67]
[14, 61, 68]
[14, 62, 71]
[14, 63, 72]
[14, 64, 73]
[14, 65, 74]
[14, 66, 75]
[14, 69, 77]
[14, 70, 78]
[14, 76, 81]
[14, 79, 88]
[14, 80, 89]
[14, 82, 91]
[14, 83, 92]
[14, 84, 93]
[14, 85, 94]
[14, 86, 95]
[14, 87, 96]
[14, 90, 98]
[15, 18, 26]
[15, 20, 30]
[15, 21, 28]
[15, 23, 32]
[15, 24, 33]
[15, 25, 36]
[15, 27, 34]
[15, 29, 37]
[15, 31, 40]
[15, 35, 44]
[15, 38, 42]
[15, 39, 49]
[15, 41, 50]
[15, 43, 53]
[15, 45, 55]
[15, 46, 54]
[15, 47, 57]
[15, 48, 58]
[15, 51, 56]
[15, 52, 59]
[15, 60, 66]
[15, 61, 70]
[15, 62, 67]
[15, 63, 73]
[15, 64, 74]
[15, 65, 75]
[15, 68, 76]
[15, 69, 78]
[15, 71, 80]
[15, 72, 81]
[15, 77, 83]
[15, 79, 87]
[15, 82, 88]
[15, 84, 94]
[15, 85, 92]
[15, 86, 91]
[15, 89, 97]
[15, 90, 99]
[16, 18, 27]
[16, 22, 30]
[16, 25, 33]
[16, 28, 37]
[16, 29, 39]
[16, 31, 41]
[16, 32, 43]
[16, 34, 44]
[16, 35, 45]
[16, 36, 46]
[16, 38, 48]
[16, 40, 47]
[16, 42, 50]
[16, 49, 53]
[16, 51, 60]
[16, 52, 61]
[16, 54, 63]
[16, 55, 64]
[16, 56, 62]
[16, 57, 66]
[16, 58, 67]
[16, 59, 68]
[16, 65, 69]
[16, 70, 80]
[16, 71, 81]
[16, 72, 82]
[16, 73, 77]
[16, 74, 83]
[16, 75, 84]
[16, 76, 85]
[16, 78, 87]
[16, 79, 89]
[16, 86, 94]
[16, 88, 96]
[16, 90, 100]
[16, 91, 98]
[17, 21, 32]
[17, 23, 33]
[17, 24, 31]
[17, 25, 37]
[17, 27, 36]
[17, 29, 34]
[17, 30, 41]
[17, 35, 46]
[17, 38, 49]
[17, 39, 45]
[17, 40, 50]
[17, 42, 51]
[17, 43, 54]
[17, 44, 55]
[17, 47, 58]
[17, 48, 59]
[17, 52, 62]
[17, 53, 63]
[17, 56, 66]
[17, 57, 67]
[17, 60, 70]
[17, 61, 71]
[17, 64, 75]
[17, 65, 72]
[17, 68, 78]
[17, 69, 76]
[17, 73, 84]
[17, 74, 85]
[17, 77, 87]
[17, 79, 90]
[17, 80, 91]
[17, 81, 92]
[17, 82, 93]
[17, 83, 94]
[17, 86, 97]
[17, 88, 98]
[17, 89, 99]
[18, 23, 34]
[18, 29, 33]
[18, 30, 42]
[18, 31, 37]
[18, 32, 36]
[18, 35, 47]
[18, 38, 50]
[18, 39, 48]
[18, 40, 45]
[18, 41, 52]
[18, 43, 55]
[18, 44, 54]
[18, 46, 57]
[18, 49, 59]
[18, 51, 62]
[18, 53, 64]
[18, 56, 67]
[18, 58, 69]
[18, 60, 71]
[18, 61, 72]
[18, 63, 74]
[18, 65, 77]
[18, 66, 78]
[18, 68, 73]
[18, 70, 81]
[18, 75, 85]
[18, 76, 84]
[18, 79, 91]
[18, 80, 90]
[18, 82, 92]
[18, 83, 93]
[18, 86, 96]
[18, 87, 99]
[18, 88, 100]
[19, 23, 35]
[19, 24, 36]
[19, 25, 38]
[19, 26, 37]
[19, 27, 40]
[19, 28, 39]
[19, 29, 41]
[19, 30, 43]
[19, 32, 44]
[19, 33, 45]
[19, 34, 46]
[19, 42, 54]
[19, 47, 56]
[19, 48, 60]
[19, 49, 61]
[19, 50, 62]
[19, 51, 63]
[19, 52, 57]
[19, 53, 65]
[19, 55, 66]
[19, 58, 64]
[19, 59, 71]
[19, 67, 78]
[19, 68, 74]
[19, 69, 75]
[19, 70, 77]
[19, 72, 83]
[19, 73, 81]
[19, 76, 88]
[19, 79, 85]
[19, 80, 93]
[19, 82, 94]
[19, 84, 96]
[19, 86, 98]
[19, 87, 100]
[19, 91, 97]
[19, 92, 99]
[20, 25, 39]
[20, 31, 42]
[20, 32, 45]
[20, 33, 46]
[20, 34, 47]
[20, 35, 48]
[20, 36, 49]
[20, 37, 50]
[20, 38, 51]
[20, 40, 53]
[20, 41, 55]
[20, 43, 56]
[20, 44, 52]
[20, 54, 60]
[20, 57, 68]
[20, 58, 70]
[20, 59, 72]
[20, 61, 73]
[20, 62, 74]
[20, 63, 75]
[20, 64, 76]
[20, 65, 78]
[20, 66, 77]
[20, 67, 80]
[20, 69, 81]
[20, 71, 79]
[20, 82, 89]
[20, 83, 96]
[20, 84, 97]
[20, 85, 98]
[20, 86, 99]
[20, 87, 95]
[21, 30, 40]
[21, 31, 44]
[21, 33, 47]
[21, 35, 49]
[21, 36, 45]
[21, 37, 51]
[21, 38, 52]
[21, 39, 53]
[21, 41, 46]
[21, 42, 57]
[21, 43, 58]
[21, 48, 61]
[21, 50, 60]
[21, 54, 66]
[21, 55, 65]
[21, 56, 68]
[21, 59, 69]
[21, 62, 70]
[21, 63, 76]
[21, 64, 71]
[21, 67, 77]
[21, 72, 75]
[21, 73, 83]
[21, 74, 84]
[21, 78, 86]
[21, 79, 92]
[21, 80, 88]
[21, 81, 85]
[21, 82, 96]
[21, 87, 97]
[21, 89, 93]
[22, 28, 40]
[22, 29, 38]
[22, 31, 43]
[22, 32, 42]
[22, 33, 48]
[22, 34, 45]
[22, 35, 50]
[22, 37, 52]
[22, 39, 54]
[22, 41, 56]
[22, 44, 57]
[22, 46, 58]
[22, 47, 60]
[22, 49, 63]
[22, 51, 64]
[22, 53, 66]
[22, 55, 68]
[22, 59, 73]
[22, 61, 75]
[22, 62, 76]
[22, 65, 79]
[22, 67, 81]
[22, 69, 83]
[22, 70, 84]
[22, 71, 82]
[22, 72, 80]
[22, 74, 86]
[22, 77, 88]
[22, 78, 90]
[22, 85, 99]
[22, 89, 98]
[23, 36, 50]
[23, 37, 48]
[23, 38, 54]
[23, 39, 51]
[23, 40, 56]
[23, 41, 53]
[23, 42, 55]
[23, 43, 57]
[23, 44, 60]
[23, 45, 61]
[23, 46, 62]
[23, 47, 63]
[23, 49, 64]
[23, 52, 66]
[23, 58, 71]
[23, 59, 74]
[23, 65, 80]
[23, 67, 76]
[23, 68, 77]
[23, 69, 82]
[23, 70, 79]
[23, 72, 85]
[23, 73, 86]
[23, 75, 88]
[23, 78, 91]
[23, 81, 93]
[23, 83, 95]
[23, 84, 92]
[24, 27, 38]
[24, 28, 41]
[24, 34, 48]
[24, 35, 51]
[24, 37, 53]
[24, 40, 55]
[24, 42, 58]
[24, 43, 59]
[24, 44, 61]
[24, 45, 57]
[24, 46, 63]
[24, 47, 62]
[24, 49, 60]
[24, 50, 64]
[24, 52, 65]
[24, 54, 67]
[24, 56, 69]
[24, 66, 71]
[24, 68, 79]
[24, 70, 82]
[24, 72, 87]
[24, 73, 88]
[24, 74, 89]
[24, 75, 86]
[24, 76, 90]
[24, 77, 91]
[24, 78, 92]
[24, 80, 94]
[24, 81, 95]
[24, 83, 97]
[24, 84, 98]
[24, 85, 96]
[25, 26, 40]
[25, 42, 52]
[25, 43, 60]
[25, 44, 58]
[25, 45, 56]
[25, 46, 64]
[25, 47, 54]
[25, 48, 57]
[25, 49, 62]
[25, 50, 65]
[25, 51, 67]
[25, 53, 68]
[25, 55, 69]
[25, 59, 70]
[25, 61, 74]
[25, 63, 71]
[25, 66, 76]
[25, 72, 88]
[25, 73, 89]
[25, 75, 87]
[25, 77, 92]
[25, 78, 93]
[25, 79, 94]
[25, 80, 95]
[25, 81, 96]
[25, 82, 97]
[25, 83, 90]
[25, 84, 99]
[25, 85, 100]
[26, 32, 46]
[26, 34, 49]
[26, 35, 52]
[26, 38, 53]
[26, 39, 56]
[26, 41, 58]
[26, 42, 59]
[26, 43, 61]
[26, 44, 62]
[26, 45, 63]
[26, 47, 64]
[26, 48, 66]
[26, 50, 67]
[26, 51, 65]
[26, 54, 68]
[26, 55, 70]
[26, 57, 71]
[26, 60, 69]
[26, 72, 86]
[26, 73, 90]
[26, 74, 87]
[26, 75, 89]
[26, 76, 92]
[26, 77, 93]
[26, 78, 94]
[26, 79, 95]
[26, 80, 96]
[26, 81, 97]
[26, 82, 98]
[26, 83, 99]
[26, 84, 100]
[27, 32, 41]
[27, 39, 55]
[27, 42, 53]
[27, 43, 48]
[27, 45, 60]
[27, 46, 65]
[27, 47, 66]
[27, 49, 58]
[27, 50, 68]
[27, 51, 69]
[27, 52, 70]
[27, 54, 64]
[27, 56, 72]
[27, 57, 61]
[27, 59, 75]
[27, 62, 77]
[27, 63, 79]
[27, 67, 82]
[27, 71, 84]
[27, 73, 91]
[27, 74, 92]
[27, 76, 93]
[27, 78, 95]
[27, 80, 97]
[27, 81, 94]
[27, 83, 100]
[27, 87, 98]
[28, 33, 49]
[28, 38, 55]
[28, 42, 60]
[28, 43, 62]
[28, 44, 63]
[28, 45, 64]
[28, 46, 66]
[28, 47, 67]
[28, 48, 68]
[28, 50, 61]
[28, 51, 70]
[28, 52, 71]
[28, 53, 72]
[28, 54, 73]
[28, 56, 74]
[28, 57, 76]
[28, 58, 65]
[28, 59, 77]
[28, 69, 80]
[28, 75, 90]
[28, 78, 89]
[28, 79, 93]
[28, 81, 99]
[28, 82, 100]
[29, 40, 52]
[29, 42, 61]
[29, 43, 63]
[29, 44, 64]
[29, 45, 65]
[29, 46, 67]
[29, 48, 69]
[29, 49, 70]
[29, 50, 71]
[29, 51, 72]
[29, 53, 58]
[29, 54, 74]
[29, 55, 73]
[29, 56, 75]
[29, 57, 77]
[29, 59, 76]
[29, 60, 79]
[29, 62, 78]
[29, 66, 81]
[29, 68, 80]
[29, 82, 95]
[29, 88, 99]
[30, 35, 53]
[30, 38, 56]
[30, 39, 52]
[30, 44, 59]
[30, 45, 66]
[30, 46, 68]
[30, 47, 69]
[30, 48, 67]
[30, 50, 72]
[30, 51, 61]
[30, 54, 65]
[30, 55, 62]
[30, 57, 73]
[30, 58, 74]
[30, 60, 75]
[30, 63, 77]
[30, 64, 78]
[30, 70, 83]
[30, 71, 85]
[30, 76, 91]
[30, 79, 97]
[30, 80, 98]
[30, 81, 100]
[30, 82, 99]
[30, 84, 95]
[30, 87, 94]
[31, 38, 57]
[31, 45, 62]
[31, 46, 60]
[31, 47, 65]
[31, 48, 51]
[31, 49, 71]
[31, 50, 73]
[31, 52, 72]
[31, 53, 75]
[31, 54, 76]
[31, 55, 77]
[31, 56, 78]
[31, 58, 79]
[31, 59, 66]
[31, 61, 81]
[31, 63, 80]
[31, 64, 82]
[31, 67, 84]
[31, 68, 85]
[31, 69, 86]
[31, 70, 87]
[31, 74, 90]
[31, 83, 91]
[31, 89, 100]
[32, 47, 70]
[32, 48, 64]
[32, 49, 66]
[32, 50, 59]
[32, 51, 68]
[32, 53, 76]
[32, 54, 77]
[32, 55, 72]
[32, 56, 79]
[32, 57, 74]
[32, 58, 75]
[32, 60, 81]
[32, 61, 78]
[32, 62, 80]
[32, 63, 83]
[32, 65, 73]
[32, 67, 85]
[32, 69, 87]
[32, 71, 86]
[32, 92, 100]
[33, 34, 43]
[33, 44, 65]
[33, 50, 70]
[33, 51, 74]
[33, 52, 63]
[33, 53, 69]
[33, 55, 67]
[33, 56, 76]
[33, 57, 78]
[33, 58, 68]
[33, 59, 79]
[33, 60, 72]
[33, 61, 80]
[33, 62, 73]
[33, 64, 81]
[33, 66, 83]
[33, 71, 87]
[33, 75, 91]
[33, 77, 82]
[33, 88, 97]
[33, 90, 96]
[34, 50, 74]
[34, 51, 75]
[34, 52, 73]
[34, 53, 77]
[34, 54, 69]
[34, 55, 79]
[34, 56, 80]
[34, 57, 63]
[34, 58, 72]
[34, 59, 82]
[34, 60, 83]
[34, 61, 76]
[34, 62, 84]
[34, 64, 85]
[34, 65, 81]
[34, 66, 87]
[34, 67, 86]
[34, 68, 88]
[34, 70, 89]
[34, 71, 90]
[34, 78, 96]
[35, 39, 58]
[35, 41, 59]
[35, 42, 56]
[35, 54, 79]
[35, 55, 78]
[35, 60, 84]
[35, 61, 67]
[35, 62, 82]
[35, 63, 86]
[35, 64, 87]
[35, 65, 88]
[35, 66, 89]
[35, 68, 83]
[35, 69, 85]
[35, 70, 90]
[35, 71, 91]
[35, 72, 92]
[35, 73, 93]
[35, 74, 94]
[35, 75, 95]
[35, 76, 96]
[35, 77, 97]
[35, 80, 99]
[35, 81, 98]
[36, 39, 57]
[36, 43, 64]
[36, 44, 66]
[36, 47, 61]
[36, 48, 65]
[36, 51, 73]
[36, 52, 75]
[36, 53, 62]
[36, 54, 78]
[36, 55, 81]
[36, 56, 82]
[36, 58, 77]
[36, 59, 80]
[36, 60, 85]
[36, 63, 87]
[36, 67, 88]
[36, 68, 86]
[36, 69, 89]
[36, 70, 91]
[36, 71, 92]
[36, 72, 84]
[36, 74, 93]
[36, 76, 94]
[36, 79, 96]
[36, 95, 100]
[37, 38, 58]
[37, 45, 59]
[37, 46, 61]
[37, 47, 55]
[37, 49, 67]
[37, 54, 80]
[37, 56, 83]
[37, 57, 75]
[37, 62, 87]
[37, 63, 84]
[37, 64, 86]
[37, 65, 82]
[37, 66, 88]
[37, 68, 90]
[37, 69, 91]
[37, 70, 92]
[37, 71, 89]
[37, 72, 95]
[37, 73, 94]
[37, 74, 96]
[37, 76, 97]
[37, 77, 98]
[37, 78, 99]
[37, 79, 100]
[38, 59, 78]
[38, 60, 80]
[38, 61, 84]
[38, 63, 89]
[38, 64, 77]
[38, 65, 83]
[38, 66, 90]
[38, 67, 87]
[38, 68, 92]
[38, 69, 93]
[38, 70, 85]
[38, 71, 94]
[38, 72, 91]
[38, 73, 97]
[38, 74, 88]
[38, 75, 96]
[38, 76, 98]
[39, 50, 69]
[39, 59, 83]
[39, 60, 82]
[39, 61, 86]
[39, 62, 88]
[39, 63, 90]
[39, 64, 91]
[39, 65, 87]
[39, 66, 92]
[39, 67, 79]
[39, 68, 89]
[39, 70, 74]
[39, 71, 95]
[39, 72, 96]
[39, 73, 98]
[39, 75, 93]
[39, 76, 100]
[39, 78, 97]
[40, 44, 67]
[40, 46, 69]
[40, 51, 71]
[40, 54, 70]
[40, 57, 80]
[40, 58, 83]
[40, 59, 64]
[40, 60, 87]
[40, 61, 88]
[40, 62, 89]
[40, 63, 91]
[40, 66, 93]
[40, 68, 94]
[40, 72, 97]
[40, 73, 82]
[40, 74, 98]
[40, 75, 92]
[40, 76, 99]
[40, 77, 90]
[40, 85, 95]
[41, 48, 63]
[41, 51, 66]
[41, 54, 72]
[41, 57, 82]
[41, 60, 88]
[41, 61, 89]
[41, 62, 90]
[41, 64, 93]
[41, 65, 85]
[41, 67, 91]
[41, 68, 95]
[41, 69, 94]
[41, 70, 96]
[41, 71, 97]
[41, 73, 87]
[41, 74, 99]
[41, 75, 98]
[42, 49, 65]
[42, 62, 91]
[42, 63, 88]
[42, 64, 90]
[42, 66, 94]
[42, 67, 95]
[42, 69, 92]
[42, 70, 97]
[42, 71, 96]
[42, 72, 99]
[42, 73, 100]
[42, 76, 89]
[42, 78, 82]
[42, 83, 98]
[43, 49, 68]
[43, 51, 76]
[43, 65, 93]
[43, 66, 74]
[43, 67, 96]
[43, 69, 95]
[43, 71, 99]
[43, 72, 100]
[43, 75, 94]
[43, 80, 92]
[44, 50, 75]
[44, 56, 77]
[44, 68, 98]
[44, 69, 90]
[44, 70, 95]
[44, 71, 100]
[44, 76, 87]
[44, 80, 86]
[44, 81, 91]
[45, 53, 70]
[45, 58, 78]
[45, 67, 97]
[45, 68, 82]
[45, 69, 100]
[45, 71, 83]
[45, 81, 88]
[45, 84, 87]
[45, 93, 99]
[46, 50, 76]
[46, 56, 81]
[46, 59, 84]
[46, 70, 94]
[47, 53, 73]
[47, 59, 81]
[47, 68, 97]
[47, 77, 99]
[48, 62, 81]
[48, 70, 99]
[48, 71, 98]
[48, 75, 100]
[49, 55, 76]
[49, 69, 99]
[50, 63, 85]
[50, 66, 95]
[50, 83, 89]
[51, 86, 100]
[52, 55, 74]
[52, 64, 83]
[52, 67, 92]
[52, 68, 96]
[52, 69, 97]
[53, 67, 89]
[53, 74, 100]
[53, 85, 93]
[53, 96, 99]
[54, 61, 83]
[54, 91, 100]
[56, 63, 92]
[56, 65, 84]
[56, 70, 93]
[57, 69, 96]
[57, 70, 98]
[57, 72, 90]
[58, 73, 99]
[60, 63, 78]
[60, 73, 96]
[60, 74, 95]
[62, 72, 93]
[62, 75, 99]
[64, 72, 98]
[69, 79, 98]
