[0, 0, 0, 0]
[0, 0, 1, 1]
[0, 0, 2, 2]
[0, 0, 3, 3]
[0, 0, 4, 4]
[0, 0, 5, 5]
[0, 0, 6, 6]
[0, 0, 7, 7]
[0, 0, 8, 8]
[0, 0, 9, 9]
[0, 0, 10, 10]
[0, 0, 11, 11]
[0, 0, 12, 12]
[0, 0, 13, 13]
[0, 0, 14, 14]
[0, 0, 15, 15]
[0, 0, 16, 16]
[0, 0, 17, 17]
[0, 0, 18, 18]
[0, 0, 19, 19]
[0, 0, 20, 20]
[0, 0, 21, 21]
[0, 0, 22, 22]
[0, 0, 23, 23]
[0, 0, 24, 24]
[0, 0, 25, 25]
[0, 1, 2, 3]
[0, 1, 4, 5]
[0, 1, 6, 7]
[0, 1, 8, 9]
[0, 1, 10, 11]
[0, 1, 12, 13]
[0, 1, 14, 15]
[0, 1, 16, 17]
[0, 1, 18, 19]
[0, 1, 20, 21]
[0, 1, 22, 23]
[0, 1, 24, 25]
[0, 2, 4, 6]
[0, 2, 5, 7]
[0, 2, 8, 10]
[0, 2, 9, 11]
[0, 2, 12, 14]
[0, 2, 13, 15]
[0, 2, 16, 18]
[0, 2, 17, 19]
[0, 2, 20, 22]
[0, 2, 21, 23]
[0, 3, 4, 7]
[0, 3, 5, 6]
[0, 3, 8, 11]
[0, 3, 9, 10]
[0, 3, 12, 15]
[0, 3, 13, 14]
[0, 3, 16, 19]
[0, 3, 17, 18]
[0, 3, 20, 23]
[0, 3, 21, 22]
[0, 4, 8, 12]
[0, 4, 9, 13]
[0, 4, 10, 14]
[0, 4, 11, 15]
[0, 4, 16, 20]
[0, 4, 17, 21]
[0, 4, 18, 22]
[0, 4, 19, 23]
[0, 5, 8, 13]
[0, 5, 9, 12]
[0, 5, 10, 15]
[0, 5, 11, 14]
[0, 5, 16, 21]
[0, 5, 17, 20]
[0, 5, 18, 23]
[0, 5, 19, 22]
[0, 6, 8, 14]
[0, 6, 9, 15]
[0, 6, 10, 12]
[0, 6, 11, 13]
[0, 6, 16, 22]
[0, 6, 17, 23]
[0, 6, 18, 20]
[0, 6, 19, 21]
[0, 7, 8, 15]
[0, 7, 9, 14]
[0, 7, 10, 13]
[0, 7, 11, 12]
[0, 7, 16, 23]
[0, 7, 17, 22]
[0, 7, 18, 21]
[0, 7, 19, 20]
[0, 8, 16, 24]
[0, 8, 17, 25]
[0, 9, 16, 25]
[0, 9, 17, 24]
[0, 10, 18, 24]
[0, 10, 19, 25]
[0, 11, 18, 25]
[0, 11, 19, 24]
[0, 12, 20, 24]
[0, 12, 21, 25]
[0, 13, 20, 25]
[0, 13, 21, 24]
[0, 14, 22, 24]
[0, 14, 23, 25]
[0, 15, 22, 25]
[0, 15, 23, 24]
[1, 1, 1, 3]
[1, 1, 2, 4]
[1, 1, 5, 7]
[1, 1, 6, 8]
[1, 1, 9, 11]
[1, 1, 10, 12]
[1, 1, 13, 15]
[1, 1, 14, 16]
[1, 1, 17, 19]
[1, 1, 18, 20]
[1, 1, 21, 23]
[1, 1, 22, 24]
[1, 2, 2, 2]
[1, 2, 5, 8]
[1, 2, 6, 6]
[1, 2, 7, 10]
[1, 2, 9, 12]
[1, 2, 11, 14]
[1, 2, 13, 16]
[1, 2, 15, 18]
[1, 2, 17, 20]
[1, 2, 19, 22]
[1, 2, 21, 24]
[1, 3, 3, 6]
[1, 3, 4, 4]
[1, 3, 5, 5]
[1, 3, 7, 11]
[1, 3, 8, 8]
[1, 3, 9, 9]
[1, 3, 10, 10]
[1, 3, 12, 12]
[1, 3, 13, 13]
[1, 3, 14, 14]
[1, 3, 15, 15]
[1, 3, 16, 16]
[1, 3, 17, 17]
[1, 3, 18, 18]
[1, 3, 19, 19]
[1, 3, 20, 20]
[1, 3, 21, 21]
[1, 3, 22, 22]
[1, 3, 23, 23]
[1, 3, 24, 24]
[1, 3, 25, 25]
[1, 4, 6, 9]
[1, 4, 7, 7]
[1, 4, 8, 11]
[1, 4, 10, 13]
[1, 4, 12, 15]
[1, 4, 14, 17]
[1, 4, 16, 19]
[1, 4, 18, 21]
[1, 4, 20, 23]
[1, 4, 22, 25]
[1, 5, 6, 10]
[1, 5, 9, 15]
[1, 5, 11, 13]
[1, 5, 12, 14]
[1, 5, 16, 18]
[1, 5, 17, 23]
[1, 5, 19, 21]
[1, 5, 20, 22]
[1, 6, 11, 12]
[1, 6, 13, 14]
[1, 6, 15, 16]
[1, 6, 17, 18]
[1, 6, 19, 20]
[1, 6, 21, 22]
[1, 6, 23, 24]
[1, 7, 8, 13]
[1, 7, 9, 17]
[1, 7, 12, 16]
[1, 7, 14, 18]
[1, 7, 15, 19]
[1, 7, 20, 24]
[1, 7, 21, 25]
[1, 8, 10, 16]
[1, 8, 12, 17]
[1, 8, 14, 19]
[1, 8, 15, 20]
[1, 8, 18, 24]
[1, 9, 10, 18]
[1, 9, 13, 20]
[1, 9, 14, 21]
[1, 9, 16, 22]
[1, 9, 19, 23]
[1, 10, 14, 22]
[1, 10, 15, 21]
[1, 10, 17, 24]
[1, 10, 20, 25]
[1, 11, 11, 15]
[1, 11, 16, 21]
[1, 11, 17, 25]
[1, 12, 18, 22]
[1, 13, 19, 25]
[1, 15, 17, 22]
[2, 2, 3, 6]
[2, 2, 4, 5]
[2, 2, 7, 11]
[2, 2, 8, 9]
[2, 2, 10, 14]
[2, 2, 12, 13]
[2, 2, 15, 19]
[2, 2, 16, 17]
[2, 2, 18, 22]
[2, 2, 20, 21]
[2, 2, 24, 25]
[2, 3, 3, 7]
[2, 3, 4, 8]
[2, 3, 5, 10]
[2, 3, 9, 14]
[2, 3, 11, 16]
[2, 3, 12, 17]
[2, 3, 13, 18]
[2, 3, 15, 20]
[2, 3, 19, 24]
[2, 4, 4, 4]
[2, 4, 7, 13]
[2, 4, 9, 15]
[2, 4, 10, 16]
[2, 4, 11, 12]
[2, 4, 14, 18]
[2, 4, 17, 22]
[2, 4, 19, 25]
[2, 5, 5, 6]
[2, 5, 9, 9]
[2, 5, 11, 11]
[2, 5, 12, 12]
[2, 5, 13, 13]
[2, 5, 14, 14]
[2, 5, 15, 15]
[2, 5, 16, 16]
[2, 5, 17, 17]
[2, 5, 18, 18]
[2, 5, 19, 19]
[2, 5, 20, 20]
[2, 5, 21, 21]
[2, 5, 22, 22]
[2, 5, 23, 23]
[2, 5, 24, 24]
[2, 5, 25, 25]
[2, 6, 7, 8]
[2, 6, 9, 10]
[2, 6, 11, 18]
[2, 6, 12, 19]
[2, 6, 13, 20]
[2, 6, 14, 21]
[2, 6, 15, 22]
[2, 6, 16, 23]
[2, 6, 17, 25]
[2, 7, 7, 12]
[2, 7, 9, 16]
[2, 7, 14, 17]
[2, 7, 15, 21]
[2, 7, 18, 20]
[2, 7, 19, 23]
[2, 7, 22, 24]
[2, 8, 8, 15]
[2, 8, 11, 13]
[2, 8, 12, 16]
[2, 8, 14, 22]
[2, 8, 17, 18]
[2, 8, 19, 20]
[2, 8, 23, 24]
[2, 9, 13, 19]
[2, 9, 18, 21]
[2, 9, 20, 25]
[2, 9, 22, 23]
[2, 10, 10, 18]
[2, 10, 11, 17]
[2, 10, 12, 15]
[2, 10, 13, 22]
[2, 10, 21, 25]
[2, 11, 15, 24]
[2, 11, 22, 25]
[2, 13, 14, 23]
[2, 13, 17, 24]
[2, 14, 15, 25]
[2, 14, 16, 20]
[2, 15, 17, 23]
[2, 16, 21, 22]
[3, 3, 3, 4]
[3, 3, 5, 11]
[3, 3, 8, 13]
[3, 3, 9, 15]
[3, 3, 10, 12]
[3, 3, 14, 16]
[3, 3, 17, 19]
[3, 3, 18, 20]
[3, 3, 21, 23]
[3, 3, 22, 24]
[3, 4, 5, 12]
[3, 4, 6, 6]
[3, 4, 9, 16]
[3, 4, 10, 11]
[3, 4, 13, 20]
[3, 4, 14, 15]
[3, 4, 17, 23]
[3, 4, 18, 19]
[3, 4, 24, 25]
[3, 5, 7, 15]
[3, 5, 8, 9]
[3, 5, 13, 17]
[3, 5, 14, 18]
[3, 5, 16, 20]
[3, 5, 19, 23]
[3, 5, 21, 25]
[3, 6, 7, 13]
[3, 6, 8, 10]
[3, 6, 9, 11]
[3, 6, 12, 14]
[3, 6, 15, 17]
[3, 6, 16, 18]
[3, 6, 21, 24]
[3, 6, 23, 25]
[3, 7, 7, 14]
[3, 7, 8, 16]
[3, 7, 9, 18]
[3, 7, 10, 19]
[3, 7, 12, 21]
[3, 7, 17, 20]
[3, 7, 23, 24]
[3, 8, 12, 19]
[3, 8, 14, 21]
[3, 8, 15, 24]
[3, 8, 18, 22]
[3, 8, 20, 25]
[3, 9, 12, 22]
[3, 9, 13, 21]
[3, 9, 17, 25]
[3, 10, 13, 24]
[3, 10, 14, 25]
[3, 10, 15, 18]
[3, 10, 17, 21]
[3, 11, 11, 13]
[3, 11, 12, 23]
[3, 11, 14, 17]
[3, 11, 15, 19]
[3, 11, 18, 21]
[3, 12, 13, 16]
[3, 13, 15, 22]
[3, 14, 22, 23]
[3, 16, 17, 22]
[3, 19, 20, 22]
[4, 4, 5, 11]
[4, 4, 6, 8]
[4, 4, 7, 9]
[4, 4, 10, 12]
[4, 4, 13, 19]
[4, 4, 14, 16]
[4, 4, 15, 20]
[4, 4, 17, 24]
[4, 4, 18, 25]
[4, 5, 5, 10]
[4, 5, 6, 14]
[4, 5, 7, 16]
[4, 5, 8, 15]
[4, 5, 9, 18]
[4, 5, 13, 22]
[4, 5, 17, 19]
[4, 5, 21, 23]
[4, 6, 7, 10]
[4, 6, 11, 16]
[4, 6, 12, 17]
[4, 6, 13, 21]
[4, 6, 15, 23]
[4, 6, 18, 24]
[4, 6, 20, 25]
[4, 7, 8, 8]
[4, 7, 11, 17]
[4, 7, 12, 12]
[4, 7, 14, 19]
[4, 7, 15, 22]
[4, 7, 20, 21]
[4, 8, 9, 20]
[4, 8, 10, 21]
[4, 8, 13, 23]
[4, 8, 14, 24]
[4, 8, 16, 16]
[4, 8, 17, 17]
[4, 8, 18, 18]
[4, 8, 19, 19]
[4, 8, 25, 25]
[4, 9, 9, 11]
[4, 9, 10, 17]
[4, 9, 12, 21]
[4, 9, 14, 23]
[4, 9, 19, 24]
[4, 9, 22, 22]
[4, 10, 10, 19]
[4, 10, 18, 20]
[4, 10, 22, 23]
[4, 10, 24, 24]
[4, 11, 11, 18]
[4, 11, 14, 20]
[4, 11, 22, 24]
[4, 11, 23, 23]
[4, 12, 13, 14]
[4, 12, 16, 18]
[4, 13, 13, 24]
[4, 13, 15, 18]
[4, 13, 16, 17]
[4, 14, 14, 22]
[4, 14, 21, 21]
[4, 15, 15, 21]
[4, 15, 17, 25]
[4, 16, 21, 25]
[5, 5, 5, 8]
[5, 5, 7, 17]
[5, 5, 9, 13]
[5, 5, 11, 18]
[5, 5, 12, 15]
[5, 5, 14, 21]
[5, 5, 16, 22]
[5, 5, 20, 23]
[5, 5, 24, 25]
[5, 6, 6, 16]
[5, 6, 7, 18]
[5, 6, 8, 12]
[5, 6, 9, 20]
[5, 6, 11, 17]
[5, 6, 13, 15]
[5, 6, 19, 24]
[5, 6, 22, 25]
[5, 7, 7, 8]
[5, 7, 9, 21]
[5, 7, 10, 10]
[5, 7, 11, 22]
[5, 7, 12, 20]
[5, 7, 13, 14]
[5, 8, 8, 8]
[5, 8, 10, 19]
[5, 8, 11, 16]
[5, 8, 14, 23]
[5, 8, 17, 21]
[5, 8, 22, 24]
[5, 9, 10, 23]
[5, 9, 11, 24]
[5, 9, 14, 17]
[5, 10, 11, 12]
[5, 10, 13, 20]
[5, 10, 16, 24]
[5, 10, 18, 22]
[5, 11, 15, 20]
[5, 12, 13, 23]
[5, 12, 17, 22]
[5, 12, 18, 21]
[5, 14, 15, 24]
[5, 14, 20, 25]
[5, 15, 17, 18]
[5, 15, 19, 25]
[5, 15, 22, 23]
[6, 6, 6, 11]
[6, 6, 7, 12]
[6, 6, 8, 15]
[6, 6, 9, 17]
[6, 6, 10, 19]
[6, 6, 13, 22]
[6, 6, 14, 23]
[6, 6, 18, 21]
[6, 7, 7, 9]
[6, 7, 11, 14]
[6, 7, 15, 15]
[6, 7, 16, 16]
[6, 7, 17, 17]
[6, 7, 20, 20]
[6, 7, 21, 21]
[6, 7, 22, 22]
[6, 7, 24, 24]
[6, 7, 25, 25]
[6, 8, 8, 17]
[6, 8, 9, 21]
[6, 8, 11, 24]
[6, 8, 13, 25]
[6, 8, 16, 19]
[6, 9, 9, 12]
[6, 9, 13, 23]
[6, 9, 14, 25]
[6, 10, 10, 10]
[6, 10, 11, 11]
[6, 10, 14, 14]
[6, 10, 15, 20]
[6, 10, 16, 17]
[6, 12, 12, 22]
[6, 12, 18, 18]
[6, 12, 20, 21]
[6, 14, 17, 24]
[6, 14, 19, 19]
[6, 15, 24, 25]
[6, 16, 20, 24]
[6, 17, 19, 22]
[6, 18, 22, 23]
[7, 7, 7, 15]
[7, 7, 10, 21]
[7, 7, 11, 16]
[7, 7, 13, 25]
[7, 7, 19, 24]
[7, 7, 20, 23]
[7, 8, 9, 23]
[7, 8, 10, 24]
[7, 8, 11, 11]
[7, 8, 14, 20]
[7, 8, 17, 19]
[7, 9, 9, 19]
[7, 9, 10, 11]
[7, 9, 15, 25]
[7, 10, 12, 23]
[7, 10, 14, 15]
[7, 10, 16, 20]
[7, 11, 13, 13]
[7, 11, 15, 23]
[7, 11, 18, 18]
[7, 11, 19, 25]
[7, 12, 13, 19]
[7, 13, 15, 20]
[7, 13, 16, 21]
[7, 13, 18, 24]
[7, 14, 14, 14]
[7, 14, 21, 22]
[7, 15, 17, 24]
[7, 17, 18, 25]
[7, 17, 23, 23]
[7, 18, 19, 22]
[7, 19, 19, 21]
[8, 8, 9, 13]
[8, 8, 10, 23]
[8, 8, 11, 14]
[8, 8, 12, 22]
[8, 8, 24, 25]
[8, 9, 9, 15]
[8, 9, 10, 10]
[8, 9, 11, 17]
[8, 9, 12, 14]
[8, 10, 13, 18]
[8, 10, 14, 17]
[8, 10, 22, 25]
[8, 11, 12, 21]
[8, 11, 18, 20]
[8, 11, 22, 23]
[8, 12, 12, 13]
[8, 12, 15, 25]
[8, 12, 20, 23]
[8, 13, 13, 17]
[8, 13, 14, 16]
[8, 13, 20, 20]
[8, 13, 22, 22]
[8, 13, 24, 24]
[8, 15, 16, 21]
[8, 15, 19, 23]
[8, 18, 23, 23]
[8, 21, 21, 24]
[8, 21, 23, 25]
[9, 9, 9, 13]
[9, 9, 14, 20]
[9, 9, 16, 17]
[9, 9, 18, 22]
[9, 9, 21, 25]
[9, 10, 12, 13]
[9, 10, 15, 15]
[9, 10, 16, 16]
[9, 10, 20, 24]
[9, 10, 21, 21]
[9, 11, 11, 25]
[9, 11, 15, 21]
[9, 11, 16, 19]
[9, 11, 18, 23]
[9, 12, 17, 18]
[9, 12, 23, 25]
[9, 13, 16, 24]
[9, 14, 14, 15]
[9, 14, 18, 18]
[9, 15, 16, 18]
[9, 15, 19, 22]
[9, 15, 23, 23]
[9, 15, 24, 24]
[9, 17, 17, 17]
[9, 17, 20, 20]
[9, 18, 19, 20]
[10, 10, 11, 20]
[10, 10, 15, 24]
[10, 11, 14, 18]
[10, 11, 15, 22]
[10, 11, 19, 21]
[10, 12, 12, 14]
[10, 12, 19, 22]
[10, 12, 21, 24]
[10, 15, 17, 17]
[10, 16, 19, 19]
[10, 16, 23, 25]
[10, 18, 18, 21]
[10, 20, 20, 20]
[11, 11, 11, 23]
[11, 11, 16, 17]
[11, 11, 19, 22]
[11, 11, 21, 24]
[11, 12, 19, 19]
[11, 12, 24, 24]
[11, 13, 16, 25]
[11, 13, 21, 21]
[11, 14, 14, 21]
[11, 14, 15, 16]
[11, 14, 19, 23]
[11, 15, 15, 18]
[11, 16, 20, 22]
[11, 17, 17, 21]
[11, 17, 23, 24]
[11, 18, 22, 22]
[11, 19, 20, 20]
[11, 20, 21, 23]
[11, 23, 25, 25]
[12, 12, 12, 25]
[12, 12, 15, 16]
[12, 12, 18, 23]
[12, 12, 19, 24]
[12, 13, 13, 21]
[12, 14, 14, 18]
[12, 14, 15, 23]
[12, 14, 17, 21]
[12, 14, 24, 25]
[12, 15, 15, 20]
[12, 16, 20, 25]
[12, 16, 22, 22]
[12, 17, 17, 20]
[12, 17, 19, 25]
[12, 21, 21, 21]
[12, 22, 23, 23]
[13, 13, 13, 19]
[13, 13, 14, 15]
[13, 13, 16, 20]
[13, 13, 22, 23]
[13, 14, 17, 22]
[13, 14, 20, 24]
[13, 15, 15, 23]
[13, 16, 16, 18]
[13, 17, 20, 23]
[13, 18, 18, 25]
[13, 18, 19, 23]
[13, 18, 20, 22]
[13, 21, 23, 23]
[13, 22, 25, 25]
[14, 14, 16, 19]
[14, 15, 19, 21]
[14, 15, 20, 22]
[14, 16, 18, 23]
[14, 17, 18, 20]
[14, 19, 22, 22]
[14, 19, 24, 24]
[14, 19, 25, 25]
[14, 21, 23, 24]
[15, 15, 15, 24]
[15, 16, 16, 19]
[15, 17, 19, 20]
[15, 18, 20, 20]
[15, 18, 21, 24]
[15, 19, 19, 24]
[16, 16, 17, 24]
[16, 16, 20, 23]
[16, 17, 17, 18]
[16, 17, 19, 21]
[16, 18, 22, 24]
[17, 17, 19, 24]
[17, 20, 21, 25]
[17, 22, 22, 22]
[17, 24, 24, 25]
[18, 20, 24, 25]
[18, 21, 21, 25]
[18, 24, 24, 24]
[19, 21, 22, 24]
