[0, 0, 1]
[0, 2, 2]
[0, 3, 5]
[0, 4, 7]
[0, 6, 10]
[0, 8, 13]
[0, 9, 15]
[0, 11, 18]
[0, 12, 20]
[0, 14, 23]
[0, 16, 26]
[0, 17, 28]
[0, 19, 31]
[0, 21, 34]
[0, 22, 36]
[0, 24, 39]
[1, 1, 3]
[1, 2, 5]
[1, 4, 9]
[1, 6, 7]
[1, 8, 12]
[1, 10, 17]
[1, 11, 20]
[1, 13, 19]
[1, 14, 22]
[1, 15, 25]
[1, 16, 28]
[1, 18, 31]
[1, 21, 32]
[1, 23, 38]
[1, 26, 40]
[2, 3, 3]
[2, 4, 11]
[2, 6, 14]
[2, 7, 10]
[2, 8, 9]
[2, 12, 17]
[2, 13, 22]
[2, 15, 21]
[2, 16, 27]
[2, 18, 30]
[2, 19, 29]
[2, 20, 33]
[2, 23, 37]
[2, 24, 40]
[3, 4, 6]
[3, 7, 13]
[3, 8, 15]
[3, 9, 12]
[3, 10, 18]
[3, 11, 23]
[3, 14, 25]
[3, 16, 20]
[3, 17, 30]
[3, 19, 28]
[3, 21, 31]
[3, 22, 37]
[4, 4, 4]
[4, 5, 10]
[4, 8, 18]
[4, 12, 14]
[4, 13, 25]
[4, 15, 16]
[4, 17, 33]
[4, 19, 23]
[4, 20, 31]
[4, 21, 27]
[4, 22, 39]
[4, 24, 37]
[5, 5, 9]
[5, 6, 13]
[5, 7, 12]
[5, 8, 8]
[5, 11, 19]
[5, 14, 16]
[5, 15, 26]
[5, 17, 27]
[5, 18, 32]
[5, 20, 29]
[5, 21, 37]
[5, 22, 34]
[5, 25, 40]
[6, 6, 11]
[6, 8, 21]
[6, 9, 16]
[6, 12, 23]
[6, 15, 19]
[6, 17, 17]
[6, 18, 35]
[6, 20, 22]
[6, 24, 27]
[6, 25, 34]
[7, 7, 16]
[7, 8, 23]
[7, 9, 20]
[7, 11, 11]
[7, 14, 17]
[7, 15, 29]
[7, 18, 24]
[7, 19, 21]
[7, 22, 35]
[7, 25, 26]
[7, 27, 39]
[8, 10, 16]
[8, 11, 29]
[8, 14, 14]
[8, 17, 22]
[8, 19, 36]
[8, 20, 40]
[8, 24, 25]
[8, 26, 28]
[8, 27, 35]
[8, 30, 34]
[9, 9, 17]
[9, 10, 11]
[9, 13, 24]
[9, 14, 18]
[9, 19, 33]
[9, 21, 26]
[9, 22, 29]
[9, 23, 35]
[9, 25, 27]
[10, 10, 13]
[10, 12, 22]
[10, 14, 26]
[10, 15, 24]
[10, 19, 30]
[10, 20, 27]
[10, 21, 35]
[10, 23, 23]
[10, 28, 32]
[11, 12, 24]
[11, 13, 28]
[11, 14, 30]
[11, 15, 22]
[11, 16, 21]
[11, 17, 26]
[11, 25, 31]
[11, 27, 40]
[11, 32, 35]
[12, 12, 26]
[12, 13, 21]
[12, 15, 18]
[12, 16, 25]
[12, 19, 19]
[12, 27, 32]
[12, 29, 30]
[12, 35, 39]
[13, 13, 20]
[13, 14, 27]
[13, 15, 17]
[13, 16, 35]
[13, 18, 29]
[13, 26, 36]
[13, 30, 33]
[13, 31, 37]
[13, 34, 39]
[14, 15, 32]
[14, 19, 37]
[14, 20, 35]
[14, 21, 28]
[14, 24, 24]
[14, 31, 36]
[14, 38, 40]
[15, 15, 30]
[15, 20, 20]
[15, 23, 31]
[15, 27, 28]
[15, 33, 40]
[15, 35, 38]
[15, 37, 39]
[16, 16, 22]
[16, 17, 36]
[16, 18, 34]
[16, 30, 37]
[16, 31, 39]
[17, 18, 39]
[17, 19, 38]
[17, 20, 21]
[17, 23, 29]
[18, 18, 28]
[18, 21, 33]
[18, 22, 23]
[18, 26, 26]
[19, 22, 26]
[19, 24, 32]
[19, 34, 34]
[20, 24, 38]
[20, 28, 34]
[20, 32, 39]
[21, 21, 39]
[21, 22, 38]
[21, 25, 29]
[21, 30, 40]
[22, 27, 33]
[22, 31, 32]
[23, 36, 39]
[23, 40, 40]
[24, 26, 29]
[24, 28, 30]
[24, 33, 33]
[25, 25, 37]
[25, 28, 38]
[25, 32, 33]
[25, 39, 39]
[26, 34, 35]
[27, 29, 37]
[28, 29, 40]
[30, 36, 38]
[31, 35, 40]
[34, 36, 40]
