[0, 0, 1]
[0, 1, 0]
[1, 0, 0]
[0, 2, 2]
[2, 0, 2]
[2, 2, 0]
[1, 1, 3]
[1, 3, 1]
[3, 1, 1]
[0, 3, 5]
[0, 5, 3]
[3, 0, 5]
[3, 5, 0]
[5, 0, 3]
[5, 3, 0]
[1, 2, 5]
[1, 5, 2]
[2, 1, 5]
[2, 5, 1]
[5, 1, 2]
[5, 2, 1]
[2, 3, 3]
[3, 2, 3]
[3, 3, 2]
[4, 4, 4]
[0, 4, 7]
[0, 7, 4]
[4, 0, 7]
[4, 7, 0]
[7, 0, 4]
[7, 4, 0]
[1, 6, 7]
[1, 7, 6]
[6, 1, 7]
[6, 7, 1]
[7, 1, 6]
[7, 6, 1]
[3, 4, 6]
[3, 6, 4]
[4, 3, 6]
[4, 6, 3]
[6, 3, 4]
[6, 4, 3]
[0, 6, 10]
[0, 10, 6]
[6, 0, 10]
[6, 10, 0]
[10, 0, 6]
[10, 6, 0]
[1, 4, 9]
[1, 9, 4]
[4, 1, 9]
[4, 9, 1]
[9, 1, 4]
[9, 4, 1]
[2, 8, 9]
[2, 9, 8]
[8, 2, 9]
[8, 9, 2]
[9, 2, 8]
[9, 8, 2]
[5, 8, 8]
[8, 5, 8]
[8, 8, 5]
[0, 8, 13]
[0, 13, 8]
[8, 0, 13]
[8, 13, 0]
[13, 0, 8]
[13, 8, 0]
[1, 8, 12]
[1, 12, 8]
[8, 1, 12]
[8, 12, 1]
[12, 1, 8]
[12, 8, 1]
[2, 4, 11]
[2, 11, 4]
[4, 2, 11]
[4, 11, 2]
[11, 2, 4]
[11, 4, 2]
[2, 7, 10]
[2, 10, 7]
[7, 2, 10]
[7, 10, 2]
[10, 2, 7]
[10, 7, 2]
[4, 5, 10]
[4, 10, 5]
[5, 4, 10]
[5, 10, 4]
[10, 4, 5]
[10, 5, 4]
[5, 5, 9]
[5, 9, 5]
[9, 5, 5]
[0, 9, 15]
[0, 15, 9]
[9, 0, 15]
[9, 15, 0]
[15, 0, 9]
[15, 9, 0]
[2, 6, 14]
[2, 14, 6]
[6, 2, 14]
[6, 14, 2]
[14, 2, 6]
[14, 6, 2]
[3, 7, 13]
[3, 13, 7]
[7, 3, 13]
[7, 13, 3]
[13, 3, 7]
[13, 7, 3]
[3, 9, 12]
[3, 12, 9]
[9, 3, 12]
[9, 12, 3]
[12, 3, 9]
[12, 9, 3]
[5, 6, 13]
[5, 13, 6]
[6, 5, 13]
[6, 13, 5]
[13, 5, 6]
[13, 6, 5]
[5, 7, 12]
[5, 12, 7]
[7, 5, 12]
[7, 12, 5]
[12, 5, 7]
[12, 7, 5]
[6, 6, 11]
[6, 11, 6]
[11, 6, 6]
[9, 10, 11]
[9, 11, 10]
[10, 9, 11]
[10, 11, 9]
[11, 9, 10]
[11, 10, 9]
[0, 11, 18]
[0, 18, 11]
[11, 0, 18]
[11, 18, 0]
[18, 0, 11]
[18, 11, 0]
[1, 10, 17]
[1, 17, 10]
[10, 1, 17]
[10, 17, 1]
[17, 1, 10]
[17, 10, 1]
[3, 8, 15]
[3, 15, 8]
[8, 3, 15]
[8, 15, 3]
[15, 3, 8]
[15, 8, 3]
[4, 12, 14]
[4, 14, 12]
[12, 4, 14]
[12, 14, 4]
[14, 4, 12]
[14, 12, 4]
[6, 9, 16]
[6, 16, 9]
[9, 6, 16]
[9, 16, 6]
[16, 6, 9]
[16, 9, 6]
[7, 7, 16]
[7, 16, 7]
[16, 7, 7]
[7, 11, 11]
[11, 7, 11]
[11, 11, 7]
[8, 10, 16]
[8, 16, 10]
[10, 8, 16]
[10, 16, 8]
[16, 8, 10]
[16, 10, 8]
[10, 10, 13]
[10, 13, 10]
[13, 10, 10]
[0, 12, 20]
[0, 20, 12]
[12, 0, 20]
[12, 20, 0]
[20, 0, 12]
[20, 12, 0]
[1, 11, 20]
[1, 20, 11]
[11, 1, 20]
[11, 20, 1]
[20, 1, 11]
[20, 11, 1]
[1, 13, 19]
[1, 19, 13]
[13, 1, 19]
[13, 19, 1]
[19, 1, 13]
[19, 13, 1]
[2, 12, 17]
[2, 17, 12]
[12, 2, 17]
[12, 17, 2]
[17, 2, 12]
[17, 12, 2]
[3, 10, 18]
[3, 18, 10]
[10, 3, 18]
[10, 18, 3]
[18, 3, 10]
[18, 10, 3]
[4, 8, 18]
[4, 18, 8]
[8, 4, 18]
[8, 18, 4]
[18, 4, 8]
[18, 8, 4]
[4, 15, 16]
[4, 16, 15]
[15, 4, 16]
[15, 16, 4]
[16, 4, 15]
[16, 15, 4]
[5, 14, 16]
[5, 16, 14]
[14, 5, 16]
[14, 16, 5]
[16, 5, 14]
[16, 14, 5]
[6, 17, 17]
[17, 6, 17]
[17, 17, 6]
[7, 9, 20]
[7, 20, 9]
[9, 7, 20]
[9, 20, 7]
[20, 7, 9]
[20, 9, 7]
[7, 14, 17]
[7, 17, 14]
[14, 7, 17]
[14, 17, 7]
[17, 7, 14]
[17, 14, 7]
[8, 14, 14]
[14, 8, 14]
[14, 14, 8]
[9, 9, 17]
[9, 17, 9]
[17, 9, 9]
[0, 14, 23]
[0, 23, 14]
[14, 0, 23]
[14, 23, 0]
[23, 0, 14]
[23, 14, 0]
[1, 14, 22]
[1, 22, 14]
[14, 1, 22]
[14, 22, 1]
[22, 1, 14]
[22, 14, 1]
[2, 13, 22]
[2, 22, 13]
[13, 2, 22]
[13, 22, 2]
[22, 2, 13]
[22, 13, 2]
[2, 15, 21]
[2, 21, 15]
[15, 2, 21]
[15, 21, 2]
[21, 2, 15]
[21, 15, 2]
[3, 11, 23]
[3, 23, 11]
[11, 3, 23]
[11, 23, 3]
[23, 3, 11]
[23, 11, 3]
[3, 16, 20]
[3, 20, 16]
[16, 3, 20]
[16, 20, 3]
[20, 3, 16]
[20, 16, 3]
[5, 11, 19]
[5, 19, 11]
[11, 5, 19]
[11, 19, 5]
[19, 5, 11]
[19, 11, 5]
[6, 8, 21]
[6, 21, 8]
[8, 6, 21]
[8, 21, 6]
[21, 6, 8]
[21, 8, 6]
[6, 15, 19]
[6, 19, 15]
[15, 6, 19]
[15, 19, 6]
[19, 6, 15]
[19, 15, 6]
[9, 14, 18]
[9, 18, 14]
[14, 9, 18]
[14, 18, 9]
[18, 9, 14]
[18, 14, 9]
[12, 15, 18]
[12, 18, 15]
[15, 12, 18]
[15, 18, 12]
[18, 12, 15]
[18, 15, 12]
[13, 13, 20]
[13, 20, 13]
[20, 13, 13]
[13, 15, 17]
[13, 17, 15]
[15, 13, 17]
[15, 17, 13]
[17, 13, 15]
[17, 15, 13]
[0, 16, 26]
[0, 26, 16]
[16, 0, 26]
[16, 26, 0]
[26, 0, 16]
[26, 16, 0]
[1, 15, 25]
[1, 25, 15]
[15, 1, 25]
[15, 25, 1]
[25, 1, 15]
[25, 15, 1]
[3, 14, 25]
[3, 25, 14]
[14, 3, 25]
[14, 25, 3]
[25, 3, 14]
[25, 14, 3]
[4, 13, 25]
[4, 25, 13]
[13, 4, 25]
[13, 25, 4]
[25, 4, 13]
[25, 13, 4]
[4, 19, 23]
[4, 23, 19]
[19, 4, 23]
[19, 23, 4]
[23, 4, 19]
[23, 19, 4]
[6, 12, 23]
[6, 23, 12]
[12, 6, 23]
[12, 23, 6]
[23, 6, 12]
[23, 12, 6]
[6, 20, 22]
[6, 22, 20]
[20, 6, 22]
[20, 22, 6]
[22, 6, 20]
[22, 20, 6]
[7, 8, 23]
[7, 23, 8]
[8, 7, 23]
[8, 23, 7]
[23, 7, 8]
[23, 8, 7]
[7, 19, 21]
[7, 21, 19]
[19, 7, 21]
[19, 21, 7]
[21, 7, 19]
[21, 19, 7]
[8, 17, 22]
[8, 22, 17]
[17, 8, 22]
[17, 22, 8]
[22, 8, 17]
[22, 17, 8]
[9, 13, 24]
[9, 24, 13]
[13, 9, 24]
[13, 24, 9]
[24, 9, 13]
[24, 13, 9]
[10, 12, 22]
[10, 22, 12]
[12, 10, 22]
[12, 22, 10]
[22, 10, 12]
[22, 12, 10]
[11, 16, 21]
[11, 21, 16]
[16, 11, 21]
[16, 21, 11]
[21, 11, 16]
[21, 16, 11]
[12, 13, 21]
[12, 21, 13]
[13, 12, 21]
[13, 21, 12]
[21, 12, 13]
[21, 13, 12]
[12, 19, 19]
[19, 12, 19]
[19, 19, 12]
[16, 16, 22]
[16, 22, 16]
[22, 16, 16]
[0, 17, 28]
[0, 28, 17]
[17, 0, 28]
[17, 28, 0]
[28, 0, 17]
[28, 17, 0]
[1, 16, 28]
[1, 28, 16]
[16, 1, 28]
[16, 28, 1]
[28, 1, 16]
[28, 16, 1]
[2, 16, 27]
[2, 27, 16]
[16, 2, 27]
[16, 27, 2]
[27, 2, 16]
[27, 16, 2]
[3, 19, 28]
[3, 28, 19]
[19, 3, 28]
[19, 28, 3]
[28, 3, 19]
[28, 19, 3]
[4, 21, 27]
[4, 27, 21]
[21, 4, 27]
[21, 27, 4]
[27, 4, 21]
[27, 21, 4]
[5, 15, 26]
[5, 26, 15]
[15, 5, 26]
[15, 26, 5]
[26, 5, 15]
[26, 15, 5]
[7, 18, 24]
[7, 24, 18]
[18, 7, 24]
[18, 24, 7]
[24, 7, 18]
[24, 18, 7]
[8, 11, 29]
[8, 29, 11]
[11, 8, 29]
[11, 29, 8]
[29, 8, 11]
[29, 11, 8]
[10, 14, 26]
[10, 26, 14]
[14, 10, 26]
[14, 26, 10]
[26, 10, 14]
[26, 14, 10]
[10, 15, 24]
[10, 24, 15]
[15, 10, 24]
[15, 24, 10]
[24, 10, 15]
[24, 15, 10]
[10, 23, 23]
[23, 10, 23]
[23, 23, 10]
[11, 12, 24]
[11, 24, 12]
[12, 11, 24]
[12, 24, 11]
[24, 11, 12]
[24, 12, 11]
[11, 13, 28]
[11, 28, 13]
[13, 11, 28]
[13, 28, 11]
[28, 11, 13]
[28, 13, 11]
[11, 15, 22]
[11, 22, 15]
[15, 11, 22]
[15, 22, 11]
[22, 11, 15]
[22, 15, 11]
[15, 20, 20]
[20, 15, 20]
[20, 20, 15]
[17, 20, 21]
[17, 21, 20]
[20, 17, 21]
[20, 21, 17]
[21, 17, 20]
[21, 20, 17]
[0, 19, 31]
[0, 31, 19]
[19, 0, 31]
[19, 31, 0]
[31, 0, 19]
[31, 19, 0]
[1, 18, 31]
[1, 31, 18]
[18, 1, 31]
[18, 31, 1]
[31, 1, 18]
[31, 18, 1]
[2, 18, 30]
[2, 30, 18]
[18, 2, 30]
[18, 30, 2]
[30, 2, 18]
[30, 18, 2]
[2, 19, 29]
[2, 29, 19]
[19, 2, 29]
[19, 29, 2]
[29, 2, 19]
[29, 19, 2]
[3, 17, 30]
[3, 30, 17]
[17, 3, 30]
[17, 30, 3]
[30, 3, 17]
[30, 17, 3]
[5, 17, 27]
[5, 27, 17]
[17, 5, 27]
[17, 27, 5]
[27, 5, 17]
[27, 17, 5]
[7, 15, 29]
[7, 29, 15]
[15, 7, 29]
[15, 29, 7]
[29, 7, 15]
[29, 15, 7]
[7, 25, 26]
[7, 26, 25]
[25, 7, 26]
[25, 26, 7]
[26, 7, 25]
[26, 25, 7]
[8, 24, 25]
[8, 25, 24]
[24, 8, 25]
[24, 25, 8]
[25, 8, 24]
[25, 24, 8]
[9, 21, 26]
[9, 26, 21]
[21, 9, 26]
[21, 26, 9]
[26, 9, 21]
[26, 21, 9]
[10, 19, 30]
[10, 30, 19]
[19, 10, 30]
[19, 30, 10]
[30, 10, 19]
[30, 19, 10]
[10, 20, 27]
[10, 27, 20]
[20, 10, 27]
[20, 27, 10]
[27, 10, 20]
[27, 20, 10]
[11, 14, 30]
[11, 30, 14]
[14, 11, 30]
[14, 30, 11]
[30, 11, 14]
[30, 14, 11]
[11, 17, 26]
[11, 26, 17]
[17, 11, 26]
[17, 26, 11]
[26, 11, 17]
[26, 17, 11]
[12, 12, 26]
[12, 26, 12]
[26, 12, 12]
[12, 16, 25]
[12, 25, 16]
[16, 12, 25]
[16, 25, 12]
[25, 12, 16]
[25, 16, 12]
[13, 14, 27]
[13, 27, 14]
[14, 13, 27]
[14, 27, 13]
[27, 13, 14]
[27, 14, 13]
[13, 18, 29]
[13, 29, 18]
[18, 13, 29]
[18, 29, 13]
[29, 13, 18]
[29, 18, 13]
[14, 24, 24]
[24, 14, 24]
[24, 24, 14]
[18, 22, 23]
[18, 23, 22]
[22, 18, 23]
[22, 23, 18]
[23, 18, 22]
[23, 22, 18]
[19, 22, 26]
[19, 26, 22]
[22, 19, 26]
[22, 26, 19]
[26, 19, 22]
[26, 22, 19]
[0, 21, 34]
[0, 34, 21]
[21, 0, 34]
[21, 34, 0]
[34, 0, 21]
[34, 21, 0]
[1, 21, 32]
[1, 32, 21]
[21, 1, 32]
[21, 32, 1]
[32, 1, 21]
[32, 21, 1]
[2, 20, 33]
[2, 33, 20]
[20, 2, 33]
[20, 33, 2]
[33, 2, 20]
[33, 20, 2]
[3, 21, 31]
[3, 31, 21]
[21, 3, 31]
[21, 31, 3]
[31, 3, 21]
[31, 21, 3]
[4, 17, 33]
[4, 33, 17]
[17, 4, 33]
[17, 33, 4]
[33, 4, 17]
[33, 17, 4]
[4, 20, 31]
[4, 31, 20]
[20, 4, 31]
[20, 31, 4]
[31, 4, 20]
[31, 20, 4]
[5, 18, 32]
[5, 32, 18]
[18, 5, 32]
[18, 32, 5]
[32, 5, 18]
[32, 18, 5]
[5, 20, 29]
[5, 29, 20]
[20, 5, 29]
[20, 29, 5]
[29, 5, 20]
[29, 20, 5]
[6, 24, 27]
[6, 27, 24]
[24, 6, 27]
[24, 27, 6]
[27, 6, 24]
[27, 24, 6]
[8, 19, 36]
[8, 36, 19]
[19, 8, 36]
[19, 36, 8]
[36, 8, 19]
[36, 19, 8]
[8, 26, 28]
[8, 28, 26]
[26, 8, 28]
[26, 28, 8]
[28, 8, 26]
[28, 26, 8]
[9, 19, 33]
[9, 33, 19]
[19, 9, 33]
[19, 33, 9]
[33, 9, 19]
[33, 19, 9]
[9, 22, 29]
[9, 29, 22]
[22, 9, 29]
[22, 29, 9]
[29, 9, 22]
[29, 22, 9]
[9, 25, 27]
[9, 27, 25]
[25, 9, 27]
[25, 27, 9]
[27, 9, 25]
[27, 25, 9]
[11, 25, 31]
[11, 31, 25]
[25, 11, 31]
[25, 31, 11]
[31, 11, 25]
[31, 25, 11]
[13, 16, 35]
[13, 35, 16]
[16, 13, 35]
[16, 35, 13]
[35, 13, 16]
[35, 16, 13]
[14, 15, 32]
[14, 32, 15]
[15, 14, 32]
[15, 32, 14]
[32, 14, 15]
[32, 15, 14]
[14, 21, 28]
[14, 28, 21]
[21, 14, 28]
[21, 28, 14]
[28, 14, 21]
[28, 21, 14]
[15, 15, 30]
[15, 30, 15]
[30, 15, 15]
[15, 27, 28]
[15, 28, 27]
[27, 15, 28]
[27, 28, 15]
[28, 15, 27]
[28, 27, 15]
[17, 23, 29]
[17, 29, 23]
[23, 17, 29]
[23, 29, 17]
[29, 17, 23]
[29, 23, 17]
[18, 18, 28]
[18, 28, 18]
[28, 18, 18]
[18, 26, 26]
[26, 18, 26]
[26, 26, 18]
[0, 22, 36]
[0, 36, 22]
[22, 0, 36]
[22, 36, 0]
[36, 0, 22]
[36, 22, 0]
[5, 21, 37]
[5, 37, 21]
[21, 5, 37]
[21, 37, 5]
[37, 5, 21]
[37, 21, 5]
[5, 22, 34]
[5, 34, 22]
[22, 5, 34]
[22, 34, 5]
[34, 5, 22]
[34, 22, 5]
[6, 18, 35]
[6, 35, 18]
[18, 6, 35]
[18, 35, 6]
[35, 6, 18]
[35, 18, 6]
[6, 25, 34]
[6, 34, 25]
[25, 6, 34]
[25, 34, 6]
[34, 6, 25]
[34, 25, 6]
[7, 22, 35]
[7, 35, 22]
[22, 7, 35]
[22, 35, 7]
[35, 7, 22]
[35, 22, 7]
[8, 27, 35]
[8, 35, 27]
[27, 8, 35]
[27, 35, 8]
[35, 8, 27]
[35, 27, 8]
[8, 30, 34]
[8, 34, 30]
[30, 8, 34]
[30, 34, 8]
[34, 8, 30]
[34, 30, 8]
[10, 21, 35]
[10, 35, 21]
[21, 10, 35]
[21, 35, 10]
[35, 10, 21]
[35, 21, 10]
[10, 28, 32]
[10, 32, 28]
[28, 10, 32]
[28, 32, 10]
[32, 10, 28]
[32, 28, 10]
[12, 27, 32]
[12, 32, 27]
[27, 12, 32]
[27, 32, 12]
[32, 12, 27]
[32, 27, 12]
[12, 29, 30]
[12, 30, 29]
[29, 12, 30]
[29, 30, 12]
[30, 12, 29]
[30, 29, 12]
[13, 26, 36]
[13, 36, 26]
[26, 13, 36]
[26, 36, 13]
[36, 13, 26]
[36, 26, 13]
[14, 19, 37]
[14, 37, 19]
[19, 14, 37]
[19, 37, 14]
[37, 14, 19]
[37, 19, 14]
[14, 20, 35]
[14, 35, 20]
[20, 14, 35]
[20, 35, 14]
[35, 14, 20]
[35, 20, 14]
[15, 23, 31]
[15, 31, 23]
[23, 15, 31]
[23, 31, 15]
[31, 15, 23]
[31, 23, 15]
[16, 17, 36]
[16, 36, 17]
[17, 16, 36]
[17, 36, 16]
[36, 16, 17]
[36, 17, 16]
[16, 18, 34]
[16, 34, 18]
[18, 16, 34]
[18, 34, 16]
[34, 16, 18]
[34, 18, 16]
[18, 21, 33]
[18, 33, 21]
[21, 18, 33]
[21, 33, 18]
[33, 18, 21]
[33, 21, 18]
[20, 28, 34]
[20, 34, 28]
[28, 20, 34]
[28, 34, 20]
[34, 20, 28]
[34, 28, 20]
[21, 25, 29]
[21, 29, 25]
[25, 21, 29]
[25, 29, 21]
[29, 21, 25]
[29, 25, 21]
[24, 26, 29]
[24, 29, 26]
[26, 24, 29]
[26, 29, 24]
[29, 24, 26]
[29, 26, 24]
[24, 28, 30]
[24, 30, 28]
[28, 24, 30]
[28, 30, 24]
[30, 24, 28]
[30, 28, 24]
[0, 24, 39]
[0, 39, 24]
[24, 0, 39]
[24, 39, 0]
[39, 0, 24]
[39, 24, 0]
[1, 23, 38]
[1, 38, 23]
[23, 1, 38]
[23, 38, 1]
[38, 1, 23]
[38, 23, 1]
[2, 23, 37]
[2, 37, 23]
[23, 2, 37]
[23, 37, 2]
[37, 2, 23]
[37, 23, 2]
[3, 22, 37]
[3, 37, 22]
[22, 3, 37]
[22, 37, 3]
[37, 3, 22]
[37, 22, 3]
[8, 20, 40]
[8, 40, 20]
[20, 8, 40]
[20, 40, 8]
[40, 8, 20]
[40, 20, 8]
[9, 23, 35]
[9, 35, 23]
[23, 9, 35]
[23, 35, 9]
[35, 9, 23]
[35, 23, 9]
[11, 27, 40]
[11, 40, 27]
[27, 11, 40]
[27, 40, 11]
[40, 11, 27]
[40, 27, 11]
[11, 32, 35]
[11, 35, 32]
[32, 11, 35]
[32, 35, 11]
[35, 11, 32]
[35, 32, 11]
[13, 30, 33]
[13, 33, 30]
[30, 13, 33]
[30, 33, 13]
[33, 13, 30]
[33, 30, 13]
[14, 31, 36]
[14, 36, 31]
[31, 14, 36]
[31, 36, 14]
[36, 14, 31]
[36, 31, 14]
[17, 18, 39]
[17, 39, 18]
[18, 17, 39]
[18, 39, 17]
[39, 17, 18]
[39, 18, 17]
[17, 19, 38]
[17, 38, 19]
[19, 17, 38]
[19, 38, 17]
[38, 17, 19]
[38, 19, 17]
[19, 24, 32]
[19, 32, 24]
[24, 19, 32]
[24, 32, 19]
[32, 19, 24]
[32, 24, 19]
[21, 21, 39]
[21, 39, 21]
[39, 21, 21]
[22, 27, 33]
[22, 33, 27]
[27, 22, 33]
[27, 33, 22]
[33, 22, 27]
[33, 27, 22]
[22, 31, 32]
[22, 32, 31]
[31, 22, 32]
[31, 32, 22]
[32, 22, 31]
[32, 31, 22]
[25, 25, 37]
[25, 37, 25]
[37, 25, 25]
[27, 29, 37]
[27, 37, 29]
[29, 27, 37]
[29, 37, 27]
[37, 27, 29]
[37, 29, 27]
[1, 26, 40]
[1, 40, 26]
[26, 1, 40]
[26, 40, 1]
[40, 1, 26]
[40, 26, 1]
[2, 24, 40]
[2, 40, 24]
[24, 2, 40]
[24, 40, 2]
[40, 2, 24]
[40, 24, 2]
[4, 22, 39]
[4, 39, 22]
[22, 4, 39]
[22, 39, 4]
[39, 4, 22]
[39, 22, 4]
[4, 24, 37]
[4, 37, 24]
[24, 4, 37]
[24, 37, 4]
[37, 4, 24]
[37, 24, 4]
[7, 27, 39]
[7, 39, 27]
[27, 7, 39]
[27, 39, 7]
[39, 7, 27]
[39, 27, 7]
[12, 35, 39]
[12, 39, 35]
[35, 12, 39]
[35, 39, 12]
[39, 12, 35]
[39, 35, 12]
[13, 31, 37]
[13, 37, 31]
[31, 13, 37]
[31, 37, 13]
[37, 13, 31]
[37, 31, 13]
[13, 34, 39]
[13, 39, 34]
[34, 13, 39]
[34, 39, 13]
[39, 13, 34]
[39, 34, 13]
[15, 33, 40]
[15, 40, 33]
[33, 15, 40]
[33, 40, 15]
[40, 15, 33]
[40, 33, 15]
[16, 30, 37]
[16, 37, 30]
[30, 16, 37]
[30, 37, 16]
[37, 16, 30]
[37, 30, 16]
[19, 34, 34]
[34, 19, 34]
[34, 34, 19]
[21, 22, 38]
[21, 38, 22]
[22, 21, 38]
[22, 38, 21]
[38, 21, 22]
[38, 22, 21]
[21, 30, 40]
[21, 40, 30]
[30, 21, 40]
[30, 40, 21]
[40, 21, 30]
[40, 30, 21]
[24, 33, 33]
[33, 24, 33]
[33, 33, 24]
[25, 32, 33]
[25, 33, 32]
[32, 25, 33]
[32, 33, 25]
[33, 25, 32]
[33, 32, 25]
[5, 25, 40]
[5, 40, 25]
[25, 5, 40]
[25, 40, 5]
[40, 5, 25]
[40, 25, 5]
[14, 38, 40]
[14, 40, 38]
[38, 14, 40]
[38, 40, 14]
[40, 14, 38]
[40, 38, 14]
[15, 35, 38]
[15, 38, 35]
[35, 15, 38]
[35, 38, 15]
[38, 15, 35]
[38, 35, 15]
[16, 31, 39]
[16, 39, 31]
[31, 16, 39]
[31, 39, 16]
[39, 16, 31]
[39, 31, 16]
[20, 24, 38]
[20, 38, 24]
[24, 20, 38]
[24, 38, 20]
[38, 20, 24]
[38, 24, 20]
[20, 32, 39]
[20, 39, 32]
[32, 20, 39]
[32, 39, 20]
[39, 20, 32]
[39, 32, 20]
[25, 28, 38]
[25, 38, 28]
[28, 25, 38]
[28, 38, 25]
[38, 25, 28]
[38, 28, 25]
[26, 34, 35]
[26, 35, 34]
[34, 26, 35]
[34, 35, 26]
[35, 26, 34]
[35, 34, 26]
[28, 29, 40]
[28, 40, 29]
[29, 28, 40]
[29, 40, 28]
[40, 28, 29]
[40, 29, 28]
[15, 37, 39]
[15, 39, 37]
[37, 15, 39]
[37, 39, 15]
[39, 15, 37]
[39, 37, 15]
[23, 36, 39]
[23, 39, 36]
[36, 23, 39]
[36, 39, 23]
[39, 23, 36]
[39, 36, 23]
[30, 36, 38]
[30, 38, 36]
[36, 30, 38]
[36, 38, 30]
[38, 30, 36]
[38, 36, 30]
[31, 35, 40]
[31, 40, 35]
[35, 31, 40]
[35, 40, 31]
[40, 31, 35]
[40, 35, 31]
[34, 36, 40]
[34, 40, 36]
[36, 34, 40]
[36, 40, 34]
[40, 34, 36]
[40, 36, 34]
[23, 40, 40]
[40, 23, 40]
[40, 40, 23]
[25, 39, 39]
[39, 25, 39]
[39, 39, 25]
