[0, 0, 1]
[0, 2, 2]
[0, 3, 5]
[0, 4, 7]
[0, 6, 10]
[0, 8, 13]
[0, 9, 15]
[0, 11, 18]
[0, 12, 20]
[0, 14, 23]
[0, 16, 26]
[0, 17, 28]
[0, 19, 31]
[0, 21, 34]
[0, 22, 36]
[0, 24, 39]
[0, 25, 41]
[0, 27, 44]
[0, 29, 47]
[0, 30, 49]
[0, 32, 52]
[0, 33, 54]
[0, 35, 57]
[0, 37, 60]
[0, 38, 62]
[0, 40, 65]
[0, 42, 68]
[0, 43, 70]
[0, 45, 73]
[0, 46, 75]
[0, 48, 78]
[0, 50, 81]
[0, 51, 83]
[0, 53, 86]
[0, 55, 89]
[0, 56, 91]
[0, 58, 94]
[0, 59, 96]
[0, 61, 99]
[1, 1, 2]
[1, 3, 7]
[1, 4, 6]
[1, 5, 8]
[1, 9, 14]
[1, 10, 16]
[1, 11, 20]
[1, 12, 19]
[1, 13, 21]
[1, 15, 25]
[1, 17, 30]
[1, 18, 29]
[1, 22, 38]
[1, 23, 35]
[1, 24, 41]
[1, 26, 40]
[1, 27, 42]
[1, 28, 46]
[1, 31, 50]
[1, 32, 54]
[1, 33, 53]
[1, 34, 55]
[1, 36, 59]
[1, 37, 62]
[1, 39, 63]
[1, 43, 69]
[1, 44, 71]
[1, 45, 75]
[1, 47, 76]
[1, 48, 80]
[1, 49, 77]
[1, 51, 82]
[1, 52, 85]
[1, 56, 90]
[1, 57, 92]
[1, 58, 96]
[1, 60, 97]
[1, 64, 100]
[2, 3, 4]
[2, 5, 10]
[2, 6, 9]
[2, 7, 11]
[2, 8, 14]
[2, 12, 21]
[2, 13, 20]
[2, 15, 23]
[2, 16, 27]
[2, 17, 29]
[2, 18, 28]
[2, 19, 32]
[2, 22, 37]
[2, 24, 38]
[2, 25, 42]
[2, 26, 44]
[2, 30, 46]
[2, 31, 52]
[2, 33, 55]
[2, 34, 54]
[2, 35, 58]
[2, 36, 61]
[2, 39, 65]
[2, 40, 59]
[2, 41, 68]
[2, 43, 67]
[2, 45, 74]
[2, 47, 75]
[2, 48, 79]
[2, 49, 81]
[2, 50, 80]
[2, 51, 84]
[2, 53, 87]
[2, 56, 92]
[2, 57, 94]
[2, 60, 95]
[2, 62, 100]
[3, 3, 3]
[3, 6, 14]
[3, 8, 9]
[3, 10, 13]
[3, 11, 15]
[3, 12, 24]
[3, 16, 25]
[3, 17, 33]
[3, 18, 32]
[3, 19, 29]
[3, 20, 27]
[3, 21, 36]
[3, 22, 35]
[3, 23, 34]
[3, 26, 43]
[3, 28, 47]
[3, 30, 48]
[3, 31, 51]
[3, 37, 58]
[3, 38, 60]
[3, 39, 64]
[3, 40, 63]
[3, 41, 65]
[3, 42, 69]
[3, 44, 70]
[3, 45, 78]
[3, 46, 76]
[3, 49, 80]
[3, 50, 79]
[3, 52, 86]
[3, 53, 85]
[3, 54, 82]
[3, 55, 90]
[3, 56, 95]
[3, 57, 93]
[3, 59, 97]
[3, 61, 98]
[4, 4, 4]
[4, 5, 9]
[4, 8, 11]
[4, 10, 12]
[4, 13, 19]
[4, 14, 22]
[4, 15, 24]
[4, 16, 28]
[4, 17, 27]
[4, 18, 31]
[4, 20, 34]
[4, 21, 39]
[4, 23, 40]
[4, 25, 36]
[4, 26, 41]
[4, 29, 45]
[4, 30, 50]
[4, 32, 53]
[4, 33, 59]
[4, 35, 62]
[4, 37, 56]
[4, 38, 63]
[4, 42, 64]
[4, 43, 66]
[4, 44, 68]
[4, 46, 74]
[4, 47, 78]
[4, 48, 77]
[4, 49, 79]
[4, 51, 88]
[4, 52, 84]
[4, 54, 87]
[4, 55, 94]
[4, 57, 91]
[4, 58, 100]
[4, 60, 96]
[5, 5, 5]
[5, 6, 7]
[5, 11, 13]
[5, 12, 16]
[5, 14, 20]
[5, 15, 27]
[5, 17, 26]
[5, 18, 35]
[5, 19, 30]
[5, 21, 31]
[5, 22, 43]
[5, 23, 37]
[5, 24, 42]
[5, 25, 38]
[5, 28, 44]
[5, 29, 48]
[5, 32, 47]
[5, 33, 56]
[5, 34, 58]
[5, 36, 65]
[5, 39, 59]
[5, 40, 66]
[5, 41, 63]
[5, 45, 70]
[5, 46, 73]
[5, 49, 83]
[5, 50, 78]
[5, 51, 81]
[5, 52, 87]
[5, 53, 89]
[5, 54, 85]
[5, 55, 88]
[5, 57, 98]
[5, 60, 92]
[5, 62, 99]
[6, 6, 6]
[6, 8, 16]
[6, 11, 12]
[6, 13, 17]
[6, 15, 21]
[6, 18, 23]
[6, 19, 28]
[6, 20, 32]
[6, 22, 39]
[6, 24, 40]
[6, 25, 43]
[6, 26, 47]
[6, 27, 41]
[6, 29, 51]
[6, 30, 45]
[6, 31, 44]
[6, 33, 52]
[6, 34, 57]
[6, 35, 55]
[6, 36, 60]
[6, 37, 63]
[6, 38, 66]
[6, 42, 67]
[6, 46, 77]
[6, 48, 75]
[6, 49, 86]
[6, 50, 85]
[6, 53, 82]
[6, 54, 88]
[6, 56, 89]
[6, 58, 97]
[6, 59, 99]
[6, 61, 91]
[6, 62, 94]
[7, 7, 7]
[7, 8, 15]
[7, 9, 17]
[7, 10, 20]
[7, 12, 23]
[7, 13, 16]
[7, 14, 19]
[7, 18, 30]
[7, 21, 35]
[7, 22, 28]
[7, 24, 37]
[7, 25, 45]
[7, 26, 50]
[7, 27, 43]
[7, 29, 44]
[7, 31, 49]
[7, 32, 51]
[7, 33, 63]
[7, 34, 56]
[7, 36, 53]
[7, 38, 59]
[7, 39, 62]
[7, 40, 69]
[7, 41, 66]
[7, 42, 70]
[7, 46, 72]
[7, 47, 74]
[7, 48, 81]
[7, 52, 83]
[7, 54, 91]
[7, 55, 87]
[7, 57, 95]
[7, 58, 92]
[7, 61, 96]
[8, 8, 8]
[8, 10, 19]
[8, 12, 17]
[8, 18, 33]
[8, 20, 22]
[8, 21, 24]
[8, 23, 41]
[8, 25, 26]
[8, 27, 38]
[8, 28, 42]
[8, 29, 46]
[8, 30, 51]
[8, 31, 47]
[8, 32, 55]
[8, 34, 53]
[8, 35, 59]
[8, 36, 58]
[8, 37, 57]
[8, 39, 66]
[8, 40, 71]
[8, 43, 68]
[8, 44, 73]
[8, 45, 77]
[8, 48, 76]
[8, 49, 75]
[8, 50, 83]
[8, 52, 82]
[8, 54, 89]
[8, 56, 93]
[8, 60, 94]
[8, 61, 100]
[8, 62, 98]
[9, 9, 9]
[9, 10, 18]
[9, 11, 22]
[9, 12, 26]
[9, 13, 25]
[9, 16, 23]
[9, 19, 36]
[9, 20, 29]
[9, 21, 27]
[9, 24, 44]
[9, 28, 30]
[9, 31, 34]
[9, 32, 48]
[9, 33, 51]
[9, 35, 54]
[9, 37, 59]
[9, 38, 64]
[9, 39, 68]
[9, 40, 61]
[9, 41, 69]
[9, 42, 65]
[9, 43, 73]
[9, 45, 72]
[9, 46, 70]
[9, 47, 79]
[9, 49, 82]
[9, 50, 86]
[9, 52, 77]
[9, 53, 84]
[9, 55, 93]
[9, 56, 96]
[9, 58, 95]
[9, 60, 99]
[9, 63, 97]
[10, 10, 10]
[10, 11, 25]
[10, 14, 15]
[10, 17, 21]
[10, 22, 24]
[10, 23, 30]
[10, 26, 38]
[10, 27, 47]
[10, 28, 33]
[10, 29, 52]
[10, 31, 53]
[10, 32, 50]
[10, 34, 60]
[10, 35, 56]
[10, 36, 55]
[10, 37, 54]
[10, 39, 67]
[10, 40, 64]
[10, 41, 57]
[10, 42, 72]
[10, 43, 76]
[10, 44, 69]
[10, 45, 80]
[10, 46, 82]
[10, 48, 85]
[10, 49, 78]
[10, 51, 89]
[10, 58, 90]
[10, 59, 93]
[10, 61, 88]
[10, 63, 94]
[11, 11, 11]
[11, 14, 21]
[11, 16, 19]
[11, 17, 31]
[11, 23, 32]
[11, 24, 26]
[11, 27, 37]
[11, 28, 48]
[11, 29, 30]
[11, 33, 49]
[11, 34, 45]
[11, 35, 52]
[11, 36, 62]
[11, 38, 61]
[11, 39, 60]
[11, 40, 70]
[11, 41, 72]
[11, 42, 75]
[11, 43, 65]
[11, 44, 79]
[11, 46, 71]
[11, 47, 83]
[11, 50, 74]
[11, 51, 78]
[11, 53, 81]
[11, 54, 96]
[11, 55, 92]
[11, 56, 85]
[11, 57, 97]
[11, 58, 99]
[11, 59, 91]
[11, 64, 98]
[12, 12, 12]
[12, 13, 14]
[12, 15, 18]
[12, 22, 29]
[12, 25, 33]
[12, 27, 31]
[12, 28, 40]
[12, 30, 32]
[12, 34, 47]
[12, 35, 49]
[12, 36, 46]
[12, 37, 52]
[12, 38, 65]
[12, 39, 72]
[12, 41, 75]
[12, 42, 66]
[12, 43, 71]
[12, 44, 67]
[12, 45, 83]
[12, 48, 70]
[12, 50, 76]
[12, 51, 80]
[12, 53, 78]
[12, 54, 84]
[12, 55, 91]
[12, 56, 87]
[12, 57, 89]
[12, 59, 94]
[12, 60, 100]
[13, 13, 13]
[13, 15, 29]
[13, 18, 22]
[13, 23, 24]
[13, 26, 31]
[13, 27, 40]
[13, 28, 38]
[13, 30, 42]
[13, 32, 49]
[13, 33, 36]
[13, 34, 59]
[13, 35, 61]
[13, 37, 64]
[13, 39, 58]
[13, 41, 62]
[13, 43, 74]
[13, 44, 76]
[13, 45, 68]
[13, 46, 80]
[13, 47, 71]
[13, 48, 83]
[13, 50, 72]
[13, 51, 87]
[13, 52, 90]
[13, 53, 92]
[13, 54, 99]
[13, 55, 85]
[13, 56, 84]
[13, 57, 86]
[13, 60, 93]
[13, 63, 100]
[14, 14, 14]
[14, 16, 18]
[14, 17, 24]
[14, 25, 34]
[14, 26, 37]
[14, 27, 46]
[14, 28, 41]
[14, 29, 43]
[14, 30, 47]
[14, 31, 35]
[14, 32, 57]
[14, 33, 61]
[14, 36, 52]
[14, 38, 58]
[14, 39, 70]
[14, 40, 62]
[14, 42, 63]
[14, 44, 80]
[14, 45, 82]
[14, 48, 74]
[14, 49, 73]
[14, 50, 84]
[14, 51, 86]
[14, 53, 83]
[14, 54, 81]
[14, 55, 96]
[14, 56, 94]
[14, 59, 88]
[14, 64, 97]
[15, 15, 15]
[15, 16, 30]
[15, 17, 20]
[15, 19, 38]
[15, 22, 33]
[15, 26, 36]
[15, 28, 45]
[15, 31, 43]
[15, 32, 34]
[15, 35, 40]
[15, 37, 68]
[15, 39, 57]
[15, 41, 48]
[15, 42, 55]
[15, 44, 72]
[15, 46, 69]
[15, 47, 77]
[15, 49, 76]
[15, 50, 75]
[15, 51, 85]
[15, 52, 78]
[15, 53, 88]
[15, 54, 86]
[15, 56, 97]
[15, 58, 87]
[15, 60, 98]
[15, 61, 94]
[16, 16, 16]
[16, 17, 22]
[16, 20, 21]
[16, 24, 34]
[16, 29, 40]
[16, 31, 48]
[16, 32, 44]
[16, 33, 46]
[16, 35, 51]
[16, 36, 39]
[16, 37, 55]
[16, 38, 57]
[16, 41, 61]
[16, 42, 71]
[16, 43, 64]
[16, 45, 76]
[16, 47, 70]
[16, 49, 85]
[16, 50, 77]
[16, 52, 80]
[16, 53, 90]
[16, 54, 92]
[16, 56, 86]
[16, 58, 91]
[16, 59, 100]
[16, 62, 96]
[16, 63, 95]
[17, 17, 17]
[17, 18, 36]
[17, 19, 34]
[17, 23, 39]
[17, 25, 44]
[17, 32, 40]
[17, 35, 38]
[17, 37, 46]
[17, 41, 53]
[17, 42, 59]
[17, 43, 56]
[17, 45, 67]
[17, 47, 48]
[17, 49, 63]
[17, 50, 82]
[17, 51, 75]
[17, 52, 88]
[17, 54, 79]
[17, 55, 81]
[17, 57, 96]
[17, 58, 93]
[17, 62, 95]
[17, 65, 99]
[17, 66, 97]
[18, 18, 18]
[18, 19, 24]
[18, 20, 26]
[18, 21, 37]
[18, 25, 40]
[18, 27, 34]
[18, 38, 48]
[18, 39, 43]
[18, 41, 55]
[18, 42, 50]
[18, 44, 57]
[18, 45, 63]
[18, 46, 66]
[18, 47, 68]
[18, 49, 84]
[18, 51, 73]
[18, 52, 64]
[18, 53, 77]
[18, 54, 93]
[18, 56, 99]
[18, 58, 89]
[18, 59, 95]
[18, 65, 97]
[18, 67, 100]
[19, 19, 19]
[19, 20, 23]
[19, 21, 25]
[19, 22, 41]
[19, 26, 27]
[19, 33, 43]
[19, 35, 48]
[19, 37, 49]
[19, 39, 53]
[19, 40, 56]
[19, 42, 57]
[19, 44, 64]
[19, 45, 66]
[19, 46, 78]
[19, 47, 55]
[19, 50, 68]
[19, 51, 79]
[19, 52, 81]
[19, 54, 97]
[19, 58, 82]
[19, 59, 98]
[19, 61, 95]
[19, 63, 96]
[19, 65, 100]
[20, 20, 20]
[20, 24, 43]
[20, 25, 31]
[20, 28, 49]
[20, 30, 37]
[20, 33, 48]
[20, 35, 36]
[20, 38, 51]
[20, 39, 55]
[20, 40, 58]
[20, 41, 64]
[20, 42, 73]
[20, 44, 61]
[20, 45, 79]
[20, 46, 83]
[20, 47, 69]
[20, 50, 88]
[20, 52, 92]
[20, 53, 97]
[20, 54, 90]
[20, 56, 81]
[20, 57, 84]
[20, 59, 87]
[20, 63, 98]
[20, 65, 94]
[20, 66, 99]
[21, 21, 21]
[21, 22, 44]
[21, 23, 38]
[21, 26, 28]
[21, 29, 42]
[21, 30, 53]
[21, 32, 43]
[21, 33, 41]
[21, 40, 45]
[21, 46, 60]
[21, 47, 64]
[21, 48, 49]
[21, 50, 71]
[21, 51, 90]
[21, 52, 72]
[21, 54, 78]
[21, 55, 80]
[21, 56, 98]
[21, 57, 87]
[21, 58, 85]
[21, 61, 93]
[21, 62, 91]
[22, 22, 22]
[22, 23, 26]
[22, 25, 32]
[22, 27, 51]
[22, 30, 56]
[22, 31, 40]
[22, 34, 49]
[22, 42, 61]
[22, 45, 53]
[22, 46, 59]
[22, 47, 63]
[22, 48, 68]
[22, 50, 54]
[22, 52, 58]
[22, 55, 66]
[22, 57, 82]
[22, 60, 89]
[22, 62, 90]
[22, 65, 92]
[22, 67, 97]
[22, 69, 100]
[23, 23, 23]
[23, 25, 28]
[23, 27, 29]
[23, 31, 46]
[23, 33, 42]
[23, 36, 54]
[23, 43, 49]
[23, 44, 52]
[23, 45, 55]
[23, 47, 82]
[23, 48, 67]
[23, 50, 66]
[23, 51, 74]
[23, 53, 79]
[23, 57, 81]
[23, 59, 86]
[23, 60, 88]
[23, 61, 90]
[23, 62, 92]
[23, 68, 93]
[24, 24, 24]
[24, 25, 27]
[24, 28, 32]
[24, 29, 36]
[24, 30, 52]
[24, 31, 55]
[24, 33, 50]
[24, 35, 60]
[24, 45, 51]
[24, 46, 54]
[24, 47, 61]
[24, 48, 69]
[24, 49, 65]
[24, 53, 73]
[24, 56, 75]
[24, 57, 62]
[24, 58, 84]
[24, 59, 90]
[24, 63, 91]
[24, 66, 93]
[24, 68, 97]
[25, 25, 25]
[25, 29, 53]
[25, 30, 55]
[25, 35, 63]
[25, 37, 66]
[25, 39, 46]
[25, 47, 59]
[25, 48, 54]
[25, 49, 68]
[25, 50, 58]
[25, 51, 60]
[25, 52, 67]
[25, 56, 73]
[25, 57, 80]
[25, 61, 77]
[25, 62, 97]
[25, 64, 94]
[25, 65, 91]
[26, 26, 26]
[26, 29, 33]
[26, 30, 35]
[26, 32, 42]
[26, 34, 63]
[26, 39, 69]
[26, 45, 54]
[26, 46, 52]
[26, 48, 62]
[26, 49, 60]
[26, 51, 66]
[26, 53, 80]
[26, 55, 74]
[26, 56, 76]
[26, 57, 79]
[26, 58, 83]
[26, 61, 85]
[26, 64, 96]
[26, 65, 98]
[27, 27, 27]
[27, 28, 53]
[27, 30, 39]
[27, 32, 35]
[27, 33, 64]
[27, 36, 56]
[27, 45, 60]
[27, 48, 66]
[27, 49, 71]
[27, 50, 52]
[27, 54, 62]
[27, 55, 76]
[27, 57, 61]
[27, 58, 81]
[27, 59, 70]
[27, 63, 68]
[27, 67, 95]
[27, 72, 96]
[28, 28, 28]
[28, 29, 60]
[28, 31, 63]
[28, 34, 35]
[28, 36, 69]
[28, 37, 43]
[28, 39, 50]
[28, 51, 58]
[28, 52, 56]
[28, 54, 72]
[28, 55, 65]
[28, 57, 77]
[28, 59, 78]
[28, 61, 64]
[28, 62, 86]
[28, 66, 75]
[28, 67, 81]
[28, 70, 92]
[29, 29, 29]
[29, 31, 32]
[29, 34, 39]
[29, 35, 41]
[29, 37, 50]
[29, 38, 68]
[29, 49, 57]
[29, 54, 74]
[29, 55, 69]
[29, 56, 82]
[29, 58, 61]
[29, 59, 77]
[29, 62, 71]
[29, 63, 85]
[29, 64, 87]
[29, 65, 90]
[29, 66, 100]
[29, 67, 94]
[30, 30, 30]
[30, 31, 38]
[30, 33, 57]
[30, 34, 36]
[30, 40, 75]
[30, 41, 78]
[30, 43, 58]
[30, 44, 65]
[30, 54, 76]
[30, 59, 62]
[30, 60, 70]
[30, 61, 67]
[30, 63, 88]
[30, 64, 72]
[30, 66, 71]
[30, 68, 91]
[30, 69, 73]
[30, 74, 100]
[31, 31, 31]
[31, 33, 37]
[31, 36, 45]
[31, 39, 41]
[31, 42, 62]
[31, 54, 65]
[31, 56, 68]
[31, 57, 67]
[31, 58, 75]
[31, 59, 83]
[31, 60, 82]
[31, 61, 87]
[31, 64, 91]
[31, 66, 95]
[31, 70, 77]
[31, 71, 72]
[32, 32, 32]
[32, 33, 65]
[32, 36, 41]
[32, 37, 38]
[32, 39, 45]
[32, 46, 67]
[32, 56, 63]
[32, 58, 78]
[32, 59, 68]
[32, 60, 71]
[32, 61, 86]
[32, 62, 75]
[32, 64, 88]
[32, 66, 92]
[32, 69, 96]
[32, 70, 80]
[33, 33, 33]
[33, 34, 66]
[33, 35, 44]
[33, 38, 40]
[33, 39, 47]
[33, 45, 62]
[33, 58, 69]
[33, 60, 76]
[33, 67, 68]
[33, 70, 75]
[33, 71, 83]
[33, 72, 93]
[33, 73, 88]
[33, 77, 99]
[33, 78, 82]
[34, 34, 34]
[34, 37, 42]
[34, 38, 67]
[34, 40, 44]
[34, 41, 73]
[34, 43, 46]
[34, 48, 71]
[34, 50, 51]
[34, 52, 65]
[34, 61, 79]
[34, 62, 81]
[34, 64, 78]
[34, 68, 83]
[34, 69, 93]
[34, 70, 95]
[34, 72, 84]
[35, 35, 35]
[35, 37, 39]
[35, 42, 76]
[35, 43, 53]
[35, 45, 46]
[35, 47, 50]
[35, 64, 84]
[35, 65, 83]
[35, 66, 89]
[35, 67, 74]
[35, 68, 92]
[35, 69, 95]
[35, 70, 79]
[35, 71, 98]
[35, 72, 80]
[35, 78, 93]
[36, 36, 36]
[36, 37, 67]
[36, 38, 50]
[36, 40, 42]
[36, 43, 78]
[36, 44, 47]
[36, 48, 84]
[36, 49, 74]
[36, 51, 68]
[36, 57, 63]
[36, 64, 77]
[36, 66, 73]
[36, 70, 89]
[36, 72, 88]
[36, 75, 99]
[36, 82, 90]
[37, 37, 37]
[37, 40, 72]
[37, 41, 77]
[37, 44, 51]
[37, 45, 71]
[37, 47, 81]
[37, 48, 86]
[37, 53, 75]
[37, 61, 70]
[37, 65, 78]
[37, 69, 94]
[37, 73, 74]
[37, 76, 95]
[37, 79, 90]
[37, 84, 89]
[38, 38, 38]
[38, 39, 42]
[38, 41, 47]
[38, 43, 72]
[38, 44, 55]
[38, 45, 81]
[38, 46, 84]
[38, 49, 89]
[38, 52, 75]
[38, 53, 95]
[38, 54, 80]
[38, 56, 83]
[38, 69, 86]
[38, 70, 98]
[38, 71, 96]
[38, 76, 100]
[38, 77, 85]
[38, 79, 88]
[38, 82, 94]
[39, 39, 39]
[39, 40, 51]
[39, 44, 75]
[39, 48, 89]
[39, 49, 56]
[39, 52, 79]
[39, 54, 77]
[39, 61, 80]
[39, 71, 86]
[39, 73, 82]
[39, 74, 92]
[39, 83, 91]
[39, 93, 94]
[40, 40, 40]
[40, 41, 74]
[40, 43, 77]
[40, 46, 85]
[40, 47, 49]
[40, 48, 52]
[40, 50, 53]
[40, 54, 55]
[40, 57, 83]
[40, 60, 81]
[40, 67, 84]
[40, 68, 90]
[40, 73, 100]
[40, 76, 99]
[40, 78, 86]
[40, 87, 98]
[41, 41, 41]
[41, 42, 43]
[41, 44, 46]
[41, 45, 50]
[41, 49, 67]
[41, 51, 70]
[41, 52, 59]
[41, 54, 71]
[41, 56, 80]
[41, 58, 86]
[41, 60, 87]
[41, 76, 89]
[41, 79, 95]
[41, 84, 94]
[42, 42, 42]
[42, 44, 49]
[42, 45, 52]
[42, 46, 58]
[42, 47, 56]
[42, 48, 82]
[42, 51, 94]
[42, 53, 100]
[42, 54, 83]
[42, 60, 74]
[42, 78, 89]
[42, 80, 93]
[42, 81, 96]
[43, 43, 43]
[43, 44, 85]
[43, 45, 47]
[43, 48, 61]
[43, 50, 57]
[43, 51, 54]
[43, 52, 60]
[43, 55, 79]
[43, 59, 84]
[43, 62, 89]
[43, 63, 92]
[43, 75, 97]
[43, 93, 99]
[43, 95, 100]
[44, 44, 44]
[44, 45, 58]
[44, 48, 91]
[44, 50, 59]
[44, 53, 63]
[44, 54, 94]
[44, 56, 60]
[44, 62, 88]
[44, 66, 84]
[44, 74, 93]
[44, 77, 89]
[44, 78, 98]
[44, 87, 90]
[45, 45, 45]
[45, 48, 56]
[45, 49, 61]
[45, 57, 59]
[45, 64, 65]
[45, 69, 85]
[45, 86, 92]
[45, 93, 96]
[46, 46, 46]
[46, 47, 88]
[46, 48, 53]
[46, 49, 50]
[46, 51, 63]
[46, 55, 57]
[46, 56, 100]
[46, 61, 92]
[46, 62, 87]
[46, 64, 68]
[46, 79, 86]
[46, 81, 99]
[46, 89, 95]
[47, 47, 47]
[47, 51, 62]
[47, 52, 57]
[47, 53, 54]
[47, 58, 65]
[47, 66, 85]
[47, 67, 80]
[47, 72, 90]
[47, 73, 94]
[47, 87, 99]
[48, 48, 48]
[48, 50, 55]
[48, 51, 92]
[48, 57, 58]
[48, 59, 63]
[48, 64, 95]
[48, 65, 87]
[48, 72, 97]
[48, 88, 94]
[48, 90, 98]
[49, 49, 49]
[49, 51, 52]
[49, 53, 64]
[49, 54, 59]
[49, 55, 58]
[49, 62, 72]
[49, 66, 91]
[49, 69, 90]
[49, 70, 99]
[50, 50, 50]
[50, 56, 61]
[50, 62, 63]
[50, 64, 93]
[50, 65, 96]
[50, 67, 73]
[50, 69, 97]
[51, 51, 51]
[51, 53, 57]
[51, 55, 97]
[51, 56, 64]
[51, 59, 61]
[51, 67, 93]
[51, 71, 91]
[52, 52, 52]
[52, 53, 68]
[52, 54, 61]
[52, 55, 99]
[52, 62, 66]
[52, 63, 74]
[52, 69, 70]
[52, 71, 76]
[53, 53, 53]
[53, 55, 98]
[53, 56, 59]
[53, 58, 70]
[53, 60, 91]
[53, 61, 66]
[53, 69, 99]
[53, 72, 94]
[54, 54, 54]
[54, 56, 58]
[54, 57, 60]
[54, 63, 67]
[54, 64, 69]
[54, 73, 98]
[55, 55, 55]
[55, 56, 72]
[55, 59, 71]
[55, 60, 68]
[55, 61, 62]
[55, 63, 73]
[55, 67, 70]
[55, 75, 95]
[56, 56, 56]
[56, 57, 69]
[56, 62, 77]
[56, 65, 66]
[57, 57, 57]
[57, 64, 75]
[57, 66, 70]
[57, 68, 76]
[57, 72, 73]
[57, 74, 90]
[57, 85, 100]
[58, 58, 58]
[58, 60, 63]
[58, 62, 73]
[58, 64, 71]
[58, 66, 74]
[58, 67, 77]
[59, 59, 59]
[59, 60, 73]
[59, 64, 66]
[59, 65, 72]
[59, 67, 75]
[59, 69, 89]
[59, 76, 80]
[59, 81, 82]
[60, 60, 60]
[60, 61, 78]
[60, 62, 69]
[60, 64, 79]
[60, 65, 67]
[60, 75, 83]
[60, 80, 84]
[61, 61, 61]
[61, 63, 75]
[61, 65, 76]
[61, 68, 69]
[61, 72, 81]
[61, 73, 89]
[61, 74, 84]
[62, 62, 62]
[62, 64, 74]
[62, 65, 68]
[62, 67, 83]
[62, 70, 78]
[62, 79, 84]
[63, 63, 63]
[63, 64, 80]
[63, 65, 71]
[63, 66, 81]
[63, 70, 90]
[63, 76, 77]
[63, 79, 83]
[63, 86, 93]
[64, 64, 64]
[64, 67, 76]
[64, 70, 86]
[64, 73, 83]
[64, 81, 89]
[64, 82, 85]
[65, 65, 65]
[65, 69, 74]
[65, 70, 73]
[65, 75, 77]
[65, 84, 88]
[66, 66, 66]
[66, 67, 86]
[66, 68, 72]
[66, 69, 80]
[66, 76, 78]
[66, 77, 83]
[66, 79, 82]
[66, 87, 94]
[67, 67, 67]
[67, 69, 79]
[67, 71, 78]
[67, 72, 85]
[67, 82, 99]
[67, 87, 89]
[67, 88, 91]
[67, 90, 96]
[68, 68, 68]
[68, 70, 81]
[68, 71, 73]
[68, 74, 78]
[68, 75, 85]
[68, 77, 84]
[68, 79, 96]
[68, 80, 94]
[68, 82, 98]
[68, 87, 100]
[69, 69, 69]
[69, 71, 87]
[69, 72, 78]
[69, 77, 81]
[69, 83, 88]
[70, 70, 70]
[70, 71, 82]
[70, 72, 91]
[70, 74, 94]
[70, 76, 83]
[70, 84, 85]
[70, 87, 93]
[70, 96, 100]
[71, 71, 71]
[71, 74, 97]
[71, 75, 84]
[71, 77, 92]
[71, 79, 80]
[71, 81, 88]
[71, 89, 99]
[71, 90, 93]
[72, 72, 72]
[72, 74, 86]
[72, 75, 98]
[72, 76, 87]
[72, 79, 89]
[72, 92, 99]
[73, 73, 73]
[73, 75, 93]
[73, 76, 90]
[73, 78, 87]
[73, 79, 81]
[73, 80, 86]
[73, 84, 97]
[73, 85, 95]
[74, 74, 74]
[74, 75, 96]
[74, 76, 82]
[74, 79, 98]
[74, 80, 95]
[74, 83, 99]
[75, 75, 75]
[75, 76, 91]
[75, 80, 81]
[75, 82, 100]
[75, 86, 90]
[76, 76, 76]
[76, 84, 86]
[76, 88, 93]
[76, 92, 98]
[76, 96, 97]
[77, 77, 77]
[77, 78, 79]
[77, 80, 82]
[77, 86, 91]
[77, 87, 95]
[78, 78, 78]
[78, 80, 85]
[78, 81, 94]
[78, 83, 92]
[78, 84, 96]
[79, 79, 79]
[79, 85, 91]
[79, 87, 92]
[79, 93, 100]
[79, 94, 97]
[80, 80, 80]
[80, 83, 87]
[80, 88, 100]
[80, 89, 98]
[80, 90, 92]
[81, 81, 81]
[81, 83, 84]
[81, 85, 98]
[81, 86, 100]
[82, 82, 82]
[82, 83, 95]
[82, 87, 91]
[82, 88, 97]
[82, 89, 96]
[83, 83, 83]
[83, 86, 96]
[83, 94, 98]
[84, 84, 84]
[84, 91, 92]
[85, 85, 85]
[85, 86, 89]
[85, 87, 96]
[85, 90, 94]
[86, 86, 86]
[86, 94, 99]
[87, 87, 87]
[88, 88, 88]
[88, 89, 92]
[88, 95, 99]
[88, 96, 98]
[89, 89, 89]
[90, 90, 90]
[90, 95, 97]
[90, 99, 100]
[91, 91, 91]
[91, 96, 99]
[92, 92, 92]
[92, 93, 97]
[93, 93, 93]
[94, 94, 94]
[95, 95, 95]
[96, 96, 96]
[97, 97, 97]
[98, 98, 98]
[99, 99, 99]
[100, 100, 100]
