[0, 0, 1]
[0, 1, 0]
[1, 0, 0]
[0, 2, 2]
[2, 0, 2]
[2, 2, 0]
[0, 3, 5]
[0, 5, 3]
[3, 0, 5]
[3, 5, 0]
[5, 0, 3]
[5, 3, 0]
[0, 4, 7]
[0, 7, 4]
[4, 0, 7]
[4, 7, 0]
[7, 0, 4]
[7, 4, 0]
[0, 6, 10]
[0, 10, 6]
[6, 0, 10]
[6, 10, 0]
[10, 0, 6]
[10, 6, 0]
[0, 8, 13]
[0, 13, 8]
[8, 0, 13]
[8, 13, 0]
[13, 0, 8]
[13, 8, 0]
[0, 9, 15]
[0, 15, 9]
[9, 0, 15]
[9, 15, 0]
[15, 0, 9]
[15, 9, 0]
[0, 11, 18]
[0, 18, 11]
[11, 0, 18]
[11, 18, 0]
[18, 0, 11]
[18, 11, 0]
[0, 12, 20]
[0, 20, 12]
[12, 0, 20]
[12, 20, 0]
[20, 0, 12]
[20, 12, 0]
[0, 14, 23]
[0, 23, 14]
[14, 0, 23]
[14, 23, 0]
[23, 0, 14]
[23, 14, 0]
[0, 16, 26]
[0, 26, 16]
[16, 0, 26]
[16, 26, 0]
[26, 0, 16]
[26, 16, 0]
[0, 17, 28]
[0, 28, 17]
[17, 0, 28]
[17, 28, 0]
[28, 0, 17]
[28, 17, 0]
[0, 19, 31]
[0, 31, 19]
[19, 0, 31]
[19, 31, 0]
[31, 0, 19]
[31, 19, 0]
[0, 21, 34]
[0, 34, 21]
[21, 0, 34]
[21, 34, 0]
[34, 0, 21]
[34, 21, 0]
[0, 22, 36]
[0, 36, 22]
[22, 0, 36]
[22, 36, 0]
[36, 0, 22]
[36, 22, 0]
[0, 24, 39]
[0, 39, 24]
[24, 0, 39]
[24, 39, 0]
[39, 0, 24]
[39, 24, 0]
[1, 1, 2]
[1, 2, 1]
[2, 1, 1]
[1, 3, 7]
[1, 7, 3]
[3, 1, 7]
[3, 7, 1]
[7, 1, 3]
[7, 3, 1]
[1, 4, 6]
[1, 6, 4]
[4, 1, 6]
[4, 6, 1]
[6, 1, 4]
[6, 4, 1]
[1, 5, 8]
[1, 8, 5]
[5, 1, 8]
[5, 8, 1]
[8, 1, 5]
[8, 5, 1]
[1, 9, 14]
[1, 14, 9]
[9, 1, 14]
[9, 14, 1]
[14, 1, 9]
[14, 9, 1]
[1, 10, 16]
[1, 16, 10]
[10, 1, 16]
[10, 16, 1]
[16, 1, 10]
[16, 10, 1]
[1, 11, 20]
[1, 20, 11]
[11, 1, 20]
[11, 20, 1]
[20, 1, 11]
[20, 11, 1]
[1, 12, 19]
[1, 19, 12]
[12, 1, 19]
[12, 19, 1]
[19, 1, 12]
[19, 12, 1]
[1, 13, 21]
[1, 21, 13]
[13, 1, 21]
[13, 21, 1]
[21, 1, 13]
[21, 13, 1]
[1, 15, 25]
[1, 25, 15]
[15, 1, 25]
[15, 25, 1]
[25, 1, 15]
[25, 15, 1]
[1, 17, 30]
[1, 30, 17]
[17, 1, 30]
[17, 30, 1]
[30, 1, 17]
[30, 17, 1]
[1, 18, 29]
[1, 29, 18]
[18, 1, 29]
[18, 29, 1]
[29, 1, 18]
[29, 18, 1]
[1, 22, 38]
[1, 38, 22]
[22, 1, 38]
[22, 38, 1]
[38, 1, 22]
[38, 22, 1]
[1, 23, 35]
[1, 35, 23]
[23, 1, 35]
[23, 35, 1]
[35, 1, 23]
[35, 23, 1]
[1, 26, 40]
[1, 40, 26]
[26, 1, 40]
[26, 40, 1]
[40, 1, 26]
[40, 26, 1]
[2, 3, 4]
[2, 4, 3]
[3, 2, 4]
[3, 4, 2]
[4, 2, 3]
[4, 3, 2]
[2, 5, 10]
[2, 10, 5]
[5, 2, 10]
[5, 10, 2]
[10, 2, 5]
[10, 5, 2]
[2, 6, 9]
[2, 9, 6]
[6, 2, 9]
[6, 9, 2]
[9, 2, 6]
[9, 6, 2]
[2, 7, 11]
[2, 11, 7]
[7, 2, 11]
[7, 11, 2]
[11, 2, 7]
[11, 7, 2]
[2, 8, 14]
[2, 14, 8]
[8, 2, 14]
[8, 14, 2]
[14, 2, 8]
[14, 8, 2]
[2, 12, 21]
[2, 21, 12]
[12, 2, 21]
[12, 21, 2]
[21, 2, 12]
[21, 12, 2]
[2, 13, 20]
[2, 20, 13]
[13, 2, 20]
[13, 20, 2]
[20, 2, 13]
[20, 13, 2]
[2, 15, 23]
[2, 23, 15]
[15, 2, 23]
[15, 23, 2]
[23, 2, 15]
[23, 15, 2]
[2, 16, 27]
[2, 27, 16]
[16, 2, 27]
[16, 27, 2]
[27, 2, 16]
[27, 16, 2]
[2, 17, 29]
[2, 29, 17]
[17, 2, 29]
[17, 29, 2]
[29, 2, 17]
[29, 17, 2]
[2, 18, 28]
[2, 28, 18]
[18, 2, 28]
[18, 28, 2]
[28, 2, 18]
[28, 18, 2]
[2, 19, 32]
[2, 32, 19]
[19, 2, 32]
[19, 32, 2]
[32, 2, 19]
[32, 19, 2]
[2, 22, 37]
[2, 37, 22]
[22, 2, 37]
[22, 37, 2]
[37, 2, 22]
[37, 22, 2]
[2, 24, 38]
[2, 38, 24]
[24, 2, 38]
[24, 38, 2]
[38, 2, 24]
[38, 24, 2]
[3, 3, 3]
[3, 6, 14]
[3, 14, 6]
[6, 3, 14]
[6, 14, 3]
[14, 3, 6]
[14, 6, 3]
[3, 8, 9]
[3, 9, 8]
[8, 3, 9]
[8, 9, 3]
[9, 3, 8]
[9, 8, 3]
[3, 10, 13]
[3, 13, 10]
[10, 3, 13]
[10, 13, 3]
[13, 3, 10]
[13, 10, 3]
[3, 11, 15]
[3, 15, 11]
[11, 3, 15]
[11, 15, 3]
[15, 3, 11]
[15, 11, 3]
[3, 12, 24]
[3, 24, 12]
[12, 3, 24]
[12, 24, 3]
[24, 3, 12]
[24, 12, 3]
[3, 16, 25]
[3, 25, 16]
[16, 3, 25]
[16, 25, 3]
[25, 3, 16]
[25, 16, 3]
[3, 17, 33]
[3, 33, 17]
[17, 3, 33]
[17, 33, 3]
[33, 3, 17]
[33, 17, 3]
[3, 18, 32]
[3, 32, 18]
[18, 3, 32]
[18, 32, 3]
[32, 3, 18]
[32, 18, 3]
[3, 19, 29]
[3, 29, 19]
[19, 3, 29]
[19, 29, 3]
[29, 3, 19]
[29, 19, 3]
[3, 20, 27]
[3, 27, 20]
[20, 3, 27]
[20, 27, 3]
[27, 3, 20]
[27, 20, 3]
[3, 21, 36]
[3, 36, 21]
[21, 3, 36]
[21, 36, 3]
[36, 3, 21]
[36, 21, 3]
[3, 22, 35]
[3, 35, 22]
[22, 3, 35]
[22, 35, 3]
[35, 3, 22]
[35, 22, 3]
[3, 23, 34]
[3, 34, 23]
[23, 3, 34]
[23, 34, 3]
[34, 3, 23]
[34, 23, 3]
[4, 4, 4]
[4, 5, 9]
[4, 9, 5]
[5, 4, 9]
[5, 9, 4]
[9, 4, 5]
[9, 5, 4]
[4, 8, 11]
[4, 11, 8]
[8, 4, 11]
[8, 11, 4]
[11, 4, 8]
[11, 8, 4]
[4, 10, 12]
[4, 12, 10]
[10, 4, 12]
[10, 12, 4]
[12, 4, 10]
[12, 10, 4]
[4, 13, 19]
[4, 19, 13]
[13, 4, 19]
[13, 19, 4]
[19, 4, 13]
[19, 13, 4]
[4, 14, 22]
[4, 22, 14]
[14, 4, 22]
[14, 22, 4]
[22, 4, 14]
[22, 14, 4]
[4, 15, 24]
[4, 24, 15]
[15, 4, 24]
[15, 24, 4]
[24, 4, 15]
[24, 15, 4]
[4, 16, 28]
[4, 28, 16]
[16, 4, 28]
[16, 28, 4]
[28, 4, 16]
[28, 16, 4]
[4, 17, 27]
[4, 27, 17]
[17, 4, 27]
[17, 27, 4]
[27, 4, 17]
[27, 17, 4]
[4, 18, 31]
[4, 31, 18]
[18, 4, 31]
[18, 31, 4]
[31, 4, 18]
[31, 18, 4]
[4, 20, 34]
[4, 34, 20]
[20, 4, 34]
[20, 34, 4]
[34, 4, 20]
[34, 20, 4]
[4, 21, 39]
[4, 39, 21]
[21, 4, 39]
[21, 39, 4]
[39, 4, 21]
[39, 21, 4]
[4, 23, 40]
[4, 40, 23]
[23, 4, 40]
[23, 40, 4]
[40, 4, 23]
[40, 23, 4]
[4, 25, 36]
[4, 36, 25]
[25, 4, 36]
[25, 36, 4]
[36, 4, 25]
[36, 25, 4]
[5, 5, 5]
[5, 6, 7]
[5, 7, 6]
[6, 5, 7]
[6, 7, 5]
[7, 5, 6]
[7, 6, 5]
[5, 11, 13]
[5, 13, 11]
[11, 5, 13]
[11, 13, 5]
[13, 5, 11]
[13, 11, 5]
[5, 12, 16]
[5, 16, 12]
[12, 5, 16]
[12, 16, 5]
[16, 5, 12]
[16, 12, 5]
[5, 14, 20]
[5, 20, 14]
[14, 5, 20]
[14, 20, 5]
[20, 5, 14]
[20, 14, 5]
[5, 15, 27]
[5, 27, 15]
[15, 5, 27]
[15, 27, 5]
[27, 5, 15]
[27, 15, 5]
[5, 17, 26]
[5, 26, 17]
[17, 5, 26]
[17, 26, 5]
[26, 5, 17]
[26, 17, 5]
[5, 18, 35]
[5, 35, 18]
[18, 5, 35]
[18, 35, 5]
[35, 5, 18]
[35, 18, 5]
[5, 19, 30]
[5, 30, 19]
[19, 5, 30]
[19, 30, 5]
[30, 5, 19]
[30, 19, 5]
[5, 21, 31]
[5, 31, 21]
[21, 5, 31]
[21, 31, 5]
[31, 5, 21]
[31, 21, 5]
[5, 23, 37]
[5, 37, 23]
[23, 5, 37]
[23, 37, 5]
[37, 5, 23]
[37, 23, 5]
[5, 25, 38]
[5, 38, 25]
[25, 5, 38]
[25, 38, 5]
[38, 5, 25]
[38, 25, 5]
[6, 6, 6]
[6, 8, 16]
[6, 16, 8]
[8, 6, 16]
[8, 16, 6]
[16, 6, 8]
[16, 8, 6]
[6, 11, 12]
[6, 12, 11]
[11, 6, 12]
[11, 12, 6]
[12, 6, 11]
[12, 11, 6]
[6, 13, 17]
[6, 17, 13]
[13, 6, 17]
[13, 17, 6]
[17, 6, 13]
[17, 13, 6]
[6, 15, 21]
[6, 21, 15]
[15, 6, 21]
[15, 21, 6]
[21, 6, 15]
[21, 15, 6]
[6, 18, 23]
[6, 23, 18]
[18, 6, 23]
[18, 23, 6]
[23, 6, 18]
[23, 18, 6]
[6, 19, 28]
[6, 28, 19]
[19, 6, 28]
[19, 28, 6]
[28, 6, 19]
[28, 19, 6]
[6, 20, 32]
[6, 32, 20]
[20, 6, 32]
[20, 32, 6]
[32, 6, 20]
[32, 20, 6]
[6, 22, 39]
[6, 39, 22]
[22, 6, 39]
[22, 39, 6]
[39, 6, 22]
[39, 22, 6]
[6, 24, 40]
[6, 40, 24]
[24, 6, 40]
[24, 40, 6]
[40, 6, 24]
[40, 24, 6]
[7, 7, 7]
[7, 8, 15]
[7, 15, 8]
[8, 7, 15]
[8, 15, 7]
[15, 7, 8]
[15, 8, 7]
[7, 9, 17]
[7, 17, 9]
[9, 7, 17]
[9, 17, 7]
[17, 7, 9]
[17, 9, 7]
[7, 10, 20]
[7, 20, 10]
[10, 7, 20]
[10, 20, 7]
[20, 7, 10]
[20, 10, 7]
[7, 12, 23]
[7, 23, 12]
[12, 7, 23]
[12, 23, 7]
[23, 7, 12]
[23, 12, 7]
[7, 13, 16]
[7, 16, 13]
[13, 7, 16]
[13, 16, 7]
[16, 7, 13]
[16, 13, 7]
[7, 14, 19]
[7, 19, 14]
[14, 7, 19]
[14, 19, 7]
[19, 7, 14]
[19, 14, 7]
[7, 18, 30]
[7, 30, 18]
[18, 7, 30]
[18, 30, 7]
[30, 7, 18]
[30, 18, 7]
[7, 21, 35]
[7, 35, 21]
[21, 7, 35]
[21, 35, 7]
[35, 7, 21]
[35, 21, 7]
[7, 22, 28]
[7, 28, 22]
[22, 7, 28]
[22, 28, 7]
[28, 7, 22]
[28, 22, 7]
[7, 24, 37]
[7, 37, 24]
[24, 7, 37]
[24, 37, 7]
[37, 7, 24]
[37, 24, 7]
[8, 8, 8]
[8, 10, 19]
[8, 19, 10]
[10, 8, 19]
[10, 19, 8]
[19, 8, 10]
[19, 10, 8]
[8, 12, 17]
[8, 17, 12]
[12, 8, 17]
[12, 17, 8]
[17, 8, 12]
[17, 12, 8]
[8, 18, 33]
[8, 33, 18]
[18, 8, 33]
[18, 33, 8]
[33, 8, 18]
[33, 18, 8]
[8, 20, 22]
[8, 22, 20]
[20, 8, 22]
[20, 22, 8]
[22, 8, 20]
[22, 20, 8]
[8, 21, 24]
[8, 24, 21]
[21, 8, 24]
[21, 24, 8]
[24, 8, 21]
[24, 21, 8]
[8, 25, 26]
[8, 26, 25]
[25, 8, 26]
[25, 26, 8]
[26, 8, 25]
[26, 25, 8]
[8, 27, 38]
[8, 38, 27]
[27, 8, 38]
[27, 38, 8]
[38, 8, 27]
[38, 27, 8]
[9, 9, 9]
[9, 10, 18]
[9, 18, 10]
[10, 9, 18]
[10, 18, 9]
[18, 9, 10]
[18, 10, 9]
[9, 11, 22]
[9, 22, 11]
[11, 9, 22]
[11, 22, 9]
[22, 9, 11]
[22, 11, 9]
[9, 12, 26]
[9, 26, 12]
[12, 9, 26]
[12, 26, 9]
[26, 9, 12]
[26, 12, 9]
[9, 13, 25]
[9, 25, 13]
[13, 9, 25]
[13, 25, 9]
[25, 9, 13]
[25, 13, 9]
[9, 16, 23]
[9, 23, 16]
[16, 9, 23]
[16, 23, 9]
[23, 9, 16]
[23, 16, 9]
[9, 19, 36]
[9, 36, 19]
[19, 9, 36]
[19, 36, 9]
[36, 9, 19]
[36, 19, 9]
[9, 20, 29]
[9, 29, 20]
[20, 9, 29]
[20, 29, 9]
[29, 9, 20]
[29, 20, 9]
[9, 21, 27]
[9, 27, 21]
[21, 9, 27]
[21, 27, 9]
[27, 9, 21]
[27, 21, 9]
[9, 28, 30]
[9, 30, 28]
[28, 9, 30]
[28, 30, 9]
[30, 9, 28]
[30, 28, 9]
[9, 31, 34]
[9, 34, 31]
[31, 9, 34]
[31, 34, 9]
[34, 9, 31]
[34, 31, 9]
[10, 10, 10]
[10, 11, 25]
[10, 25, 11]
[11, 10, 25]
[11, 25, 10]
[25, 10, 11]
[25, 11, 10]
[10, 14, 15]
[10, 15, 14]
[14, 10, 15]
[14, 15, 10]
[15, 10, 14]
[15, 14, 10]
[10, 17, 21]
[10, 21, 17]
[17, 10, 21]
[17, 21, 10]
[21, 10, 17]
[21, 17, 10]
[10, 22, 24]
[10, 24, 22]
[22, 10, 24]
[22, 24, 10]
[24, 10, 22]
[24, 22, 10]
[10, 23, 30]
[10, 30, 23]
[23, 10, 30]
[23, 30, 10]
[30, 10, 23]
[30, 23, 10]
[10, 26, 38]
[10, 38, 26]
[26, 10, 38]
[26, 38, 10]
[38, 10, 26]
[38, 26, 10]
[10, 28, 33]
[10, 33, 28]
[28, 10, 33]
[28, 33, 10]
[33, 10, 28]
[33, 28, 10]
[11, 11, 11]
[11, 14, 21]
[11, 21, 14]
[14, 11, 21]
[14, 21, 11]
[21, 11, 14]
[21, 14, 11]
[11, 16, 19]
[11, 19, 16]
[16, 11, 19]
[16, 19, 11]
[19, 11, 16]
[19, 16, 11]
[11, 17, 31]
[11, 31, 17]
[17, 11, 31]
[17, 31, 11]
[31, 11, 17]
[31, 17, 11]
[11, 23, 32]
[11, 32, 23]
[23, 11, 32]
[23, 32, 11]
[32, 11, 23]
[32, 23, 11]
[11, 24, 26]
[11, 26, 24]
[24, 11, 26]
[24, 26, 11]
[26, 11, 24]
[26, 24, 11]
[11, 27, 37]
[11, 37, 27]
[27, 11, 37]
[27, 37, 11]
[37, 11, 27]
[37, 27, 11]
[11, 29, 30]
[11, 30, 29]
[29, 11, 30]
[29, 30, 11]
[30, 11, 29]
[30, 29, 11]
[12, 12, 12]
[12, 13, 14]
[12, 14, 13]
[13, 12, 14]
[13, 14, 12]
[14, 12, 13]
[14, 13, 12]
[12, 15, 18]
[12, 18, 15]
[15, 12, 18]
[15, 18, 12]
[18, 12, 15]
[18, 15, 12]
[12, 22, 29]
[12, 29, 22]
[22, 12, 29]
[22, 29, 12]
[29, 12, 22]
[29, 22, 12]
[12, 25, 33]
[12, 33, 25]
[25, 12, 33]
[25, 33, 12]
[33, 12, 25]
[33, 25, 12]
[12, 27, 31]
[12, 31, 27]
[27, 12, 31]
[27, 31, 12]
[31, 12, 27]
[31, 27, 12]
[12, 28, 40]
[12, 40, 28]
[28, 12, 40]
[28, 40, 12]
[40, 12, 28]
[40, 28, 12]
[12, 30, 32]
[12, 32, 30]
[30, 12, 32]
[30, 32, 12]
[32, 12, 30]
[32, 30, 12]
[13, 13, 13]
[13, 15, 29]
[13, 29, 15]
[15, 13, 29]
[15, 29, 13]
[29, 13, 15]
[29, 15, 13]
[13, 18, 22]
[13, 22, 18]
[18, 13, 22]
[18, 22, 13]
[22, 13, 18]
[22, 18, 13]
[13, 23, 24]
[13, 24, 23]
[23, 13, 24]
[23, 24, 13]
[24, 13, 23]
[24, 23, 13]
[13, 26, 31]
[13, 31, 26]
[26, 13, 31]
[26, 31, 13]
[31, 13, 26]
[31, 26, 13]
[13, 27, 40]
[13, 40, 27]
[27, 13, 40]
[27, 40, 13]
[40, 13, 27]
[40, 27, 13]
[13, 28, 38]
[13, 38, 28]
[28, 13, 38]
[28, 38, 13]
[38, 13, 28]
[38, 28, 13]
[13, 33, 36]
[13, 36, 33]
[33, 13, 36]
[33, 36, 13]
[36, 13, 33]
[36, 33, 13]
[14, 14, 14]
[14, 16, 18]
[14, 18, 16]
[16, 14, 18]
[16, 18, 14]
[18, 14, 16]
[18, 16, 14]
[14, 17, 24]
[14, 24, 17]
[17, 14, 24]
[17, 24, 14]
[24, 14, 17]
[24, 17, 14]
[14, 25, 34]
[14, 34, 25]
[25, 14, 34]
[25, 34, 14]
[34, 14, 25]
[34, 25, 14]
[14, 26, 37]
[14, 37, 26]
[26, 14, 37]
[26, 37, 14]
[37, 14, 26]
[37, 26, 14]
[14, 31, 35]
[14, 35, 31]
[31, 14, 35]
[31, 35, 14]
[35, 14, 31]
[35, 31, 14]
[15, 15, 15]
[15, 16, 30]
[15, 30, 16]
[16, 15, 30]
[16, 30, 15]
[30, 15, 16]
[30, 16, 15]
[15, 17, 20]
[15, 20, 17]
[17, 15, 20]
[17, 20, 15]
[20, 15, 17]
[20, 17, 15]
[15, 19, 38]
[15, 38, 19]
[19, 15, 38]
[19, 38, 15]
[38, 15, 19]
[38, 19, 15]
[15, 22, 33]
[15, 33, 22]
[22, 15, 33]
[22, 33, 15]
[33, 15, 22]
[33, 22, 15]
[15, 26, 36]
[15, 36, 26]
[26, 15, 36]
[26, 36, 15]
[36, 15, 26]
[36, 26, 15]
[15, 32, 34]
[15, 34, 32]
[32, 15, 34]
[32, 34, 15]
[34, 15, 32]
[34, 32, 15]
[15, 35, 40]
[15, 40, 35]
[35, 15, 40]
[35, 40, 15]
[40, 15, 35]
[40, 35, 15]
[16, 16, 16]
[16, 17, 22]
[16, 22, 17]
[17, 16, 22]
[17, 22, 16]
[22, 16, 17]
[22, 17, 16]
[16, 20, 21]
[16, 21, 20]
[20, 16, 21]
[20, 21, 16]
[21, 16, 20]
[21, 20, 16]
[16, 24, 34]
[16, 34, 24]
[24, 16, 34]
[24, 34, 16]
[34, 16, 24]
[34, 24, 16]
[16, 29, 40]
[16, 40, 29]
[29, 16, 40]
[29, 40, 16]
[40, 16, 29]
[40, 29, 16]
[16, 36, 39]
[16, 39, 36]
[36, 16, 39]
[36, 39, 16]
[39, 16, 36]
[39, 36, 16]
[17, 17, 17]
[17, 18, 36]
[17, 36, 18]
[18, 17, 36]
[18, 36, 17]
[36, 17, 18]
[36, 18, 17]
[17, 19, 34]
[17, 34, 19]
[19, 17, 34]
[19, 34, 17]
[34, 17, 19]
[34, 19, 17]
[17, 23, 39]
[17, 39, 23]
[23, 17, 39]
[23, 39, 17]
[39, 17, 23]
[39, 23, 17]
[17, 32, 40]
[17, 40, 32]
[32, 17, 40]
[32, 40, 17]
[40, 17, 32]
[40, 32, 17]
[17, 35, 38]
[17, 38, 35]
[35, 17, 38]
[35, 38, 17]
[38, 17, 35]
[38, 35, 17]
[18, 18, 18]
[18, 19, 24]
[18, 24, 19]
[19, 18, 24]
[19, 24, 18]
[24, 18, 19]
[24, 19, 18]
[18, 20, 26]
[18, 26, 20]
[20, 18, 26]
[20, 26, 18]
[26, 18, 20]
[26, 20, 18]
[18, 21, 37]
[18, 37, 21]
[21, 18, 37]
[21, 37, 18]
[37, 18, 21]
[37, 21, 18]
[18, 25, 40]
[18, 40, 25]
[25, 18, 40]
[25, 40, 18]
[40, 18, 25]
[40, 25, 18]
[18, 27, 34]
[18, 34, 27]
[27, 18, 34]
[27, 34, 18]
[34, 18, 27]
[34, 27, 18]
[19, 19, 19]
[19, 20, 23]
[19, 23, 20]
[20, 19, 23]
[20, 23, 19]
[23, 19, 20]
[23, 20, 19]
[19, 21, 25]
[19, 25, 21]
[21, 19, 25]
[21, 25, 19]
[25, 19, 21]
[25, 21, 19]
[19, 26, 27]
[19, 27, 26]
[26, 19, 27]
[26, 27, 19]
[27, 19, 26]
[27, 26, 19]
[20, 20, 20]
[20, 25, 31]
[20, 31, 25]
[25, 20, 31]
[25, 31, 20]
[31, 20, 25]
[31, 25, 20]
[20, 30, 37]
[20, 37, 30]
[30, 20, 37]
[30, 37, 20]
[37, 20, 30]
[37, 30, 20]
[20, 35, 36]
[20, 36, 35]
[35, 20, 36]
[35, 36, 20]
[36, 20, 35]
[36, 35, 20]
[21, 21, 21]
[21, 23, 38]
[21, 38, 23]
[23, 21, 38]
[23, 38, 21]
[38, 21, 23]
[38, 23, 21]
[21, 26, 28]
[21, 28, 26]
[26, 21, 28]
[26, 28, 21]
[28, 21, 26]
[28, 26, 21]
[22, 22, 22]
[22, 23, 26]
[22, 26, 23]
[23, 22, 26]
[23, 26, 22]
[26, 22, 23]
[26, 23, 22]
[22, 25, 32]
[22, 32, 25]
[25, 22, 32]
[25, 32, 22]
[32, 22, 25]
[32, 25, 22]
[22, 31, 40]
[22, 40, 31]
[31, 22, 40]
[31, 40, 22]
[40, 22, 31]
[40, 31, 22]
[23, 23, 23]
[23, 25, 28]
[23, 28, 25]
[25, 23, 28]
[25, 28, 23]
[28, 23, 25]
[28, 25, 23]
[23, 27, 29]
[23, 29, 27]
[27, 23, 29]
[27, 29, 23]
[29, 23, 27]
[29, 27, 23]
[24, 24, 24]
[24, 25, 27]
[24, 27, 25]
[25, 24, 27]
[25, 27, 24]
[27, 24, 25]
[27, 25, 24]
[24, 28, 32]
[24, 32, 28]
[28, 24, 32]
[28, 32, 24]
[32, 24, 28]
[32, 28, 24]
[24, 29, 36]
[24, 36, 29]
[29, 24, 36]
[29, 36, 24]
[36, 24, 29]
[36, 29, 24]
[25, 25, 25]
[26, 26, 26]
[26, 29, 33]
[26, 33, 29]
[29, 26, 33]
[29, 33, 26]
[33, 26, 29]
[33, 29, 26]
[26, 30, 35]
[26, 35, 30]
[30, 26, 35]
[30, 35, 26]
[35, 26, 30]
[35, 30, 26]
[27, 27, 27]
[27, 30, 39]
[27, 39, 30]
[30, 27, 39]
[30, 39, 27]
[39, 27, 30]
[39, 30, 27]
[27, 32, 35]
[27, 35, 32]
[32, 27, 35]
[32, 35, 27]
[35, 27, 32]
[35, 32, 27]
[28, 28, 28]
[28, 34, 35]
[28, 35, 34]
[34, 28, 35]
[34, 35, 28]
[35, 28, 34]
[35, 34, 28]
[29, 29, 29]
[29, 31, 32]
[29, 32, 31]
[31, 29, 32]
[31, 32, 29]
[32, 29, 31]
[32, 31, 29]
[29, 34, 39]
[29, 39, 34]
[34, 29, 39]
[34, 39, 29]
[39, 29, 34]
[39, 34, 29]
[30, 30, 30]
[30, 31, 38]
[30, 38, 31]
[31, 30, 38]
[31, 38, 30]
[38, 30, 31]
[38, 31, 30]
[30, 34, 36]
[30, 36, 34]
[34, 30, 36]
[34, 36, 30]
[36, 30, 34]
[36, 34, 30]
[31, 31, 31]
[31, 33, 37]
[31, 37, 33]
[33, 31, 37]
[33, 37, 31]
[37, 31, 33]
[37, 33, 31]
[32, 32, 32]
[32, 37, 38]
[32, 38, 37]
[37, 32, 38]
[37, 38, 32]
[38, 32, 37]
[38, 37, 32]
[33, 33, 33]
[33, 38, 40]
[33, 40, 38]
[38, 33, 40]
[38, 40, 33]
[40, 33, 38]
[40, 38, 33]
[34, 34, 34]
[35, 35, 35]
[35, 37, 39]
[35, 39, 37]
[37, 35, 39]
[37, 39, 35]
[39, 35, 37]
[39, 37, 35]
[36, 36, 36]
[37, 37, 37]
[38, 38, 38]
[39, 39, 39]
[40, 40, 40]
[0, 25, 41]
[0, 41, 25]
[25, 0, 41]
[25, 41, 0]
[41, 0, 25]
[41, 25, 0]
[1, 24, 41]
[1, 41, 24]
[24, 1, 41]
[24, 41, 1]
[41, 1, 24]
[41, 24, 1]
[4, 26, 41]
[4, 41, 26]
[26, 4, 41]
[26, 41, 4]
[41, 4, 26]
[41, 26, 4]
[5, 22, 43]
[5, 43, 22]
[22, 5, 43]
[22, 43, 5]
[43, 5, 22]
[43, 22, 5]
[8, 23, 41]
[8, 41, 23]
[23, 8, 41]
[23, 41, 8]
[41, 8, 23]
[41, 23, 8]
[13, 30, 42]
[13, 42, 30]
[30, 13, 42]
[30, 42, 13]
[42, 13, 30]
[42, 30, 13]
[14, 28, 41]
[14, 41, 28]
[28, 14, 41]
[28, 41, 14]
[41, 14, 28]
[41, 28, 14]
[19, 22, 41]
[19, 41, 22]
[22, 19, 41]
[22, 41, 19]
[41, 19, 22]
[41, 22, 19]
[23, 33, 42]
[23, 42, 33]
[33, 23, 42]
[33, 42, 23]
[42, 23, 33]
[42, 33, 23]
[29, 35, 41]
[29, 41, 35]
[35, 29, 41]
[35, 41, 29]
[41, 29, 35]
[41, 35, 29]
[31, 39, 41]
[31, 41, 39]
[39, 31, 41]
[39, 41, 31]
[41, 31, 39]
[41, 39, 31]
[41, 41, 41]
[0, 27, 44]
[0, 44, 27]
[27, 0, 44]
[27, 44, 0]
[44, 0, 27]
[44, 27, 0]
[1, 27, 42]
[1, 42, 27]
[27, 1, 42]
[27, 42, 1]
[42, 1, 27]
[42, 27, 1]
[2, 25, 42]
[2, 42, 25]
[25, 2, 42]
[25, 42, 2]
[42, 2, 25]
[42, 25, 2]
[5, 24, 42]
[5, 42, 24]
[24, 5, 42]
[24, 42, 5]
[42, 5, 24]
[42, 24, 5]
[6, 25, 43]
[6, 43, 25]
[25, 6, 43]
[25, 43, 6]
[43, 6, 25]
[43, 25, 6]
[6, 27, 41]
[6, 41, 27]
[27, 6, 41]
[27, 41, 6]
[41, 6, 27]
[41, 27, 6]
[15, 31, 43]
[15, 43, 31]
[31, 15, 43]
[31, 43, 15]
[43, 15, 31]
[43, 31, 15]
[19, 33, 43]
[19, 43, 33]
[33, 19, 43]
[33, 43, 19]
[43, 19, 33]
[43, 33, 19]
[21, 22, 44]
[21, 44, 22]
[22, 21, 44]
[22, 44, 21]
[44, 21, 22]
[44, 22, 21]
[21, 33, 41]
[21, 41, 33]
[33, 21, 41]
[33, 41, 21]
[41, 21, 33]
[41, 33, 21]
[34, 37, 42]
[34, 42, 37]
[37, 34, 42]
[37, 42, 34]
[42, 34, 37]
[42, 37, 34]
[42, 42, 42]
[0, 29, 47]
[0, 47, 29]
[29, 0, 47]
[29, 47, 0]
[47, 0, 29]
[47, 29, 0]
[1, 28, 46]
[1, 46, 28]
[28, 1, 46]
[28, 46, 1]
[46, 1, 28]
[46, 28, 1]
[2, 26, 44]
[2, 44, 26]
[26, 2, 44]
[26, 44, 2]
[44, 2, 26]
[44, 26, 2]
[3, 26, 43]
[3, 43, 26]
[26, 3, 43]
[26, 43, 3]
[43, 3, 26]
[43, 26, 3]
[7, 25, 45]
[7, 45, 25]
[25, 7, 45]
[25, 45, 7]
[45, 7, 25]
[45, 25, 7]
[7, 27, 43]
[7, 43, 27]
[27, 7, 43]
[27, 43, 7]
[43, 7, 27]
[43, 27, 7]
[8, 28, 42]
[8, 42, 28]
[28, 8, 42]
[28, 42, 8]
[42, 8, 28]
[42, 28, 8]
[9, 24, 44]
[9, 44, 24]
[24, 9, 44]
[24, 44, 9]
[44, 9, 24]
[44, 24, 9]
[17, 25, 44]
[17, 44, 25]
[25, 17, 44]
[25, 44, 17]
[44, 17, 25]
[44, 25, 17]
[20, 24, 43]
[20, 43, 24]
[24, 20, 43]
[24, 43, 20]
[43, 20, 24]
[43, 24, 20]
[21, 29, 42]
[21, 42, 29]
[29, 21, 42]
[29, 42, 21]
[42, 21, 29]
[42, 29, 21]
[26, 32, 42]
[26, 42, 32]
[32, 26, 42]
[32, 42, 26]
[42, 26, 32]
[42, 32, 26]
[32, 36, 41]
[32, 41, 36]
[36, 32, 41]
[36, 41, 32]
[41, 32, 36]
[41, 36, 32]
[43, 43, 43]
[0, 30, 49]
[0, 49, 30]
[30, 0, 49]
[30, 49, 0]
[49, 0, 30]
[49, 30, 0]
[2, 30, 46]
[2, 46, 30]
[30, 2, 46]
[30, 46, 2]
[46, 2, 30]
[46, 30, 2]
[3, 28, 47]
[3, 47, 28]
[28, 3, 47]
[28, 47, 3]
[47, 3, 28]
[47, 28, 3]
[3, 30, 48]
[3, 48, 30]
[30, 3, 48]
[30, 48, 3]
[48, 3, 30]
[48, 30, 3]
[4, 29, 45]
[4, 45, 29]
[29, 4, 45]
[29, 45, 4]
[45, 4, 29]
[45, 29, 4]
[5, 28, 44]
[5, 44, 28]
[28, 5, 44]
[28, 44, 5]
[44, 5, 28]
[44, 28, 5]
[6, 26, 47]
[6, 47, 26]
[26, 6, 47]
[26, 47, 6]
[47, 6, 26]
[47, 26, 6]
[10, 27, 47]
[10, 47, 27]
[27, 10, 47]
[27, 47, 10]
[47, 10, 27]
[47, 27, 10]
[14, 27, 46]
[14, 46, 27]
[27, 14, 46]
[27, 46, 14]
[46, 14, 27]
[46, 27, 14]
[14, 29, 43]
[14, 43, 29]
[29, 14, 43]
[29, 43, 14]
[43, 14, 29]
[43, 29, 14]
[15, 28, 45]
[15, 45, 28]
[28, 15, 45]
[28, 45, 15]
[45, 15, 28]
[45, 28, 15]
[18, 39, 43]
[18, 43, 39]
[39, 18, 43]
[39, 43, 18]
[43, 18, 39]
[43, 39, 18]
[21, 32, 43]
[21, 43, 32]
[32, 21, 43]
[32, 43, 21]
[43, 21, 32]
[43, 32, 21]
[28, 37, 43]
[28, 43, 37]
[37, 28, 43]
[37, 43, 28]
[43, 28, 37]
[43, 37, 28]
[36, 40, 42]
[36, 42, 40]
[40, 36, 42]
[40, 42, 36]
[42, 36, 40]
[42, 40, 36]
[38, 39, 42]
[38, 42, 39]
[39, 38, 42]
[39, 42, 38]
[42, 38, 39]
[42, 39, 38]
[44, 44, 44]
[0, 32, 52]
[0, 52, 32]
[32, 0, 52]
[32, 52, 0]
[52, 0, 32]
[52, 32, 0]
[1, 31, 50]
[1, 50, 31]
[31, 1, 50]
[31, 50, 1]
[50, 1, 31]
[50, 31, 1]
[4, 30, 50]
[4, 50, 30]
[30, 4, 50]
[30, 50, 4]
[50, 4, 30]
[50, 30, 4]
[5, 29, 48]
[5, 48, 29]
[29, 5, 48]
[29, 48, 5]
[48, 5, 29]
[48, 29, 5]
[5, 32, 47]
[5, 47, 32]
[32, 5, 47]
[32, 47, 5]
[47, 5, 32]
[47, 32, 5]
[6, 30, 45]
[6, 45, 30]
[30, 6, 45]
[30, 45, 6]
[45, 6, 30]
[45, 30, 6]
[6, 31, 44]
[6, 44, 31]
[31, 6, 44]
[31, 44, 6]
[44, 6, 31]
[44, 31, 6]
[7, 26, 50]
[7, 50, 26]
[26, 7, 50]
[26, 50, 7]
[50, 7, 26]
[50, 26, 7]
[7, 29, 44]
[7, 44, 29]
[29, 7, 44]
[29, 44, 7]
[44, 7, 29]
[44, 29, 7]
[11, 28, 48]
[11, 48, 28]
[28, 11, 48]
[28, 48, 11]
[48, 11, 28]
[48, 28, 11]
[16, 32, 44]
[16, 44, 32]
[32, 16, 44]
[32, 44, 16]
[44, 16, 32]
[44, 32, 16]
[17, 47, 48]
[17, 48, 47]
[47, 17, 48]
[47, 48, 17]
[48, 17, 47]
[48, 47, 17]
[21, 40, 45]
[21, 45, 40]
[40, 21, 45]
[40, 45, 21]
[45, 21, 40]
[45, 40, 21]
[22, 27, 51]
[22, 51, 27]
[27, 22, 51]
[27, 51, 22]
[51, 22, 27]
[51, 27, 22]
[31, 36, 45]
[31, 45, 36]
[36, 31, 45]
[36, 45, 31]
[45, 31, 36]
[45, 36, 31]
[41, 42, 43]
[41, 43, 42]
[42, 41, 43]
[42, 43, 41]
[43, 41, 42]
[43, 42, 41]
[45, 45, 45]
[0, 33, 54]
[0, 54, 33]
[33, 0, 54]
[33, 54, 0]
[54, 0, 33]
[54, 33, 0]
[1, 32, 54]
[1, 54, 32]
[32, 1, 54]
[32, 54, 1]
[54, 1, 32]
[54, 32, 1]
[1, 33, 53]
[1, 53, 33]
[33, 1, 53]
[33, 53, 1]
[53, 1, 33]
[53, 33, 1]
[2, 31, 52]
[2, 52, 31]
[31, 2, 52]
[31, 52, 2]
[52, 2, 31]
[52, 31, 2]
[3, 31, 51]
[3, 51, 31]
[31, 3, 51]
[31, 51, 3]
[51, 3, 31]
[51, 31, 3]
[6, 29, 51]
[6, 51, 29]
[29, 6, 51]
[29, 51, 6]
[51, 6, 29]
[51, 29, 6]
[7, 31, 49]
[7, 49, 31]
[31, 7, 49]
[31, 49, 7]
[49, 7, 31]
[49, 31, 7]
[8, 29, 46]
[8, 46, 29]
[29, 8, 46]
[29, 46, 8]
[46, 8, 29]
[46, 29, 8]
[8, 31, 47]
[8, 47, 31]
[31, 8, 47]
[31, 47, 8]
[47, 8, 31]
[47, 31, 8]
[11, 34, 45]
[11, 45, 34]
[34, 11, 45]
[34, 45, 11]
[45, 11, 34]
[45, 34, 11]
[12, 34, 47]
[12, 47, 34]
[34, 12, 47]
[34, 47, 12]
[47, 12, 34]
[47, 34, 12]
[14, 30, 47]
[14, 47, 30]
[30, 14, 47]
[30, 47, 14]
[47, 14, 30]
[47, 30, 14]
[16, 33, 46]
[16, 46, 33]
[33, 16, 46]
[33, 46, 16]
[46, 16, 33]
[46, 33, 16]
[17, 37, 46]
[17, 46, 37]
[37, 17, 46]
[37, 46, 17]
[46, 17, 37]
[46, 37, 17]
[20, 28, 49]
[20, 49, 28]
[28, 20, 49]
[28, 49, 20]
[49, 20, 28]
[49, 28, 20]
[20, 33, 48]
[20, 48, 33]
[33, 20, 48]
[33, 48, 20]
[48, 20, 33]
[48, 33, 20]
[23, 31, 46]
[23, 46, 31]
[31, 23, 46]
[31, 46, 23]
[46, 23, 31]
[46, 31, 23]
[32, 39, 45]
[32, 45, 39]
[39, 32, 45]
[39, 45, 32]
[45, 32, 39]
[45, 39, 32]
[33, 35, 44]
[33, 44, 35]
[35, 33, 44]
[35, 44, 33]
[44, 33, 35]
[44, 35, 33]
[46, 46, 46]
[0, 35, 57]
[0, 57, 35]
[35, 0, 57]
[35, 57, 0]
[57, 0, 35]
[57, 35, 0]
[1, 34, 55]
[1, 55, 34]
[34, 1, 55]
[34, 55, 1]
[55, 1, 34]
[55, 34, 1]
[2, 33, 55]
[2, 55, 33]
[33, 2, 55]
[33, 55, 2]
[55, 2, 33]
[55, 33, 2]
[2, 34, 54]
[2, 54, 34]
[34, 2, 54]
[34, 54, 2]
[54, 2, 34]
[54, 34, 2]
[4, 32, 53]
[4, 53, 32]
[32, 4, 53]
[32, 53, 4]
[53, 4, 32]
[53, 32, 4]
[6, 33, 52]
[6, 52, 33]
[33, 6, 52]
[33, 52, 6]
[52, 6, 33]
[52, 33, 6]
[7, 32, 51]
[7, 51, 32]
[32, 7, 51]
[32, 51, 7]
[51, 7, 32]
[51, 32, 7]
[8, 30, 51]
[8, 51, 30]
[30, 8, 51]
[30, 51, 8]
[51, 8, 30]
[51, 30, 8]
[9, 32, 48]
[9, 48, 32]
[32, 9, 48]
[32, 48, 9]
[48, 9, 32]
[48, 32, 9]
[10, 29, 52]
[10, 52, 29]
[29, 10, 52]
[29, 52, 10]
[52, 10, 29]
[52, 29, 10]
[10, 31, 53]
[10, 53, 31]
[31, 10, 53]
[31, 53, 10]
[53, 10, 31]
[53, 31, 10]
[12, 35, 49]
[12, 49, 35]
[35, 12, 49]
[35, 49, 12]
[49, 12, 35]
[49, 35, 12]
[12, 36, 46]
[12, 46, 36]
[36, 12, 46]
[36, 46, 12]
[46, 12, 36]
[46, 36, 12]
[16, 31, 48]
[16, 48, 31]
[31, 16, 48]
[31, 48, 16]
[48, 16, 31]
[48, 31, 16]
[19, 35, 48]
[19, 48, 35]
[35, 19, 48]
[35, 48, 19]
[48, 19, 35]
[48, 35, 19]
[22, 34, 49]
[22, 49, 34]
[34, 22, 49]
[34, 49, 22]
[49, 22, 34]
[49, 34, 22]
[23, 43, 49]
[23, 49, 43]
[43, 23, 49]
[43, 49, 23]
[49, 23, 43]
[49, 43, 23]
[27, 28, 53]
[27, 53, 28]
[28, 27, 53]
[28, 53, 27]
[53, 27, 28]
[53, 28, 27]
[34, 40, 44]
[34, 44, 40]
[40, 34, 44]
[40, 44, 34]
[44, 34, 40]
[44, 40, 34]
[35, 45, 46]
[35, 46, 45]
[45, 35, 46]
[45, 46, 35]
[46, 35, 45]
[46, 45, 35]
[47, 47, 47]
[48, 48, 48]
[0, 37, 60]
[0, 60, 37]
[37, 0, 60]
[37, 60, 0]
[60, 0, 37]
[60, 37, 0]
[1, 36, 59]
[1, 59, 36]
[36, 1, 59]
[36, 59, 1]
[59, 1, 36]
[59, 36, 1]
[2, 35, 58]
[2, 58, 35]
[35, 2, 58]
[35, 58, 2]
[58, 2, 35]
[58, 35, 2]
[3, 37, 58]
[3, 58, 37]
[37, 3, 58]
[37, 58, 3]
[58, 3, 37]
[58, 37, 3]
[4, 33, 59]
[4, 59, 33]
[33, 4, 59]
[33, 59, 4]
[59, 4, 33]
[59, 33, 4]
[4, 37, 56]
[4, 56, 37]
[37, 4, 56]
[37, 56, 4]
[56, 4, 37]
[56, 37, 4]
[5, 33, 56]
[5, 56, 33]
[33, 5, 56]
[33, 56, 5]
[56, 5, 33]
[56, 33, 5]
[6, 35, 55]
[6, 55, 35]
[35, 6, 55]
[35, 55, 6]
[55, 6, 35]
[55, 35, 6]
[7, 36, 53]
[7, 53, 36]
[36, 7, 53]
[36, 53, 7]
[53, 7, 36]
[53, 36, 7]
[8, 32, 55]
[8, 55, 32]
[32, 8, 55]
[32, 55, 8]
[55, 8, 32]
[55, 32, 8]
[8, 34, 53]
[8, 53, 34]
[34, 8, 53]
[34, 53, 8]
[53, 8, 34]
[53, 34, 8]
[9, 33, 51]
[9, 51, 33]
[33, 9, 51]
[33, 51, 9]
[51, 9, 33]
[51, 33, 9]
[10, 32, 50]
[10, 50, 32]
[32, 10, 50]
[32, 50, 10]
[50, 10, 32]
[50, 32, 10]
[11, 33, 49]
[11, 49, 33]
[33, 11, 49]
[33, 49, 11]
[49, 11, 33]
[49, 33, 11]
[13, 32, 49]
[13, 49, 32]
[32, 13, 49]
[32, 49, 13]
[49, 13, 32]
[49, 32, 13]
[15, 41, 48]
[15, 48, 41]
[41, 15, 48]
[41, 48, 15]
[48, 15, 41]
[48, 41, 15]
[17, 41, 53]
[17, 53, 41]
[41, 17, 53]
[41, 53, 17]
[53, 17, 41]
[53, 41, 17]
[18, 38, 48]
[18, 48, 38]
[38, 18, 48]
[38, 48, 18]
[48, 18, 38]
[48, 38, 18]
[19, 37, 49]
[19, 49, 37]
[37, 19, 49]
[37, 49, 19]
[49, 19, 37]
[49, 37, 19]
[21, 30, 53]
[21, 53, 30]
[30, 21, 53]
[30, 53, 21]
[53, 21, 30]
[53, 30, 21]
[24, 30, 52]
[24, 52, 30]
[30, 24, 52]
[30, 52, 24]
[52, 24, 30]
[52, 30, 24]
[25, 29, 53]
[25, 53, 29]
[29, 25, 53]
[29, 53, 25]
[53, 25, 29]
[53, 29, 25]
[25, 39, 46]
[25, 46, 39]
[39, 25, 46]
[39, 46, 25]
[46, 25, 39]
[46, 39, 25]
[34, 43, 46]
[34, 46, 43]
[43, 34, 46]
[43, 46, 34]
[46, 34, 43]
[46, 43, 34]
[36, 44, 47]
[36, 47, 44]
[44, 36, 47]
[44, 47, 36]
[47, 36, 44]
[47, 44, 36]
[38, 41, 47]
[38, 47, 41]
[41, 38, 47]
[41, 47, 38]
[47, 38, 41]
[47, 41, 38]
[49, 49, 49]
[0, 38, 62]
[0, 62, 38]
[38, 0, 62]
[38, 62, 0]
[62, 0, 38]
[62, 38, 0]
[1, 37, 62]
[1, 62, 37]
[37, 1, 62]
[37, 62, 1]
[62, 1, 37]
[62, 37, 1]
[2, 36, 61]
[2, 61, 36]
[36, 2, 61]
[36, 61, 2]
[61, 2, 36]
[61, 36, 2]
[2, 40, 59]
[2, 59, 40]
[40, 2, 59]
[40, 59, 2]
[59, 2, 40]
[59, 40, 2]
[3, 38, 60]
[3, 60, 38]
[38, 3, 60]
[38, 60, 3]
[60, 3, 38]
[60, 38, 3]
[4, 35, 62]
[4, 62, 35]
[35, 4, 62]
[35, 62, 4]
[62, 4, 35]
[62, 35, 4]
[5, 34, 58]
[5, 58, 34]
[34, 5, 58]
[34, 58, 5]
[58, 5, 34]
[58, 34, 5]
[5, 39, 59]
[5, 59, 39]
[39, 5, 59]
[39, 59, 5]
[59, 5, 39]
[59, 39, 5]
[6, 34, 57]
[6, 57, 34]
[34, 6, 57]
[34, 57, 6]
[57, 6, 34]
[57, 34, 6]
[7, 33, 63]
[7, 63, 33]
[33, 7, 63]
[33, 63, 7]
[63, 7, 33]
[63, 33, 7]
[7, 34, 56]
[7, 56, 34]
[34, 7, 56]
[34, 56, 7]
[56, 7, 34]
[56, 34, 7]
[7, 38, 59]
[7, 59, 38]
[38, 7, 59]
[38, 59, 7]
[59, 7, 38]
[59, 38, 7]
[8, 35, 59]
[8, 59, 35]
[35, 8, 59]
[35, 59, 8]
[59, 8, 35]
[59, 35, 8]
[8, 37, 57]
[8, 57, 37]
[37, 8, 57]
[37, 57, 8]
[57, 8, 37]
[57, 37, 8]
[9, 35, 54]
[9, 54, 35]
[35, 9, 54]
[35, 54, 9]
[54, 9, 35]
[54, 35, 9]
[11, 35, 52]
[11, 52, 35]
[35, 11, 52]
[35, 52, 11]
[52, 11, 35]
[52, 35, 11]
[12, 37, 52]
[12, 52, 37]
[37, 12, 52]
[37, 52, 12]
[52, 12, 37]
[52, 37, 12]
[14, 32, 57]
[14, 57, 32]
[32, 14, 57]
[32, 57, 14]
[57, 14, 32]
[57, 32, 14]
[14, 36, 52]
[14, 52, 36]
[36, 14, 52]
[36, 52, 14]
[52, 14, 36]
[52, 36, 14]
[16, 35, 51]
[16, 51, 35]
[35, 16, 51]
[35, 51, 16]
[51, 16, 35]
[51, 35, 16]
[18, 41, 55]
[18, 55, 41]
[41, 18, 55]
[41, 55, 18]
[55, 18, 41]
[55, 41, 18]
[18, 42, 50]
[18, 50, 42]
[42, 18, 50]
[42, 50, 18]
[50, 18, 42]
[50, 42, 18]
[19, 39, 53]
[19, 53, 39]
[39, 19, 53]
[39, 53, 19]
[53, 19, 39]
[53, 39, 19]
[20, 38, 51]
[20, 51, 38]
[38, 20, 51]
[38, 51, 20]
[51, 20, 38]
[51, 38, 20]
[21, 48, 49]
[21, 49, 48]
[48, 21, 49]
[48, 49, 21]
[49, 21, 48]
[49, 48, 21]
[22, 30, 56]
[22, 56, 30]
[30, 22, 56]
[30, 56, 22]
[56, 22, 30]
[56, 30, 22]
[24, 31, 55]
[24, 55, 31]
[31, 24, 55]
[31, 55, 24]
[55, 24, 31]
[55, 31, 24]
[24, 33, 50]
[24, 50, 33]
[33, 24, 50]
[33, 50, 24]
[50, 24, 33]
[50, 33, 24]
[25, 30, 55]
[25, 55, 30]
[30, 25, 55]
[30, 55, 25]
[55, 25, 30]
[55, 30, 25]
[28, 29, 60]
[28, 60, 29]
[29, 28, 60]
[29, 60, 28]
[60, 28, 29]
[60, 29, 28]
[28, 39, 50]
[28, 50, 39]
[39, 28, 50]
[39, 50, 28]
[50, 28, 39]
[50, 39, 28]
[29, 37, 50]
[29, 50, 37]
[37, 29, 50]
[37, 50, 29]
[50, 29, 37]
[50, 37, 29]
[33, 39, 47]
[33, 47, 39]
[39, 33, 47]
[39, 47, 33]
[47, 33, 39]
[47, 39, 33]
[35, 43, 53]
[35, 53, 43]
[43, 35, 53]
[43, 53, 35]
[53, 35, 43]
[53, 43, 35]
[41, 44, 46]
[41, 46, 44]
[44, 41, 46]
[44, 46, 41]
[46, 41, 44]
[46, 44, 41]
[42, 44, 49]
[42, 49, 44]
[44, 42, 49]
[44, 49, 42]
[49, 42, 44]
[49, 44, 42]
[43, 45, 47]
[43, 47, 45]
[45, 43, 47]
[45, 47, 43]
[47, 43, 45]
[47, 45, 43]
[50, 50, 50]
[0, 40, 65]
[0, 65, 40]
[40, 0, 65]
[40, 65, 0]
[65, 0, 40]
[65, 40, 0]
[1, 39, 63]
[1, 63, 39]
[39, 1, 63]
[39, 63, 1]
[63, 1, 39]
[63, 39, 1]
[4, 38, 63]
[4, 63, 38]
[38, 4, 63]
[38, 63, 4]
[63, 4, 38]
[63, 38, 4]
[5, 36, 65]
[5, 65, 36]
[36, 5, 65]
[36, 65, 5]
[65, 5, 36]
[65, 36, 5]
[6, 36, 60]
[6, 60, 36]
[36, 6, 60]
[36, 60, 6]
[60, 6, 36]
[60, 36, 6]
[7, 39, 62]
[7, 62, 39]
[39, 7, 62]
[39, 62, 7]
[62, 7, 39]
[62, 39, 7]
[8, 36, 58]
[8, 58, 36]
[36, 8, 58]
[36, 58, 8]
[58, 8, 36]
[58, 36, 8]
[9, 37, 59]
[9, 59, 37]
[37, 9, 59]
[37, 59, 9]
[59, 9, 37]
[59, 37, 9]
[10, 34, 60]
[10, 60, 34]
[34, 10, 60]
[34, 60, 10]
[60, 10, 34]
[60, 34, 10]
[10, 35, 56]
[10, 56, 35]
[35, 10, 56]
[35, 56, 10]
[56, 10, 35]
[56, 35, 10]
[10, 36, 55]
[10, 55, 36]
[36, 10, 55]
[36, 55, 10]
[55, 10, 36]
[55, 36, 10]
[10, 37, 54]
[10, 54, 37]
[37, 10, 54]
[37, 54, 10]
[54, 10, 37]
[54, 37, 10]
[13, 34, 59]
[13, 59, 34]
[34, 13, 59]
[34, 59, 13]
[59, 13, 34]
[59, 34, 13]
[13, 39, 58]
[13, 58, 39]
[39, 13, 58]
[39, 58, 13]
[58, 13, 39]
[58, 39, 13]
[14, 33, 61]
[14, 61, 33]
[33, 14, 61]
[33, 61, 14]
[61, 14, 33]
[61, 33, 14]
[14, 38, 58]
[14, 58, 38]
[38, 14, 58]
[38, 58, 14]
[58, 14, 38]
[58, 38, 14]
[15, 39, 57]
[15, 57, 39]
[39, 15, 57]
[39, 57, 15]
[57, 15, 39]
[57, 39, 15]
[15, 42, 55]
[15, 55, 42]
[42, 15, 55]
[42, 55, 15]
[55, 15, 42]
[55, 42, 15]
[16, 37, 55]
[16, 55, 37]
[37, 16, 55]
[37, 55, 16]
[55, 16, 37]
[55, 37, 16]
[20, 39, 55]
[20, 55, 39]
[39, 20, 55]
[39, 55, 20]
[55, 20, 39]
[55, 39, 20]
[22, 45, 53]
[22, 53, 45]
[45, 22, 53]
[45, 53, 22]
[53, 22, 45]
[53, 45, 22]
[23, 36, 54]
[23, 54, 36]
[36, 23, 54]
[36, 54, 23]
[54, 23, 36]
[54, 36, 23]
[23, 44, 52]
[23, 52, 44]
[44, 23, 52]
[44, 52, 23]
[52, 23, 44]
[52, 44, 23]
[24, 45, 51]
[24, 51, 45]
[45, 24, 51]
[45, 51, 24]
[51, 24, 45]
[51, 45, 24]
[25, 48, 54]
[25, 54, 48]
[48, 25, 54]
[48, 54, 25]
[54, 25, 48]
[54, 48, 25]
[26, 46, 52]
[26, 52, 46]
[46, 26, 52]
[46, 52, 26]
[52, 26, 46]
[52, 46, 26]
[28, 31, 63]
[28, 63, 31]
[31, 28, 63]
[31, 63, 28]
[63, 28, 31]
[63, 31, 28]
[30, 33, 57]
[30, 57, 33]
[33, 30, 57]
[33, 57, 30]
[57, 30, 33]
[57, 33, 30]
[34, 50, 51]
[34, 51, 50]
[50, 34, 51]
[50, 51, 34]
[51, 34, 50]
[51, 50, 34]
[35, 47, 50]
[35, 50, 47]
[47, 35, 50]
[47, 50, 35]
[50, 35, 47]
[50, 47, 35]
[36, 38, 50]
[36, 50, 38]
[38, 36, 50]
[38, 50, 36]
[50, 36, 38]
[50, 38, 36]
[37, 44, 51]
[37, 51, 44]
[44, 37, 51]
[44, 51, 37]
[51, 37, 44]
[51, 44, 37]
[38, 44, 55]
[38, 55, 44]
[44, 38, 55]
[44, 55, 38]
[55, 38, 44]
[55, 44, 38]
[39, 40, 51]
[39, 51, 40]
[40, 39, 51]
[40, 51, 39]
[51, 39, 40]
[51, 40, 39]
[40, 47, 49]
[40, 49, 47]
[47, 40, 49]
[47, 49, 40]
[49, 40, 47]
[49, 47, 40]
[41, 45, 50]
[41, 50, 45]
[45, 41, 50]
[45, 50, 41]
[50, 41, 45]
[50, 45, 41]
[42, 45, 52]
[42, 52, 45]
[45, 42, 52]
[45, 52, 42]
[52, 42, 45]
[52, 45, 42]
[51, 51, 51]
[0, 42, 68]
[0, 68, 42]
[42, 0, 68]
[42, 68, 0]
[68, 0, 42]
[68, 42, 0]
[2, 39, 65]
[2, 65, 39]
[39, 2, 65]
[39, 65, 2]
[65, 2, 39]
[65, 39, 2]
[3, 39, 64]
[3, 64, 39]
[39, 3, 64]
[39, 64, 3]
[64, 3, 39]
[64, 39, 3]
[3, 40, 63]
[3, 63, 40]
[40, 3, 63]
[40, 63, 3]
[63, 3, 40]
[63, 40, 3]
[5, 41, 63]
[5, 63, 41]
[41, 5, 63]
[41, 63, 5]
[63, 5, 41]
[63, 41, 5]
[6, 37, 63]
[6, 63, 37]
[37, 6, 63]
[37, 63, 6]
[63, 6, 37]
[63, 37, 6]
[9, 40, 61]
[9, 61, 40]
[40, 9, 61]
[40, 61, 9]
[61, 9, 40]
[61, 40, 9]
[10, 41, 57]
[10, 57, 41]
[41, 10, 57]
[41, 57, 10]
[57, 10, 41]
[57, 41, 10]
[11, 36, 62]
[11, 62, 36]
[36, 11, 62]
[36, 62, 11]
[62, 11, 36]
[62, 36, 11]
[11, 38, 61]
[11, 61, 38]
[38, 11, 61]
[38, 61, 11]
[61, 11, 38]
[61, 38, 11]
[11, 39, 60]
[11, 60, 39]
[39, 11, 60]
[39, 60, 11]
[60, 11, 39]
[60, 39, 11]
[13, 35, 61]
[13, 61, 35]
[35, 13, 61]
[35, 61, 13]
[61, 13, 35]
[61, 35, 13]
[16, 38, 57]
[16, 57, 38]
[38, 16, 57]
[38, 57, 16]
[57, 16, 38]
[57, 38, 16]
[17, 42, 59]
[17, 59, 42]
[42, 17, 59]
[42, 59, 17]
[59, 17, 42]
[59, 42, 17]
[17, 43, 56]
[17, 56, 43]
[43, 17, 56]
[43, 56, 17]
[56, 17, 43]
[56, 43, 17]
[19, 40, 56]
[19, 56, 40]
[40, 19, 56]
[40, 56, 19]
[56, 19, 40]
[56, 40, 19]
[19, 42, 57]
[19, 57, 42]
[42, 19, 57]
[42, 57, 19]
[57, 19, 42]
[57, 42, 19]
[19, 47, 55]
[19, 55, 47]
[47, 19, 55]
[47, 55, 19]
[55, 19, 47]
[55, 47, 19]
[22, 46, 59]
[22, 59, 46]
[46, 22, 59]
[46, 59, 22]
[59, 22, 46]
[59, 46, 22]
[22, 50, 54]
[22, 54, 50]
[50, 22, 54]
[50, 54, 22]
[54, 22, 50]
[54, 50, 22]
[23, 45, 55]
[23, 55, 45]
[45, 23, 55]
[45, 55, 23]
[55, 23, 45]
[55, 45, 23]
[24, 35, 60]
[24, 60, 35]
[35, 24, 60]
[35, 60, 24]
[60, 24, 35]
[60, 35, 24]
[24, 46, 54]
[24, 54, 46]
[46, 24, 54]
[46, 54, 24]
[54, 24, 46]
[54, 46, 24]
[26, 34, 63]
[26, 63, 34]
[34, 26, 63]
[34, 63, 26]
[63, 26, 34]
[63, 34, 26]
[26, 45, 54]
[26, 54, 45]
[45, 26, 54]
[45, 54, 26]
[54, 26, 45]
[54, 45, 26]
[27, 33, 64]
[27, 64, 33]
[33, 27, 64]
[33, 64, 27]
[64, 27, 33]
[64, 33, 27]
[27, 36, 56]
[27, 56, 36]
[36, 27, 56]
[36, 56, 27]
[56, 27, 36]
[56, 36, 27]
[27, 50, 52]
[27, 52, 50]
[50, 27, 52]
[50, 52, 27]
[52, 27, 50]
[52, 50, 27]
[30, 43, 58]
[30, 58, 43]
[43, 30, 58]
[43, 58, 30]
[58, 30, 43]
[58, 43, 30]
[39, 49, 56]
[39, 56, 49]
[49, 39, 56]
[49, 56, 39]
[56, 39, 49]
[56, 49, 39]
[40, 48, 52]
[40, 52, 48]
[48, 40, 52]
[48, 52, 40]
[52, 40, 48]
[52, 48, 40]
[40, 50, 53]
[40, 53, 50]
[50, 40, 53]
[50, 53, 40]
[53, 40, 50]
[53, 50, 40]
[42, 47, 56]
[42, 56, 47]
[47, 42, 56]
[47, 56, 42]
[56, 42, 47]
[56, 47, 42]
[46, 48, 53]
[46, 53, 48]
[48, 46, 53]
[48, 53, 46]
[53, 46, 48]
[53, 48, 46]
[46, 49, 50]
[46, 50, 49]
[49, 46, 50]
[49, 50, 46]
[50, 46, 49]
[50, 49, 46]
[52, 52, 52]
[0, 43, 70]
[0, 70, 43]
[43, 0, 70]
[43, 70, 0]
[70, 0, 43]
[70, 43, 0]
[1, 43, 69]
[1, 69, 43]
[43, 1, 69]
[43, 69, 1]
[69, 1, 43]
[69, 43, 1]
[2, 41, 68]
[2, 68, 41]
[41, 2, 68]
[41, 68, 2]
[68, 2, 41]
[68, 41, 2]
[2, 43, 67]
[2, 67, 43]
[43, 2, 67]
[43, 67, 2]
[67, 2, 43]
[67, 43, 2]
[3, 41, 65]
[3, 65, 41]
[41, 3, 65]
[41, 65, 3]
[65, 3, 41]
[65, 41, 3]
[4, 42, 64]
[4, 64, 42]
[42, 4, 64]
[42, 64, 4]
[64, 4, 42]
[64, 42, 4]
[5, 40, 66]
[5, 66, 40]
[40, 5, 66]
[40, 66, 5]
[66, 5, 40]
[66, 40, 5]
[5, 45, 70]
[5, 70, 45]
[45, 5, 70]
[45, 70, 5]
[70, 5, 45]
[70, 45, 5]
[6, 38, 66]
[6, 66, 38]
[38, 6, 66]
[38, 66, 6]
[66, 6, 38]
[66, 38, 6]
[8, 39, 66]
[8, 66, 39]
[39, 8, 66]
[39, 66, 8]
[66, 8, 39]
[66, 39, 8]
[9, 38, 64]
[9, 64, 38]
[38, 9, 64]
[38, 64, 9]
[64, 9, 38]
[64, 38, 9]
[10, 40, 64]
[10, 64, 40]
[40, 10, 64]
[40, 64, 10]
[64, 10, 40]
[64, 40, 10]
[13, 37, 64]
[13, 64, 37]
[37, 13, 64]
[37, 64, 13]
[64, 13, 37]
[64, 37, 13]
[13, 41, 62]
[13, 62, 41]
[41, 13, 62]
[41, 62, 13]
[62, 13, 41]
[62, 41, 13]
[14, 40, 62]
[14, 62, 40]
[40, 14, 62]
[40, 62, 14]
[62, 14, 40]
[62, 40, 14]
[14, 42, 63]
[14, 63, 42]
[42, 14, 63]
[42, 63, 14]
[63, 14, 42]
[63, 42, 14]
[16, 41, 61]
[16, 61, 41]
[41, 16, 61]
[41, 61, 16]
[61, 16, 41]
[61, 41, 16]
[17, 49, 63]
[17, 63, 49]
[49, 17, 63]
[49, 63, 17]
[63, 17, 49]
[63, 49, 17]
[18, 44, 57]
[18, 57, 44]
[44, 18, 57]
[44, 57, 18]
[57, 18, 44]
[57, 44, 18]
[20, 40, 58]
[20, 58, 40]
[40, 20, 58]
[40, 58, 20]
[58, 20, 40]
[58, 40, 20]
[21, 46, 60]
[21, 60, 46]
[46, 21, 60]
[46, 60, 21]
[60, 21, 46]
[60, 46, 21]
[25, 35, 63]
[25, 63, 35]
[35, 25, 63]
[35, 63, 25]
[63, 25, 35]
[63, 35, 25]
[25, 47, 59]
[25, 59, 47]
[47, 25, 59]
[47, 59, 25]
[59, 25, 47]
[59, 47, 25]
[25, 50, 58]
[25, 58, 50]
[50, 25, 58]
[50, 58, 25]
[58, 25, 50]
[58, 50, 25]
[27, 45, 60]
[27, 60, 45]
[45, 27, 60]
[45, 60, 27]
[60, 27, 45]
[60, 45, 27]
[27, 54, 62]
[27, 62, 54]
[54, 27, 62]
[54, 62, 27]
[62, 27, 54]
[62, 54, 27]
[27, 57, 61]
[27, 61, 57]
[57, 27, 61]
[57, 61, 27]
[61, 27, 57]
[61, 57, 27]
[28, 36, 69]
[28, 69, 36]
[36, 28, 69]
[36, 69, 28]
[69, 28, 36]
[69, 36, 28]
[28, 51, 58]
[28, 58, 51]
[51, 28, 58]
[51, 58, 28]
[58, 28, 51]
[58, 51, 28]
[28, 52, 56]
[28, 56, 52]
[52, 28, 56]
[52, 56, 28]
[56, 28, 52]
[56, 52, 28]
[29, 49, 57]
[29, 57, 49]
[49, 29, 57]
[49, 57, 29]
[57, 29, 49]
[57, 49, 29]
[32, 33, 65]
[32, 65, 33]
[33, 32, 65]
[33, 65, 32]
[65, 32, 33]
[65, 33, 32]
[33, 45, 62]
[33, 62, 45]
[45, 33, 62]
[45, 62, 33]
[62, 33, 45]
[62, 45, 33]
[40, 54, 55]
[40, 55, 54]
[54, 40, 55]
[54, 55, 40]
[55, 40, 54]
[55, 54, 40]
[43, 50, 57]
[43, 57, 50]
[50, 43, 57]
[50, 57, 43]
[57, 43, 50]
[57, 50, 43]
[43, 51, 54]
[43, 54, 51]
[51, 43, 54]
[51, 54, 43]
[54, 43, 51]
[54, 51, 43]
[44, 50, 59]
[44, 59, 50]
[50, 44, 59]
[50, 59, 44]
[59, 44, 50]
[59, 50, 44]
[45, 48, 56]
[45, 56, 48]
[48, 45, 56]
[48, 56, 45]
[56, 45, 48]
[56, 48, 45]
[47, 53, 54]
[47, 54, 53]
[53, 47, 54]
[53, 54, 47]
[54, 47, 53]
[54, 53, 47]
[48, 50, 55]
[48, 55, 50]
[50, 48, 55]
[50, 55, 48]
[55, 48, 50]
[55, 50, 48]
[49, 51, 52]
[49, 52, 51]
[51, 49, 52]
[51, 52, 49]
[52, 49, 51]
[52, 51, 49]
[53, 53, 53]
[0, 45, 73]
[0, 73, 45]
[45, 0, 73]
[45, 73, 0]
[73, 0, 45]
[73, 45, 0]
[1, 44, 71]
[1, 71, 44]
[44, 1, 71]
[44, 71, 1]
[71, 1, 44]
[71, 44, 1]
[3, 42, 69]
[3, 69, 42]
[42, 3, 69]
[42, 69, 3]
[69, 3, 42]
[69, 42, 3]
[4, 43, 66]
[4, 66, 43]
[43, 4, 66]
[43, 66, 4]
[66, 4, 43]
[66, 43, 4]
[6, 42, 67]
[6, 67, 42]
[42, 6, 67]
[42, 67, 6]
[67, 6, 42]
[67, 42, 6]
[7, 40, 69]
[7, 69, 40]
[40, 7, 69]
[40, 69, 7]
[69, 7, 40]
[69, 40, 7]
[7, 41, 66]
[7, 66, 41]
[41, 7, 66]
[41, 66, 7]
[66, 7, 41]
[66, 41, 7]
[8, 43, 68]
[8, 68, 43]
[43, 8, 68]
[43, 68, 8]
[68, 8, 43]
[68, 43, 8]
[9, 39, 68]
[9, 68, 39]
[39, 9, 68]
[39, 68, 9]
[68, 9, 39]
[68, 39, 9]
[9, 42, 65]
[9, 65, 42]
[42, 9, 65]
[42, 65, 9]
[65, 9, 42]
[65, 42, 9]
[10, 39, 67]
[10, 67, 39]
[39, 10, 67]
[39, 67, 10]
[67, 10, 39]
[67, 39, 10]
[11, 43, 65]
[11, 65, 43]
[43, 11, 65]
[43, 65, 11]
[65, 11, 43]
[65, 43, 11]
[12, 38, 65]
[12, 65, 38]
[38, 12, 65]
[38, 65, 12]
[65, 12, 38]
[65, 38, 12]
[15, 37, 68]
[15, 68, 37]
[37, 15, 68]
[37, 68, 15]
[68, 15, 37]
[68, 37, 15]
[16, 43, 64]
[16, 64, 43]
[43, 16, 64]
[43, 64, 16]
[64, 16, 43]
[64, 43, 16]
[18, 45, 63]
[18, 63, 45]
[45, 18, 63]
[45, 63, 18]
[63, 18, 45]
[63, 45, 18]
[19, 44, 64]
[19, 64, 44]
[44, 19, 64]
[44, 64, 19]
[64, 19, 44]
[64, 44, 19]
[20, 41, 64]
[20, 64, 41]
[41, 20, 64]
[41, 64, 20]
[64, 20, 41]
[64, 41, 20]
[20, 44, 61]
[20, 61, 44]
[44, 20, 61]
[44, 61, 20]
[61, 20, 44]
[61, 44, 20]
[22, 42, 61]
[22, 61, 42]
[42, 22, 61]
[42, 61, 22]
[61, 22, 42]
[61, 42, 22]
[22, 47, 63]
[22, 63, 47]
[47, 22, 63]
[47, 63, 22]
[63, 22, 47]
[63, 47, 22]
[22, 52, 58]
[22, 58, 52]
[52, 22, 58]
[52, 58, 22]
[58, 22, 52]
[58, 52, 22]
[24, 47, 61]
[24, 61, 47]
[47, 24, 61]
[47, 61, 24]
[61, 24, 47]
[61, 47, 24]
[25, 37, 66]
[25, 66, 37]
[37, 25, 66]
[37, 66, 25]
[66, 25, 37]
[66, 37, 25]
[25, 51, 60]
[25, 60, 51]
[51, 25, 60]
[51, 60, 25]
[60, 25, 51]
[60, 51, 25]
[26, 49, 60]
[26, 60, 49]
[49, 26, 60]
[49, 60, 26]
[60, 26, 49]
[60, 49, 26]
[29, 58, 61]
[29, 61, 58]
[58, 29, 61]
[58, 61, 29]
[61, 29, 58]
[61, 58, 29]
[31, 42, 62]
[31, 62, 42]
[42, 31, 62]
[42, 62, 31]
[62, 31, 42]
[62, 42, 31]
[33, 34, 66]
[33, 66, 34]
[34, 33, 66]
[34, 66, 33]
[66, 33, 34]
[66, 34, 33]
[34, 38, 67]
[34, 67, 38]
[38, 34, 67]
[38, 67, 34]
[67, 34, 38]
[67, 38, 34]
[41, 52, 59]
[41, 59, 52]
[52, 41, 59]
[52, 59, 41]
[59, 41, 52]
[59, 52, 41]
[42, 46, 58]
[42, 58, 46]
[46, 42, 58]
[46, 58, 42]
[58, 42, 46]
[58, 46, 42]
[43, 52, 60]
[43, 60, 52]
[52, 43, 60]
[52, 60, 43]
[60, 43, 52]
[60, 52, 43]
[44, 45, 58]
[44, 58, 45]
[45, 44, 58]
[45, 58, 44]
[58, 44, 45]
[58, 45, 44]
[46, 55, 57]
[46, 57, 55]
[55, 46, 57]
[55, 57, 46]
[57, 46, 55]
[57, 55, 46]
[47, 52, 57]
[47, 57, 52]
[52, 47, 57]
[52, 57, 47]
[57, 47, 52]
[57, 52, 47]
[49, 54, 59]
[49, 59, 54]
[54, 49, 59]
[54, 59, 49]
[59, 49, 54]
[59, 54, 49]
[49, 55, 58]
[49, 58, 55]
[55, 49, 58]
[55, 58, 49]
[58, 49, 55]
[58, 55, 49]
[51, 53, 57]
[51, 57, 53]
[53, 51, 57]
[53, 57, 51]
[57, 51, 53]
[57, 53, 51]
[53, 56, 59]
[53, 59, 56]
[56, 53, 59]
[56, 59, 53]
[59, 53, 56]
[59, 56, 53]
[54, 54, 54]
[55, 55, 55]
[0, 46, 75]
[0, 75, 46]
[46, 0, 75]
[46, 75, 0]
[75, 0, 46]
[75, 46, 0]
[1, 45, 75]
[1, 75, 45]
[45, 1, 75]
[45, 75, 1]
[75, 1, 45]
[75, 45, 1]
[2, 45, 74]
[2, 74, 45]
[45, 2, 74]
[45, 74, 2]
[74, 2, 45]
[74, 45, 2]
[3, 44, 70]
[3, 70, 44]
[44, 3, 70]
[44, 70, 3]
[70, 3, 44]
[70, 44, 3]
[4, 44, 68]
[4, 68, 44]
[44, 4, 68]
[44, 68, 4]
[68, 4, 44]
[68, 44, 4]
[5, 46, 73]
[5, 73, 46]
[46, 5, 73]
[46, 73, 5]
[73, 5, 46]
[73, 46, 5]
[7, 42, 70]
[7, 70, 42]
[42, 7, 70]
[42, 70, 7]
[70, 7, 42]
[70, 42, 7]
[8, 40, 71]
[8, 71, 40]
[40, 8, 71]
[40, 71, 8]
[71, 8, 40]
[71, 40, 8]
[9, 41, 69]
[9, 69, 41]
[41, 9, 69]
[41, 69, 9]
[69, 9, 41]
[69, 41, 9]
[10, 44, 69]
[10, 69, 44]
[44, 10, 69]
[44, 69, 10]
[69, 10, 44]
[69, 44, 10]
[11, 40, 70]
[11, 70, 40]
[40, 11, 70]
[40, 70, 11]
[70, 11, 40]
[70, 40, 11]
[12, 39, 72]
[12, 72, 39]
[39, 12, 72]
[39, 72, 12]
[72, 12, 39]
[72, 39, 12]
[12, 42, 66]
[12, 66, 42]
[42, 12, 66]
[42, 66, 12]
[66, 12, 42]
[66, 42, 12]
[12, 44, 67]
[12, 67, 44]
[44, 12, 67]
[44, 67, 12]
[67, 12, 44]
[67, 44, 12]
[14, 39, 70]
[14, 70, 39]
[39, 14, 70]
[39, 70, 14]
[70, 14, 39]
[70, 39, 14]
[18, 46, 66]
[18, 66, 46]
[46, 18, 66]
[46, 66, 18]
[66, 18, 46]
[66, 46, 18]
[18, 52, 64]
[18, 64, 52]
[52, 18, 64]
[52, 64, 18]
[64, 18, 52]
[64, 52, 18]
[19, 45, 66]
[19, 66, 45]
[45, 19, 66]
[45, 66, 19]
[66, 19, 45]
[66, 45, 19]
[21, 47, 64]
[21, 64, 47]
[47, 21, 64]
[47, 64, 21]
[64, 21, 47]
[64, 47, 21]
[22, 55, 66]
[22, 66, 55]
[55, 22, 66]
[55, 66, 22]
[66, 22, 55]
[66, 55, 22]
[24, 49, 65]
[24, 65, 49]
[49, 24, 65]
[49, 65, 24]
[65, 24, 49]
[65, 49, 24]
[24, 57, 62]
[24, 62, 57]
[57, 24, 62]
[57, 62, 24]
[62, 24, 57]
[62, 57, 24]
[26, 39, 69]
[26, 69, 39]
[39, 26, 69]
[39, 69, 26]
[69, 26, 39]
[69, 39, 26]
[26, 48, 62]
[26, 62, 48]
[48, 26, 62]
[48, 62, 26]
[62, 26, 48]
[62, 48, 26]
[27, 48, 66]
[27, 66, 48]
[48, 27, 66]
[48, 66, 27]
[66, 27, 48]
[66, 48, 27]
[27, 63, 68]
[27, 68, 63]
[63, 27, 68]
[63, 68, 27]
[68, 27, 63]
[68, 63, 27]
[29, 38, 68]
[29, 68, 38]
[38, 29, 68]
[38, 68, 29]
[68, 29, 38]
[68, 38, 29]
[30, 44, 65]
[30, 65, 44]
[44, 30, 65]
[44, 65, 30]
[65, 30, 44]
[65, 44, 30]
[30, 59, 62]
[30, 62, 59]
[59, 30, 62]
[59, 62, 30]
[62, 30, 59]
[62, 59, 30]
[31, 54, 65]
[31, 65, 54]
[54, 31, 65]
[54, 65, 31]
[65, 31, 54]
[65, 54, 31]
[32, 56, 63]
[32, 63, 56]
[56, 32, 63]
[56, 63, 32]
[63, 32, 56]
[63, 56, 32]
[36, 37, 67]
[36, 67, 37]
[37, 36, 67]
[37, 67, 36]
[67, 36, 37]
[67, 37, 36]
[36, 57, 63]
[36, 63, 57]
[57, 36, 63]
[57, 63, 36]
[63, 36, 57]
[63, 57, 36]
[43, 48, 61]
[43, 61, 48]
[48, 43, 61]
[48, 61, 43]
[61, 43, 48]
[61, 48, 43]
[44, 53, 63]
[44, 63, 53]
[53, 44, 63]
[53, 63, 44]
[63, 44, 53]
[63, 53, 44]
[44, 56, 60]
[44, 60, 56]
[56, 44, 60]
[56, 60, 44]
[60, 44, 56]
[60, 56, 44]
[45, 49, 61]
[45, 61, 49]
[49, 45, 61]
[49, 61, 45]
[61, 45, 49]
[61, 49, 45]
[45, 57, 59]
[45, 59, 57]
[57, 45, 59]
[57, 59, 45]
[59, 45, 57]
[59, 57, 45]
[46, 51, 63]
[46, 63, 51]
[51, 46, 63]
[51, 63, 46]
[63, 46, 51]
[63, 51, 46]
[47, 51, 62]
[47, 62, 51]
[51, 47, 62]
[51, 62, 47]
[62, 47, 51]
[62, 51, 47]
[47, 58, 65]
[47, 65, 58]
[58, 47, 65]
[58, 65, 47]
[65, 47, 58]
[65, 58, 47]
[48, 57, 58]
[48, 58, 57]
[57, 48, 58]
[57, 58, 48]
[58, 48, 57]
[58, 57, 48]
[50, 56, 61]
[50, 61, 56]
[56, 50, 61]
[56, 61, 50]
[61, 50, 56]
[61, 56, 50]
[52, 54, 61]
[52, 61, 54]
[54, 52, 61]
[54, 61, 52]
[61, 52, 54]
[61, 54, 52]
[54, 56, 58]
[54, 58, 56]
[56, 54, 58]
[56, 58, 54]
[58, 54, 56]
[58, 56, 54]
[56, 56, 56]
[0, 48, 78]
[0, 78, 48]
[48, 0, 78]
[48, 78, 0]
[78, 0, 48]
[78, 48, 0]
[1, 47, 76]
[1, 76, 47]
[47, 1, 76]
[47, 76, 1]
[76, 1, 47]
[76, 47, 1]
[2, 47, 75]
[2, 75, 47]
[47, 2, 75]
[47, 75, 2]
[75, 2, 47]
[75, 47, 2]
[3, 45, 78]
[3, 78, 45]
[45, 3, 78]
[45, 78, 3]
[78, 3, 45]
[78, 45, 3]
[3, 46, 76]
[3, 76, 46]
[46, 3, 76]
[46, 76, 3]
[76, 3, 46]
[76, 46, 3]
[4, 46, 74]
[4, 74, 46]
[46, 4, 74]
[46, 74, 4]
[74, 4, 46]
[74, 46, 4]
[6, 48, 75]
[6, 75, 48]
[48, 6, 75]
[48, 75, 6]
[75, 6, 48]
[75, 48, 6]
[7, 46, 72]
[7, 72, 46]
[46, 7, 72]
[46, 72, 7]
[72, 7, 46]
[72, 46, 7]
[8, 44, 73]
[8, 73, 44]
[44, 8, 73]
[44, 73, 8]
[73, 8, 44]
[73, 44, 8]
[9, 43, 73]
[9, 73, 43]
[43, 9, 73]
[43, 73, 9]
[73, 9, 43]
[73, 43, 9]
[9, 45, 72]
[9, 72, 45]
[45, 9, 72]
[45, 72, 9]
[72, 9, 45]
[72, 45, 9]
[9, 46, 70]
[9, 70, 46]
[46, 9, 70]
[46, 70, 9]
[70, 9, 46]
[70, 46, 9]
[10, 42, 72]
[10, 72, 42]
[42, 10, 72]
[42, 72, 10]
[72, 10, 42]
[72, 42, 10]
[11, 41, 72]
[11, 72, 41]
[41, 11, 72]
[41, 72, 11]
[72, 11, 41]
[72, 41, 11]
[12, 43, 71]
[12, 71, 43]
[43, 12, 71]
[43, 71, 12]
[71, 12, 43]
[71, 43, 12]
[12, 48, 70]
[12, 70, 48]
[48, 12, 70]
[48, 70, 12]
[70, 12, 48]
[70, 48, 12]
[13, 45, 68]
[13, 68, 45]
[45, 13, 68]
[45, 68, 13]
[68, 13, 45]
[68, 45, 13]
[16, 42, 71]
[16, 71, 42]
[42, 16, 71]
[42, 71, 16]
[71, 16, 42]
[71, 42, 16]
[17, 45, 67]
[17, 67, 45]
[45, 17, 67]
[45, 67, 17]
[67, 17, 45]
[67, 45, 17]
[19, 50, 68]
[19, 68, 50]
[50, 19, 68]
[50, 68, 19]
[68, 19, 50]
[68, 50, 19]
[22, 48, 68]
[22, 68, 48]
[48, 22, 68]
[48, 68, 22]
[68, 22, 48]
[68, 48, 22]
[23, 48, 67]
[23, 67, 48]
[48, 23, 67]
[48, 67, 23]
[67, 23, 48]
[67, 48, 23]
[23, 50, 66]
[23, 66, 50]
[50, 23, 66]
[50, 66, 23]
[66, 23, 50]
[66, 50, 23]
[25, 52, 67]
[25, 67, 52]
[52, 25, 67]
[52, 67, 25]
[67, 25, 52]
[67, 52, 25]
[26, 51, 66]
[26, 66, 51]
[51, 26, 66]
[51, 66, 26]
[66, 26, 51]
[66, 51, 26]
[28, 55, 65]
[28, 65, 55]
[55, 28, 65]
[55, 65, 28]
[65, 28, 55]
[65, 55, 28]
[28, 61, 64]
[28, 64, 61]
[61, 28, 64]
[61, 64, 28]
[64, 28, 61]
[64, 61, 28]
[29, 55, 69]
[29, 69, 55]
[55, 29, 69]
[55, 69, 29]
[69, 29, 55]
[69, 55, 29]
[30, 40, 75]
[30, 75, 40]
[40, 30, 75]
[40, 75, 30]
[75, 30, 40]
[75, 40, 30]
[30, 60, 70]
[30, 70, 60]
[60, 30, 70]
[60, 70, 30]
[70, 30, 60]
[70, 60, 30]
[30, 61, 67]
[30, 67, 61]
[61, 30, 67]
[61, 67, 30]
[67, 30, 61]
[67, 61, 30]
[32, 46, 67]
[32, 67, 46]
[46, 32, 67]
[46, 67, 32]
[67, 32, 46]
[67, 46, 32]
[34, 52, 65]
[34, 65, 52]
[52, 34, 65]
[52, 65, 34]
[65, 34, 52]
[65, 52, 34]
[37, 40, 72]
[37, 72, 40]
[40, 37, 72]
[40, 72, 37]
[72, 37, 40]
[72, 40, 37]
[41, 49, 67]
[41, 67, 49]
[49, 41, 67]
[49, 67, 41]
[67, 41, 49]
[67, 49, 41]
[45, 64, 65]
[45, 65, 64]
[64, 45, 65]
[64, 65, 45]
[65, 45, 64]
[65, 64, 45]
[48, 59, 63]
[48, 63, 59]
[59, 48, 63]
[59, 63, 48]
[63, 48, 59]
[63, 59, 48]
[49, 53, 64]
[49, 64, 53]
[53, 49, 64]
[53, 64, 49]
[64, 49, 53]
[64, 53, 49]
[51, 59, 61]
[51, 61, 59]
[59, 51, 61]
[59, 61, 51]
[61, 51, 59]
[61, 59, 51]
[54, 57, 60]
[54, 60, 57]
[57, 54, 60]
[57, 60, 54]
[60, 54, 57]
[60, 57, 54]
[55, 61, 62]
[55, 62, 61]
[61, 55, 62]
[61, 62, 55]
[62, 55, 61]
[62, 61, 55]
[57, 57, 57]
[58, 58, 58]
[0, 50, 81]
[0, 81, 50]
[50, 0, 81]
[50, 81, 0]
[81, 0, 50]
[81, 50, 0]
[1, 48, 80]
[1, 80, 48]
[48, 1, 80]
[48, 80, 1]
[80, 1, 48]
[80, 48, 1]
[1, 49, 77]
[1, 77, 49]
[49, 1, 77]
[49, 77, 1]
[77, 1, 49]
[77, 49, 1]
[2, 48, 79]
[2, 79, 48]
[48, 2, 79]
[48, 79, 2]
[79, 2, 48]
[79, 48, 2]
[4, 47, 78]
[4, 78, 47]
[47, 4, 78]
[47, 78, 4]
[78, 4, 47]
[78, 47, 4]
[4, 48, 77]
[4, 77, 48]
[48, 4, 77]
[48, 77, 4]
[77, 4, 48]
[77, 48, 4]
[6, 46, 77]
[6, 77, 46]
[46, 6, 77]
[46, 77, 6]
[77, 6, 46]
[77, 46, 6]
[7, 47, 74]
[7, 74, 47]
[47, 7, 74]
[47, 74, 7]
[74, 7, 47]
[74, 47, 7]
[8, 45, 77]
[8, 77, 45]
[45, 8, 77]
[45, 77, 8]
[77, 8, 45]
[77, 45, 8]
[10, 43, 76]
[10, 76, 43]
[43, 10, 76]
[43, 76, 10]
[76, 10, 43]
[76, 43, 10]
[11, 42, 75]
[11, 75, 42]
[42, 11, 75]
[42, 75, 11]
[75, 11, 42]
[75, 42, 11]
[11, 46, 71]
[11, 71, 46]
[46, 11, 71]
[46, 71, 11]
[71, 11, 46]
[71, 46, 11]
[12, 41, 75]
[12, 75, 41]
[41, 12, 75]
[41, 75, 12]
[75, 12, 41]
[75, 41, 12]
[13, 43, 74]
[13, 74, 43]
[43, 13, 74]
[43, 74, 13]
[74, 13, 43]
[74, 43, 13]
[14, 49, 73]
[14, 73, 49]
[49, 14, 73]
[49, 73, 14]
[73, 14, 49]
[73, 49, 14]
[15, 44, 72]
[15, 72, 44]
[44, 15, 72]
[44, 72, 15]
[72, 15, 44]
[72, 44, 15]
[15, 46, 69]
[15, 69, 46]
[46, 15, 69]
[46, 69, 15]
[69, 15, 46]
[69, 46, 15]
[18, 47, 68]
[18, 68, 47]
[47, 18, 68]
[47, 68, 18]
[68, 18, 47]
[68, 47, 18]
[20, 42, 73]
[20, 73, 42]
[42, 20, 73]
[42, 73, 20]
[73, 20, 42]
[73, 42, 20]
[24, 48, 69]
[24, 69, 48]
[48, 24, 69]
[48, 69, 24]
[69, 24, 48]
[69, 48, 24]
[25, 49, 68]
[25, 68, 49]
[49, 25, 68]
[49, 68, 25]
[68, 25, 49]
[68, 49, 25]
[28, 54, 72]
[28, 72, 54]
[54, 28, 72]
[54, 72, 28]
[72, 28, 54]
[72, 54, 28]
[30, 41, 78]
[30, 78, 41]
[41, 30, 78]
[41, 78, 30]
[78, 30, 41]
[78, 41, 30]
[31, 56, 68]
[31, 68, 56]
[56, 31, 68]
[56, 68, 31]
[68, 31, 56]
[68, 56, 31]
[31, 57, 67]
[31, 67, 57]
[57, 31, 67]
[57, 67, 31]
[67, 31, 57]
[67, 57, 31]
[34, 41, 73]
[34, 73, 41]
[41, 34, 73]
[41, 73, 34]
[73, 34, 41]
[73, 41, 34]
[34, 48, 71]
[34, 71, 48]
[48, 34, 71]
[48, 71, 34]
[71, 34, 48]
[71, 48, 34]
[37, 45, 71]
[37, 71, 45]
[45, 37, 71]
[45, 71, 37]
[71, 37, 45]
[71, 45, 37]
[38, 43, 72]
[38, 72, 43]
[43, 38, 72]
[43, 72, 38]
[72, 38, 43]
[72, 43, 38]
[40, 41, 74]
[40, 74, 41]
[41, 40, 74]
[41, 74, 40]
[74, 40, 41]
[74, 41, 40]
[46, 64, 68]
[46, 68, 64]
[64, 46, 68]
[64, 68, 46]
[68, 46, 64]
[68, 64, 46]
[50, 62, 63]
[50, 63, 62]
[62, 50, 63]
[62, 63, 50]
[63, 50, 62]
[63, 62, 50]
[51, 56, 64]
[51, 64, 56]
[56, 51, 64]
[56, 64, 51]
[64, 51, 56]
[64, 56, 51]
[52, 53, 68]
[52, 68, 53]
[53, 52, 68]
[53, 68, 52]
[68, 52, 53]
[68, 53, 52]
[52, 62, 66]
[52, 66, 62]
[62, 52, 66]
[62, 66, 52]
[66, 52, 62]
[66, 62, 52]
[53, 61, 66]
[53, 66, 61]
[61, 53, 66]
[61, 66, 53]
[66, 53, 61]
[66, 61, 53]
[58, 60, 63]
[58, 63, 60]
[60, 58, 63]
[60, 63, 58]
[63, 58, 60]
[63, 60, 58]
[59, 59, 59]
[0, 51, 83]
[0, 83, 51]
[51, 0, 83]
[51, 83, 0]
[83, 0, 51]
[83, 51, 0]
[1, 51, 82]
[1, 82, 51]
[51, 1, 82]
[51, 82, 1]
[82, 1, 51]
[82, 51, 1]
[2, 49, 81]
[2, 81, 49]
[49, 2, 81]
[49, 81, 2]
[81, 2, 49]
[81, 49, 2]
[2, 50, 80]
[2, 80, 50]
[50, 2, 80]
[50, 80, 2]
[80, 2, 50]
[80, 50, 2]
[3, 49, 80]
[3, 80, 49]
[49, 3, 80]
[49, 80, 3]
[80, 3, 49]
[80, 49, 3]
[3, 50, 79]
[3, 79, 50]
[50, 3, 79]
[50, 79, 3]
[79, 3, 50]
[79, 50, 3]
[4, 49, 79]
[4, 79, 49]
[49, 4, 79]
[49, 79, 4]
[79, 4, 49]
[79, 49, 4]
[5, 50, 78]
[5, 78, 50]
[50, 5, 78]
[50, 78, 5]
[78, 5, 50]
[78, 50, 5]
[7, 48, 81]
[7, 81, 48]
[48, 7, 81]
[48, 81, 7]
[81, 7, 48]
[81, 48, 7]
[8, 48, 76]
[8, 76, 48]
[48, 8, 76]
[48, 76, 8]
[76, 8, 48]
[76, 48, 8]
[8, 49, 75]
[8, 75, 49]
[49, 8, 75]
[49, 75, 8]
[75, 8, 49]
[75, 49, 8]
[9, 47, 79]
[9, 79, 47]
[47, 9, 79]
[47, 79, 9]
[79, 9, 47]
[79, 47, 9]
[10, 45, 80]
[10, 80, 45]
[45, 10, 80]
[45, 80, 10]
[80, 10, 45]
[80, 45, 10]
[10, 49, 78]
[10, 78, 49]
[49, 10, 78]
[49, 78, 10]
[78, 10, 49]
[78, 49, 10]
[11, 44, 79]
[11, 79, 44]
[44, 11, 79]
[44, 79, 11]
[79, 11, 44]
[79, 44, 11]
[11, 50, 74]
[11, 74, 50]
[50, 11, 74]
[50, 74, 11]
[74, 11, 50]
[74, 50, 11]
[13, 44, 76]
[13, 76, 44]
[44, 13, 76]
[44, 76, 13]
[76, 13, 44]
[76, 44, 13]
[13, 47, 71]
[13, 71, 47]
[47, 13, 71]
[47, 71, 13]
[71, 13, 47]
[71, 47, 13]
[14, 48, 74]
[14, 74, 48]
[48, 14, 74]
[48, 74, 14]
[74, 14, 48]
[74, 48, 14]
[16, 45, 76]
[16, 76, 45]
[45, 16, 76]
[45, 76, 16]
[76, 16, 45]
[76, 45, 16]
[16, 47, 70]
[16, 70, 47]
[47, 16, 70]
[47, 70, 16]
[70, 16, 47]
[70, 47, 16]
[19, 46, 78]
[19, 78, 46]
[46, 19, 78]
[46, 78, 19]
[78, 19, 46]
[78, 46, 19]
[20, 45, 79]
[20, 79, 45]
[45, 20, 79]
[45, 79, 20]
[79, 20, 45]
[79, 45, 20]
[20, 47, 69]
[20, 69, 47]
[47, 20, 69]
[47, 69, 20]
[69, 20, 47]
[69, 47, 20]
[21, 50, 71]
[21, 71, 50]
[50, 21, 71]
[50, 71, 21]
[71, 21, 50]
[71, 50, 21]
[24, 53, 73]
[24, 73, 53]
[53, 24, 73]
[53, 73, 24]
[73, 24, 53]
[73, 53, 24]
[27, 49, 71]
[27, 71, 49]
[49, 27, 71]
[49, 71, 27]
[71, 27, 49]
[71, 49, 27]
[27, 59, 70]
[27, 70, 59]
[59, 27, 70]
[59, 70, 27]
[70, 27, 59]
[70, 59, 27]
[30, 66, 71]
[30, 71, 66]
[66, 30, 71]
[66, 71, 30]
[71, 30, 66]
[71, 66, 30]
[32, 59, 68]
[32, 68, 59]
[59, 32, 68]
[59, 68, 32]
[68, 32, 59]
[68, 59, 32]
[32, 60, 71]
[32, 71, 60]
[60, 32, 71]
[60, 71, 32]
[71, 32, 60]
[71, 60, 32]
[33, 58, 69]
[33, 69, 58]
[58, 33, 69]
[58, 69, 33]
[69, 33, 58]
[69, 58, 33]
[33, 67, 68]
[33, 68, 67]
[67, 33, 68]
[67, 68, 33]
[68, 33, 67]
[68, 67, 33]
[35, 42, 76]
[35, 76, 42]
[42, 35, 76]
[42, 76, 35]
[76, 35, 42]
[76, 42, 35]
[36, 43, 78]
[36, 78, 43]
[43, 36, 78]
[43, 78, 36]
[78, 36, 43]
[78, 43, 36]
[36, 51, 68]
[36, 68, 51]
[51, 36, 68]
[51, 68, 36]
[68, 36, 51]
[68, 51, 36]
[37, 41, 77]
[37, 77, 41]
[41, 37, 77]
[41, 77, 37]
[77, 37, 41]
[77, 41, 37]
[39, 44, 75]
[39, 75, 44]
[44, 39, 75]
[44, 75, 39]
[75, 39, 44]
[75, 44, 39]
[40, 43, 77]
[40, 77, 43]
[43, 40, 77]
[43, 77, 40]
[77, 40, 43]
[77, 43, 40]
[42, 60, 74]
[42, 74, 60]
[60, 42, 74]
[60, 74, 42]
[74, 42, 60]
[74, 60, 42]
[52, 69, 70]
[52, 70, 69]
[69, 52, 70]
[69, 70, 52]
[70, 52, 69]
[70, 69, 52]
[54, 63, 67]
[54, 67, 63]
[63, 54, 67]
[63, 67, 54]
[67, 54, 63]
[67, 63, 54]
[55, 59, 71]
[55, 71, 59]
[59, 55, 71]
[59, 71, 55]
[71, 55, 59]
[71, 59, 55]
[56, 57, 69]
[56, 69, 57]
[57, 56, 69]
[57, 69, 56]
[69, 56, 57]
[69, 57, 56]
[56, 65, 66]
[56, 66, 65]
[65, 56, 66]
[65, 66, 56]
[66, 56, 65]
[66, 65, 56]
[59, 64, 66]
[59, 66, 64]
[64, 59, 66]
[64, 66, 59]
[66, 59, 64]
[66, 64, 59]
[60, 60, 60]
[63, 63, 63]
[0, 53, 86]
[0, 86, 53]
[53, 0, 86]
[53, 86, 0]
[86, 0, 53]
[86, 53, 0]
[1, 52, 85]
[1, 85, 52]
[52, 1, 85]
[52, 85, 1]
[85, 1, 52]
[85, 52, 1]
[2, 51, 84]
[2, 84, 51]
[51, 2, 84]
[51, 84, 2]
[84, 2, 51]
[84, 51, 2]
[3, 54, 82]
[3, 82, 54]
[54, 3, 82]
[54, 82, 3]
[82, 3, 54]
[82, 54, 3]
[5, 49, 83]
[5, 83, 49]
[49, 5, 83]
[49, 83, 5]
[83, 5, 49]
[83, 49, 5]
[5, 51, 81]
[5, 81, 51]
[51, 5, 81]
[51, 81, 5]
[81, 5, 51]
[81, 51, 5]
[9, 49, 82]
[9, 82, 49]
[49, 9, 82]
[49, 82, 9]
[82, 9, 49]
[82, 49, 9]
[9, 52, 77]
[9, 77, 52]
[52, 9, 77]
[52, 77, 9]
[77, 9, 52]
[77, 52, 9]
[10, 46, 82]
[10, 82, 46]
[46, 10, 82]
[46, 82, 10]
[82, 10, 46]
[82, 46, 10]
[11, 47, 83]
[11, 83, 47]
[47, 11, 83]
[47, 83, 11]
[83, 11, 47]
[83, 47, 11]
[11, 51, 78]
[11, 78, 51]
[51, 11, 78]
[51, 78, 11]
[78, 11, 51]
[78, 51, 11]
[12, 45, 83]
[12, 83, 45]
[45, 12, 83]
[45, 83, 12]
[83, 12, 45]
[83, 45, 12]
[12, 50, 76]
[12, 76, 50]
[50, 12, 76]
[50, 76, 12]
[76, 12, 50]
[76, 50, 12]
[13, 46, 80]
[13, 80, 46]
[46, 13, 80]
[46, 80, 13]
[80, 13, 46]
[80, 46, 13]
[13, 48, 83]
[13, 83, 48]
[48, 13, 83]
[48, 83, 13]
[83, 13, 48]
[83, 48, 13]
[13, 50, 72]
[13, 72, 50]
[50, 13, 72]
[50, 72, 13]
[72, 13, 50]
[72, 50, 13]
[14, 44, 80]
[14, 80, 44]
[44, 14, 80]
[44, 80, 14]
[80, 14, 44]
[80, 44, 14]
[15, 47, 77]
[15, 77, 47]
[47, 15, 77]
[47, 77, 15]
[77, 15, 47]
[77, 47, 15]
[15, 49, 76]
[15, 76, 49]
[49, 15, 76]
[49, 76, 15]
[76, 15, 49]
[76, 49, 15]
[15, 50, 75]
[15, 75, 50]
[50, 15, 75]
[50, 75, 15]
[75, 15, 50]
[75, 50, 15]
[21, 52, 72]
[21, 72, 52]
[52, 21, 72]
[52, 72, 21]
[72, 21, 52]
[72, 52, 21]
[23, 47, 82]
[23, 82, 47]
[47, 23, 82]
[47, 82, 23]
[82, 23, 47]
[82, 47, 23]
[23, 51, 74]
[23, 74, 51]
[51, 23, 74]
[51, 74, 23]
[74, 23, 51]
[74, 51, 23]
[26, 55, 74]
[26, 74, 55]
[55, 26, 74]
[55, 74, 26]
[74, 26, 55]
[74, 55, 26]
[28, 66, 75]
[28, 75, 66]
[66, 28, 75]
[66, 75, 28]
[75, 28, 66]
[75, 66, 28]
[29, 62, 71]
[29, 71, 62]
[62, 29, 71]
[62, 71, 29]
[71, 29, 62]
[71, 62, 29]
[30, 69, 73]
[30, 73, 69]
[69, 30, 73]
[69, 73, 30]
[73, 30, 69]
[73, 69, 30]
[31, 58, 75]
[31, 75, 58]
[58, 31, 75]
[58, 75, 31]
[75, 31, 58]
[75, 58, 31]
[36, 49, 74]
[36, 74, 49]
[49, 36, 74]
[49, 74, 36]
[74, 36, 49]
[74, 49, 36]
[37, 61, 70]
[37, 70, 61]
[61, 37, 70]
[61, 70, 37]
[70, 37, 61]
[70, 61, 37]
[38, 52, 75]
[38, 75, 52]
[52, 38, 75]
[52, 75, 38]
[75, 38, 52]
[75, 52, 38]
[41, 51, 70]
[41, 70, 51]
[51, 41, 70]
[51, 70, 41]
[70, 41, 51]
[70, 51, 41]
[49, 62, 72]
[49, 72, 62]
[62, 49, 72]
[62, 72, 49]
[72, 49, 62]
[72, 62, 49]
[50, 67, 73]
[50, 73, 67]
[67, 50, 73]
[67, 73, 50]
[73, 50, 67]
[73, 67, 50]
[53, 58, 70]
[53, 70, 58]
[58, 53, 70]
[58, 70, 53]
[70, 53, 58]
[70, 58, 53]
[54, 64, 69]
[54, 69, 64]
[64, 54, 69]
[64, 69, 54]
[69, 54, 64]
[69, 64, 54]
[55, 60, 68]
[55, 68, 60]
[60, 55, 68]
[60, 68, 55]
[68, 55, 60]
[68, 60, 55]
[55, 67, 70]
[55, 70, 67]
[67, 55, 70]
[67, 70, 55]
[70, 55, 67]
[70, 67, 55]
[57, 66, 70]
[57, 70, 66]
[66, 57, 70]
[66, 70, 57]
[70, 57, 66]
[70, 66, 57]
[58, 62, 73]
[58, 73, 62]
[62, 58, 73]
[62, 73, 58]
[73, 58, 62]
[73, 62, 58]
[60, 65, 67]
[60, 67, 65]
[65, 60, 67]
[65, 67, 60]
[67, 60, 65]
[67, 65, 60]
[61, 61, 61]
[62, 62, 62]
[66, 66, 66]
[0, 55, 89]
[0, 89, 55]
[55, 0, 89]
[55, 89, 0]
[89, 0, 55]
[89, 55, 0]
[2, 53, 87]
[2, 87, 53]
[53, 2, 87]
[53, 87, 2]
[87, 2, 53]
[87, 53, 2]
[3, 52, 86]
[3, 86, 52]
[52, 3, 86]
[52, 86, 3]
[86, 3, 52]
[86, 52, 3]
[3, 53, 85]
[3, 85, 53]
[53, 3, 85]
[53, 85, 3]
[85, 3, 53]
[85, 53, 3]
[4, 51, 88]
[4, 88, 51]
[51, 4, 88]
[51, 88, 4]
[88, 4, 51]
[88, 51, 4]
[4, 52, 84]
[4, 84, 52]
[52, 4, 84]
[52, 84, 4]
[84, 4, 52]
[84, 52, 4]
[6, 49, 86]
[6, 86, 49]
[49, 6, 86]
[49, 86, 6]
[86, 6, 49]
[86, 49, 6]
[6, 50, 85]
[6, 85, 50]
[50, 6, 85]
[50, 85, 6]
[85, 6, 50]
[85, 50, 6]
[6, 53, 82]
[6, 82, 53]
[53, 6, 82]
[53, 82, 6]
[82, 6, 53]
[82, 53, 6]
[7, 52, 83]
[7, 83, 52]
[52, 7, 83]
[52, 83, 7]
[83, 7, 52]
[83, 52, 7]
[8, 50, 83]
[8, 83, 50]
[50, 8, 83]
[50, 83, 8]
[83, 8, 50]
[83, 50, 8]
[8, 52, 82]
[8, 82, 52]
[52, 8, 82]
[52, 82, 8]
[82, 8, 52]
[82, 52, 8]
[10, 48, 85]
[10, 85, 48]
[48, 10, 85]
[48, 85, 10]
[85, 10, 48]
[85, 48, 10]
[11, 53, 81]
[11, 81, 53]
[53, 11, 81]
[53, 81, 11]
[81, 11, 53]
[81, 53, 11]
[12, 51, 80]
[12, 80, 51]
[51, 12, 80]
[51, 80, 12]
[80, 12, 51]
[80, 51, 12]
[12, 53, 78]
[12, 78, 53]
[53, 12, 78]
[53, 78, 12]
[78, 12, 53]
[78, 53, 12]
[14, 45, 82]
[14, 82, 45]
[45, 14, 82]
[45, 82, 14]
[82, 14, 45]
[82, 45, 14]
[15, 52, 78]
[15, 78, 52]
[52, 15, 78]
[52, 78, 15]
[78, 15, 52]
[78, 52, 15]
[16, 49, 85]
[16, 85, 49]
[49, 16, 85]
[49, 85, 16]
[85, 16, 49]
[85, 49, 16]
[16, 50, 77]
[16, 77, 50]
[50, 16, 77]
[50, 77, 16]
[77, 16, 50]
[77, 50, 16]
[17, 51, 75]
[17, 75, 51]
[51, 17, 75]
[51, 75, 17]
[75, 17, 51]
[75, 51, 17]
[18, 49, 84]
[18, 84, 49]
[49, 18, 84]
[49, 84, 18]
[84, 18, 49]
[84, 49, 18]
[18, 51, 73]
[18, 73, 51]
[51, 18, 73]
[51, 73, 18]
[73, 18, 51]
[73, 51, 18]
[20, 46, 83]
[20, 83, 46]
[46, 20, 83]
[46, 83, 20]
[83, 20, 46]
[83, 46, 20]
[25, 56, 73]
[25, 73, 56]
[56, 25, 73]
[56, 73, 25]
[73, 25, 56]
[73, 56, 25]
[27, 55, 76]
[27, 76, 55]
[55, 27, 76]
[55, 76, 27]
[76, 27, 55]
[76, 55, 27]
[29, 54, 74]
[29, 74, 54]
[54, 29, 74]
[54, 74, 29]
[74, 29, 54]
[74, 54, 29]
[30, 64, 72]
[30, 72, 64]
[64, 30, 72]
[64, 72, 30]
[72, 30, 64]
[72, 64, 30]
[31, 70, 77]
[31, 77, 70]
[70, 31, 77]
[70, 77, 31]
[77, 31, 70]
[77, 70, 31]
[31, 71, 72]
[31, 72, 71]
[71, 31, 72]
[71, 72, 31]
[72, 31, 71]
[72, 71, 31]
[33, 70, 75]
[33, 75, 70]
[70, 33, 75]
[70, 75, 33]
[75, 33, 70]
[75, 70, 33]
[36, 48, 84]
[36, 84, 48]
[48, 36, 84]
[48, 84, 36]
[84, 36, 48]
[84, 48, 36]
[37, 47, 81]
[37, 81, 47]
[47, 37, 81]
[47, 81, 37]
[81, 37, 47]
[81, 47, 37]
[37, 53, 75]
[37, 75, 53]
[53, 37, 75]
[53, 75, 37]
[75, 37, 53]
[75, 53, 37]
[38, 45, 81]
[38, 81, 45]
[45, 38, 81]
[45, 81, 38]
[81, 38, 45]
[81, 45, 38]
[41, 54, 71]
[41, 71, 54]
[54, 41, 71]
[54, 71, 41]
[71, 41, 54]
[71, 54, 41]
[42, 48, 82]
[42, 82, 48]
[48, 42, 82]
[48, 82, 42]
[82, 42, 48]
[82, 48, 42]
[43, 44, 85]
[43, 85, 44]
[44, 43, 85]
[44, 85, 43]
[85, 43, 44]
[85, 44, 43]
[47, 67, 80]
[47, 80, 67]
[67, 47, 80]
[67, 80, 47]
[80, 47, 67]
[80, 67, 47]
[52, 63, 74]
[52, 74, 63]
[63, 52, 74]
[63, 74, 52]
[74, 52, 63]
[74, 63, 52]
[55, 56, 72]
[55, 72, 56]
[56, 55, 72]
[56, 72, 55]
[72, 55, 56]
[72, 56, 55]
[57, 64, 75]
[57, 75, 64]
[64, 57, 75]
[64, 75, 57]
[75, 57, 64]
[75, 64, 57]
[58, 64, 71]
[58, 71, 64]
[64, 58, 71]
[64, 71, 58]
[71, 58, 64]
[71, 64, 58]
[60, 62, 69]
[60, 69, 62]
[62, 60, 69]
[62, 69, 60]
[69, 60, 62]
[69, 62, 60]
[61, 68, 69]
[61, 69, 68]
[68, 61, 69]
[68, 69, 61]
[69, 61, 68]
[69, 68, 61]
[62, 65, 68]
[62, 68, 65]
[65, 62, 68]
[65, 68, 62]
[68, 62, 65]
[68, 65, 62]
[64, 64, 64]
[65, 65, 65]
[0, 56, 91]
[0, 91, 56]
[56, 0, 91]
[56, 91, 0]
[91, 0, 56]
[91, 56, 0]
[1, 56, 90]
[1, 90, 56]
[56, 1, 90]
[56, 90, 1]
[90, 1, 56]
[90, 56, 1]
[3, 55, 90]
[3, 90, 55]
[55, 3, 90]
[55, 90, 3]
[90, 3, 55]
[90, 55, 3]
[4, 54, 87]
[4, 87, 54]
[54, 4, 87]
[54, 87, 4]
[87, 4, 54]
[87, 54, 4]
[5, 52, 87]
[5, 87, 52]
[52, 5, 87]
[52, 87, 5]
[87, 5, 52]
[87, 52, 5]
[5, 54, 85]
[5, 85, 54]
[54, 5, 85]
[54, 85, 5]
[85, 5, 54]
[85, 54, 5]
[9, 50, 86]
[9, 86, 50]
[50, 9, 86]
[50, 86, 9]
[86, 9, 50]
[86, 50, 9]
[9, 53, 84]
[9, 84, 53]
[53, 9, 84]
[53, 84, 9]
[84, 9, 53]
[84, 53, 9]
[10, 61, 88]
[10, 88, 61]
[61, 10, 88]
[61, 88, 10]
[88, 10, 61]
[88, 61, 10]
[12, 54, 84]
[12, 84, 54]
[54, 12, 84]
[54, 84, 12]
[84, 12, 54]
[84, 54, 12]
[13, 51, 87]
[13, 87, 51]
[51, 13, 87]
[51, 87, 13]
[87, 13, 51]
[87, 51, 13]
[14, 50, 84]
[14, 84, 50]
[50, 14, 84]
[50, 84, 14]
[84, 14, 50]
[84, 50, 14]
[14, 53, 83]
[14, 83, 53]
[53, 14, 83]
[53, 83, 14]
[83, 14, 53]
[83, 53, 14]
[14, 54, 81]
[14, 81, 54]
[54, 14, 81]
[54, 81, 14]
[81, 14, 54]
[81, 54, 14]
[16, 52, 80]
[16, 80, 52]
[52, 16, 80]
[52, 80, 16]
[80, 16, 52]
[80, 52, 16]
[17, 50, 82]
[17, 82, 50]
[50, 17, 82]
[50, 82, 17]
[82, 17, 50]
[82, 50, 17]
[17, 54, 79]
[17, 79, 54]
[54, 17, 79]
[54, 79, 17]
[79, 17, 54]
[79, 54, 17]
[18, 53, 77]
[18, 77, 53]
[53, 18, 77]
[53, 77, 18]
[77, 18, 53]
[77, 53, 18]
[19, 51, 79]
[19, 79, 51]
[51, 19, 79]
[51, 79, 19]
[79, 19, 51]
[79, 51, 19]
[19, 52, 81]
[19, 81, 52]
[52, 19, 81]
[52, 81, 19]
[81, 19, 52]
[81, 52, 19]
[19, 58, 82]
[19, 82, 58]
[58, 19, 82]
[58, 82, 19]
[82, 19, 58]
[82, 58, 19]
[24, 56, 75]
[24, 75, 56]
[56, 24, 75]
[56, 75, 24]
[75, 24, 56]
[75, 56, 24]
[25, 61, 77]
[25, 77, 61]
[61, 25, 77]
[61, 77, 25]
[77, 25, 61]
[77, 61, 25]
[26, 56, 76]
[26, 76, 56]
[56, 26, 76]
[56, 76, 26]
[76, 26, 56]
[76, 56, 26]
[30, 54, 76]
[30, 76, 54]
[54, 30, 76]
[54, 76, 30]
[76, 30, 54]
[76, 54, 30]
[32, 62, 75]
[32, 75, 62]
[62, 32, 75]
[62, 75, 32]
[75, 32, 62]
[75, 62, 32]
[33, 60, 76]
[33, 76, 60]
[60, 33, 76]
[60, 76, 33]
[76, 33, 60]
[76, 60, 33]
[35, 67, 74]
[35, 74, 67]
[67, 35, 74]
[67, 74, 35]
[74, 35, 67]
[74, 67, 35]
[36, 66, 73]
[36, 73, 66]
[66, 36, 73]
[66, 73, 36]
[73, 36, 66]
[73, 66, 36]
[37, 48, 86]
[37, 86, 48]
[48, 37, 86]
[48, 86, 37]
[86, 37, 48]
[86, 48, 37]
[37, 65, 78]
[37, 78, 65]
[65, 37, 78]
[65, 78, 37]
[78, 37, 65]
[78, 65, 37]
[38, 46, 84]
[38, 84, 46]
[46, 38, 84]
[46, 84, 38]
[84, 38, 46]
[84, 46, 38]
[39, 52, 79]
[39, 79, 52]
[52, 39, 79]
[52, 79, 39]
[79, 39, 52]
[79, 52, 39]
[40, 46, 85]
[40, 85, 46]
[46, 40, 85]
[46, 85, 40]
[85, 40, 46]
[85, 46, 40]
[52, 71, 76]
[52, 76, 71]
[71, 52, 76]
[71, 76, 52]
[76, 52, 71]
[76, 71, 52]
[55, 63, 73]
[55, 73, 63]
[63, 55, 73]
[63, 73, 55]
[73, 55, 63]
[73, 63, 55]
[58, 66, 74]
[58, 74, 66]
[66, 58, 74]
[66, 74, 58]
[74, 58, 66]
[74, 66, 58]
[59, 60, 73]
[59, 73, 60]
[60, 59, 73]
[60, 73, 59]
[73, 59, 60]
[73, 60, 59]
[59, 65, 72]
[59, 72, 65]
[65, 59, 72]
[65, 72, 59]
[72, 59, 65]
[72, 65, 59]
[62, 64, 74]
[62, 74, 64]
[64, 62, 74]
[64, 74, 62]
[74, 62, 64]
[74, 64, 62]
[63, 65, 71]
[63, 71, 65]
[65, 63, 71]
[65, 71, 63]
[71, 63, 65]
[71, 65, 63]
[67, 67, 67]
[68, 68, 68]
[0, 58, 94]
[0, 94, 58]
[58, 0, 94]
[58, 94, 0]
[94, 0, 58]
[94, 58, 0]
[1, 57, 92]
[1, 92, 57]
[57, 1, 92]
[57, 92, 1]
[92, 1, 57]
[92, 57, 1]
[2, 56, 92]
[2, 92, 56]
[56, 2, 92]
[56, 92, 2]
[92, 2, 56]
[92, 56, 2]
[4, 55, 94]
[4, 94, 55]
[55, 4, 94]
[55, 94, 4]
[94, 4, 55]
[94, 55, 4]
[4, 57, 91]
[4, 91, 57]
[57, 4, 91]
[57, 91, 4]
[91, 4, 57]
[91, 57, 4]
[5, 53, 89]
[5, 89, 53]
[53, 5, 89]
[53, 89, 5]
[89, 5, 53]
[89, 53, 5]
[5, 55, 88]
[5, 88, 55]
[55, 5, 88]
[55, 88, 5]
[88, 5, 55]
[88, 55, 5]
[6, 54, 88]
[6, 88, 54]
[54, 6, 88]
[54, 88, 6]
[88, 6, 54]
[88, 54, 6]
[7, 55, 87]
[7, 87, 55]
[55, 7, 87]
[55, 87, 7]
[87, 7, 55]
[87, 55, 7]
[10, 51, 89]
[10, 89, 51]
[51, 10, 89]
[51, 89, 10]
[89, 10, 51]
[89, 51, 10]
[11, 56, 85]
[11, 85, 56]
[56, 11, 85]
[56, 85, 11]
[85, 11, 56]
[85, 56, 11]
[13, 52, 90]
[13, 90, 52]
[52, 13, 90]
[52, 90, 13]
[90, 13, 52]
[90, 52, 13]
[13, 55, 85]
[13, 85, 55]
[55, 13, 85]
[55, 85, 13]
[85, 13, 55]
[85, 55, 13]
[13, 56, 84]
[13, 84, 56]
[56, 13, 84]
[56, 84, 13]
[84, 13, 56]
[84, 56, 13]
[14, 51, 86]
[14, 86, 51]
[51, 14, 86]
[51, 86, 14]
[86, 14, 51]
[86, 51, 14]
[15, 51, 85]
[15, 85, 51]
[51, 15, 85]
[51, 85, 15]
[85, 15, 51]
[85, 51, 15]
[17, 52, 88]
[17, 88, 52]
[52, 17, 88]
[52, 88, 17]
[88, 17, 52]
[88, 52, 17]
[17, 55, 81]
[17, 81, 55]
[55, 17, 81]
[55, 81, 17]
[81, 17, 55]
[81, 55, 17]
[20, 50, 88]
[20, 88, 50]
[50, 20, 88]
[50, 88, 20]
[88, 20, 50]
[88, 50, 20]
[20, 56, 81]
[20, 81, 56]
[56, 20, 81]
[56, 81, 20]
[81, 20, 56]
[81, 56, 20]
[21, 54, 78]
[21, 78, 54]
[54, 21, 78]
[54, 78, 21]
[78, 21, 54]
[78, 54, 21]
[23, 53, 79]
[23, 79, 53]
[53, 23, 79]
[53, 79, 23]
[79, 23, 53]
[79, 53, 23]
[25, 57, 80]
[25, 80, 57]
[57, 25, 80]
[57, 80, 25]
[80, 25, 57]
[80, 57, 25]
[28, 57, 77]
[28, 77, 57]
[57, 28, 77]
[57, 77, 28]
[77, 28, 57]
[77, 57, 28]
[28, 59, 78]
[28, 78, 59]
[59, 28, 78]
[59, 78, 28]
[78, 28, 59]
[78, 59, 28]
[29, 59, 77]
[29, 77, 59]
[59, 29, 77]
[59, 77, 29]
[77, 29, 59]
[77, 59, 29]
[32, 58, 78]
[32, 78, 58]
[58, 32, 78]
[58, 78, 32]
[78, 32, 58]
[78, 58, 32]
[32, 70, 80]
[32, 80, 70]
[70, 32, 80]
[70, 80, 32]
[80, 32, 70]
[80, 70, 32]
[33, 78, 82]
[33, 82, 78]
[78, 33, 82]
[78, 82, 33]
[82, 33, 78]
[82, 78, 33]
[34, 64, 78]
[34, 78, 64]
[64, 34, 78]
[64, 78, 34]
[78, 34, 64]
[78, 64, 34]
[36, 64, 77]
[36, 77, 64]
[64, 36, 77]
[64, 77, 36]
[77, 36, 64]
[77, 64, 36]
[37, 73, 74]
[37, 74, 73]
[73, 37, 74]
[73, 74, 37]
[74, 37, 73]
[74, 73, 37]
[38, 49, 89]
[38, 89, 49]
[49, 38, 89]
[49, 89, 38]
[89, 38, 49]
[89, 49, 38]
[39, 48, 89]
[39, 89, 48]
[48, 39, 89]
[48, 89, 39]
[89, 39, 48]
[89, 48, 39]
[39, 54, 77]
[39, 77, 54]
[54, 39, 77]
[54, 77, 39]
[77, 39, 54]
[77, 54, 39]
[40, 60, 81]
[40, 81, 60]
[60, 40, 81]
[60, 81, 40]
[81, 40, 60]
[81, 60, 40]
[44, 48, 91]
[44, 91, 48]
[48, 44, 91]
[48, 91, 44]
[91, 44, 48]
[91, 48, 44]
[46, 47, 88]
[46, 88, 47]
[47, 46, 88]
[47, 88, 46]
[88, 46, 47]
[88, 47, 46]
[47, 66, 85]
[47, 85, 66]
[66, 47, 85]
[66, 85, 47]
[85, 47, 66]
[85, 66, 47]
[56, 62, 77]
[56, 77, 62]
[62, 56, 77]
[62, 77, 56]
[77, 56, 62]
[77, 62, 56]
[57, 68, 76]
[57, 76, 68]
[68, 57, 76]
[68, 76, 57]
[76, 57, 68]
[76, 68, 57]
[57, 72, 73]
[57, 73, 72]
[72, 57, 73]
[72, 73, 57]
[73, 57, 72]
[73, 72, 57]
[58, 67, 77]
[58, 77, 67]
[67, 58, 77]
[67, 77, 58]
[77, 58, 67]
[77, 67, 58]
[59, 67, 75]
[59, 75, 67]
[67, 59, 75]
[67, 75, 59]
[75, 59, 67]
[75, 67, 59]
[61, 63, 75]
[61, 75, 63]
[63, 61, 75]
[63, 75, 61]
[75, 61, 63]
[75, 63, 61]
[61, 65, 76]
[61, 76, 65]
[65, 61, 76]
[65, 76, 61]
[76, 61, 65]
[76, 65, 61]
[62, 70, 78]
[62, 78, 70]
[70, 62, 78]
[70, 78, 62]
[78, 62, 70]
[78, 70, 62]
[65, 69, 74]
[65, 74, 69]
[69, 65, 74]
[69, 74, 65]
[74, 65, 69]
[74, 69, 65]
[65, 70, 73]
[65, 73, 70]
[70, 65, 73]
[70, 73, 65]
[73, 65, 70]
[73, 70, 65]
[66, 68, 72]
[66, 72, 68]
[68, 66, 72]
[68, 72, 66]
[72, 66, 68]
[72, 68, 66]
[69, 69, 69]
[70, 70, 70]
[0, 59, 96]
[0, 96, 59]
[59, 0, 96]
[59, 96, 0]
[96, 0, 59]
[96, 59, 0]
[1, 58, 96]
[1, 96, 58]
[58, 1, 96]
[58, 96, 1]
[96, 1, 58]
[96, 58, 1]
[2, 57, 94]
[2, 94, 57]
[57, 2, 94]
[57, 94, 2]
[94, 2, 57]
[94, 57, 2]
[3, 56, 95]
[3, 95, 56]
[56, 3, 95]
[56, 95, 3]
[95, 3, 56]
[95, 56, 3]
[3, 57, 93]
[3, 93, 57]
[57, 3, 93]
[57, 93, 3]
[93, 3, 57]
[93, 57, 3]
[5, 60, 92]
[5, 92, 60]
[60, 5, 92]
[60, 92, 5]
[92, 5, 60]
[92, 60, 5]
[6, 56, 89]
[6, 89, 56]
[56, 6, 89]
[56, 89, 6]
[89, 6, 56]
[89, 56, 6]
[7, 54, 91]
[7, 91, 54]
[54, 7, 91]
[54, 91, 7]
[91, 7, 54]
[91, 54, 7]
[8, 54, 89]
[8, 89, 54]
[54, 8, 89]
[54, 89, 8]
[89, 8, 54]
[89, 54, 8]
[10, 58, 90]
[10, 90, 58]
[58, 10, 90]
[58, 90, 10]
[90, 10, 58]
[90, 58, 10]
[12, 55, 91]
[12, 91, 55]
[55, 12, 91]
[55, 91, 12]
[91, 12, 55]
[91, 55, 12]
[12, 56, 87]
[12, 87, 56]
[56, 12, 87]
[56, 87, 12]
[87, 12, 56]
[87, 56, 12]
[13, 53, 92]
[13, 92, 53]
[53, 13, 92]
[53, 92, 13]
[92, 13, 53]
[92, 53, 13]
[13, 57, 86]
[13, 86, 57]
[57, 13, 86]
[57, 86, 13]
[86, 13, 57]
[86, 57, 13]
[15, 53, 88]
[15, 88, 53]
[53, 15, 88]
[53, 88, 15]
[88, 15, 53]
[88, 53, 15]
[15, 54, 86]
[15, 86, 54]
[54, 15, 86]
[54, 86, 15]
[86, 15, 54]
[86, 54, 15]
[15, 58, 87]
[15, 87, 58]
[58, 15, 87]
[58, 87, 15]
[87, 15, 58]
[87, 58, 15]
[20, 52, 92]
[20, 92, 52]
[52, 20, 92]
[52, 92, 20]
[92, 20, 52]
[92, 52, 20]
[20, 57, 84]
[20, 84, 57]
[57, 20, 84]
[57, 84, 20]
[84, 20, 57]
[84, 57, 20]
[21, 51, 90]
[21, 90, 51]
[51, 21, 90]
[51, 90, 21]
[90, 21, 51]
[90, 51, 21]
[21, 55, 80]
[21, 80, 55]
[55, 21, 80]
[55, 80, 21]
[80, 21, 55]
[80, 55, 21]
[22, 57, 82]
[22, 82, 57]
[57, 22, 82]
[57, 82, 22]
[82, 22, 57]
[82, 57, 22]
[23, 57, 81]
[23, 81, 57]
[57, 23, 81]
[57, 81, 23]
[81, 23, 57]
[81, 57, 23]
[26, 53, 80]
[26, 80, 53]
[53, 26, 80]
[53, 80, 26]
[80, 26, 53]
[80, 53, 26]
[26, 57, 79]
[26, 79, 57]
[57, 26, 79]
[57, 79, 26]
[79, 26, 57]
[79, 57, 26]
[27, 58, 81]
[27, 81, 58]
[58, 27, 81]
[58, 81, 27]
[81, 27, 58]
[81, 58, 27]
[28, 67, 81]
[28, 81, 67]
[67, 28, 81]
[67, 81, 28]
[81, 28, 67]
[81, 67, 28]
[29, 56, 82]
[29, 82, 56]
[56, 29, 82]
[56, 82, 29]
[82, 29, 56]
[82, 56, 29]
[31, 59, 83]
[31, 83, 59]
[59, 31, 83]
[59, 83, 31]
[83, 31, 59]
[83, 59, 31]
[31, 60, 82]
[31, 82, 60]
[60, 31, 82]
[60, 82, 31]
[82, 31, 60]
[82, 60, 31]
[33, 71, 83]
[33, 83, 71]
[71, 33, 83]
[71, 83, 33]
[83, 33, 71]
[83, 71, 33]
[34, 61, 79]
[34, 79, 61]
[61, 34, 79]
[61, 79, 34]
[79, 34, 61]
[79, 61, 34]
[35, 70, 79]
[35, 79, 70]
[70, 35, 79]
[70, 79, 35]
[79, 35, 70]
[79, 70, 35]
[42, 54, 83]
[42, 83, 54]
[54, 42, 83]
[54, 83, 42]
[83, 42, 54]
[83, 54, 42]
[43, 55, 79]
[43, 79, 55]
[55, 43, 79]
[55, 79, 43]
[79, 43, 55]
[79, 55, 43]
[44, 66, 84]
[44, 84, 66]
[66, 44, 84]
[66, 84, 44]
[84, 44, 66]
[84, 66, 44]
[45, 69, 85]
[45, 85, 69]
[69, 45, 85]
[69, 85, 45]
[85, 45, 69]
[85, 69, 45]
[59, 76, 80]
[59, 80, 76]
[76, 59, 80]
[76, 80, 59]
[80, 59, 76]
[80, 76, 59]
[60, 61, 78]
[60, 78, 61]
[61, 60, 78]
[61, 78, 60]
[78, 60, 61]
[78, 61, 60]
[60, 64, 79]
[60, 79, 64]
[64, 60, 79]
[64, 79, 60]
[79, 60, 64]
[79, 64, 60]
[63, 76, 77]
[63, 77, 76]
[76, 63, 77]
[76, 77, 63]
[77, 63, 76]
[77, 76, 63]
[64, 67, 76]
[64, 76, 67]
[67, 64, 76]
[67, 76, 64]
[76, 64, 67]
[76, 67, 64]
[65, 75, 77]
[65, 77, 75]
[75, 65, 77]
[75, 77, 65]
[77, 65, 75]
[77, 75, 65]
[68, 71, 73]
[68, 73, 71]
[71, 68, 73]
[71, 73, 68]
[73, 68, 71]
[73, 71, 68]
[71, 71, 71]
[72, 72, 72]
[0, 61, 99]
[0, 99, 61]
[61, 0, 99]
[61, 99, 0]
[99, 0, 61]
[99, 61, 0]
[1, 60, 97]
[1, 97, 60]
[60, 1, 97]
[60, 97, 1]
[97, 1, 60]
[97, 60, 1]
[2, 60, 95]
[2, 95, 60]
[60, 2, 95]
[60, 95, 2]
[95, 2, 60]
[95, 60, 2]
[3, 59, 97]
[3, 97, 59]
[59, 3, 97]
[59, 97, 3]
[97, 3, 59]
[97, 59, 3]
[4, 58, 100]
[4, 100, 58]
[58, 4, 100]
[58, 100, 4]
[100, 4, 58]
[100, 58, 4]
[5, 57, 98]
[5, 98, 57]
[57, 5, 98]
[57, 98, 5]
[98, 5, 57]
[98, 57, 5]
[6, 58, 97]
[6, 97, 58]
[58, 6, 97]
[58, 97, 6]
[97, 6, 58]
[97, 58, 6]
[6, 61, 91]
[6, 91, 61]
[61, 6, 91]
[61, 91, 6]
[91, 6, 61]
[91, 61, 6]
[7, 57, 95]
[7, 95, 57]
[57, 7, 95]
[57, 95, 7]
[95, 7, 57]
[95, 57, 7]
[7, 58, 92]
[7, 92, 58]
[58, 7, 92]
[58, 92, 7]
[92, 7, 58]
[92, 58, 7]
[8, 56, 93]
[8, 93, 56]
[56, 8, 93]
[56, 93, 8]
[93, 8, 56]
[93, 56, 8]
[9, 55, 93]
[9, 93, 55]
[55, 9, 93]
[55, 93, 9]
[93, 9, 55]
[93, 55, 9]
[11, 54, 96]
[11, 96, 54]
[54, 11, 96]
[54, 96, 11]
[96, 11, 54]
[96, 54, 11]
[11, 55, 92]
[11, 92, 55]
[55, 11, 92]
[55, 92, 11]
[92, 11, 55]
[92, 55, 11]
[11, 59, 91]
[11, 91, 59]
[59, 11, 91]
[59, 91, 11]
[91, 11, 59]
[91, 59, 11]
[12, 57, 89]
[12, 89, 57]
[57, 12, 89]
[57, 89, 12]
[89, 12, 57]
[89, 57, 12]
[14, 59, 88]
[14, 88, 59]
[59, 14, 88]
[59, 88, 14]
[88, 14, 59]
[88, 59, 14]
[16, 53, 90]
[16, 90, 53]
[53, 16, 90]
[53, 90, 16]
[90, 16, 53]
[90, 53, 16]
[16, 54, 92]
[16, 92, 54]
[54, 16, 92]
[54, 92, 16]
[92, 16, 54]
[92, 54, 16]
[16, 56, 86]
[16, 86, 56]
[56, 16, 86]
[56, 86, 16]
[86, 16, 56]
[86, 56, 16]
[16, 58, 91]
[16, 91, 58]
[58, 16, 91]
[58, 91, 16]
[91, 16, 58]
[91, 58, 16]
[18, 58, 89]
[18, 89, 58]
[58, 18, 89]
[58, 89, 18]
[89, 18, 58]
[89, 58, 18]
[20, 54, 90]
[20, 90, 54]
[54, 20, 90]
[54, 90, 20]
[90, 20, 54]
[90, 54, 20]
[20, 59, 87]
[20, 87, 59]
[59, 20, 87]
[59, 87, 20]
[87, 20, 59]
[87, 59, 20]
[21, 58, 85]
[21, 85, 58]
[58, 21, 85]
[58, 85, 21]
[85, 21, 58]
[85, 58, 21]
[24, 58, 84]
[24, 84, 58]
[58, 24, 84]
[58, 84, 24]
[84, 24, 58]
[84, 58, 24]
[26, 58, 83]
[26, 83, 58]
[58, 26, 83]
[58, 83, 26]
[83, 26, 58]
[83, 58, 26]
[34, 62, 81]
[34, 81, 62]
[62, 34, 81]
[62, 81, 34]
[81, 34, 62]
[81, 62, 34]
[34, 68, 83]
[34, 83, 68]
[68, 34, 83]
[68, 83, 34]
[83, 34, 68]
[83, 68, 34]
[35, 64, 84]
[35, 84, 64]
[64, 35, 84]
[64, 84, 35]
[84, 35, 64]
[84, 64, 35]
[35, 65, 83]
[35, 83, 65]
[65, 35, 83]
[65, 83, 35]
[83, 35, 65]
[83, 65, 35]
[35, 72, 80]
[35, 80, 72]
[72, 35, 80]
[72, 80, 35]
[80, 35, 72]
[80, 72, 35]
[37, 84, 89]
[37, 89, 84]
[84, 37, 89]
[84, 89, 37]
[89, 37, 84]
[89, 84, 37]
[38, 54, 80]
[38, 80, 54]
[54, 38, 80]
[54, 80, 38]
[80, 38, 54]
[80, 54, 38]
[39, 61, 80]
[39, 80, 61]
[61, 39, 80]
[61, 80, 39]
[80, 39, 61]
[80, 61, 39]
[39, 73, 82]
[39, 82, 73]
[73, 39, 82]
[73, 82, 39]
[82, 39, 73]
[82, 73, 39]
[40, 57, 83]
[40, 83, 57]
[57, 40, 83]
[57, 83, 40]
[83, 40, 57]
[83, 57, 40]
[40, 67, 84]
[40, 84, 67]
[67, 40, 84]
[67, 84, 40]
[84, 40, 67]
[84, 67, 40]
[42, 51, 94]
[42, 94, 51]
[51, 42, 94]
[51, 94, 42]
[94, 42, 51]
[94, 51, 42]
[48, 51, 92]
[48, 92, 51]
[51, 48, 92]
[51, 92, 48]
[92, 48, 51]
[92, 51, 48]
[63, 64, 80]
[63, 80, 64]
[64, 63, 80]
[64, 80, 63]
[80, 63, 64]
[80, 64, 63]
[63, 66, 81]
[63, 81, 66]
[66, 63, 81]
[66, 81, 63]
[81, 63, 66]
[81, 66, 63]
[64, 73, 83]
[64, 83, 73]
[73, 64, 83]
[73, 83, 64]
[83, 64, 73]
[83, 73, 64]
[66, 69, 80]
[66, 80, 69]
[69, 66, 80]
[69, 80, 66]
[80, 66, 69]
[80, 69, 66]
[66, 76, 78]
[66, 78, 76]
[76, 66, 78]
[76, 78, 66]
[78, 66, 76]
[78, 76, 66]
[67, 69, 79]
[67, 79, 69]
[69, 67, 79]
[69, 79, 67]
[79, 67, 69]
[79, 69, 67]
[67, 71, 78]
[67, 78, 71]
[71, 67, 78]
[71, 78, 67]
[78, 67, 71]
[78, 71, 67]
[68, 70, 81]
[68, 81, 70]
[70, 68, 81]
[70, 81, 68]
[81, 68, 70]
[81, 70, 68]
[68, 74, 78]
[68, 78, 74]
[74, 68, 78]
[74, 78, 68]
[78, 68, 74]
[78, 74, 68]
[73, 73, 73]
[74, 74, 74]
[1, 64, 100]
[1, 100, 64]
[64, 1, 100]
[64, 100, 1]
[100, 1, 64]
[100, 64, 1]
[2, 62, 100]
[2, 100, 62]
[62, 2, 100]
[62, 100, 2]
[100, 2, 62]
[100, 62, 2]
[3, 61, 98]
[3, 98, 61]
[61, 3, 98]
[61, 98, 3]
[98, 3, 61]
[98, 61, 3]
[4, 60, 96]
[4, 96, 60]
[60, 4, 96]
[60, 96, 4]
[96, 4, 60]
[96, 60, 4]
[6, 59, 99]
[6, 99, 59]
[59, 6, 99]
[59, 99, 6]
[99, 6, 59]
[99, 59, 6]
[6, 62, 94]
[6, 94, 62]
[62, 6, 94]
[62, 94, 6]
[94, 6, 62]
[94, 62, 6]
[8, 60, 94]
[8, 94, 60]
[60, 8, 94]
[60, 94, 8]
[94, 8, 60]
[94, 60, 8]
[9, 56, 96]
[9, 96, 56]
[56, 9, 96]
[56, 96, 9]
[96, 9, 56]
[96, 56, 9]
[9, 58, 95]
[9, 95, 58]
[58, 9, 95]
[58, 95, 9]
[95, 9, 58]
[95, 58, 9]
[10, 59, 93]
[10, 93, 59]
[59, 10, 93]
[59, 93, 10]
[93, 10, 59]
[93, 59, 10]
[11, 57, 97]
[11, 97, 57]
[57, 11, 97]
[57, 97, 11]
[97, 11, 57]
[97, 57, 11]
[12, 59, 94]
[12, 94, 59]
[59, 12, 94]
[59, 94, 12]
[94, 12, 59]
[94, 59, 12]
[13, 54, 99]
[13, 99, 54]
[54, 13, 99]
[54, 99, 13]
[99, 13, 54]
[99, 54, 13]
[13, 60, 93]
[13, 93, 60]
[60, 13, 93]
[60, 93, 13]
[93, 13, 60]
[93, 60, 13]
[14, 55, 96]
[14, 96, 55]
[55, 14, 96]
[55, 96, 14]
[96, 14, 55]
[96, 55, 14]
[14, 56, 94]
[14, 94, 56]
[56, 14, 94]
[56, 94, 14]
[94, 14, 56]
[94, 56, 14]
[17, 57, 96]
[17, 96, 57]
[57, 17, 96]
[57, 96, 17]
[96, 17, 57]
[96, 57, 17]
[17, 58, 93]
[17, 93, 58]
[58, 17, 93]
[58, 93, 17]
[93, 17, 58]
[93, 58, 17]
[18, 54, 93]
[18, 93, 54]
[54, 18, 93]
[54, 93, 18]
[93, 18, 54]
[93, 54, 18]
[20, 53, 97]
[20, 97, 53]
[53, 20, 97]
[53, 97, 20]
[97, 20, 53]
[97, 53, 20]
[21, 57, 87]
[21, 87, 57]
[57, 21, 87]
[57, 87, 21]
[87, 21, 57]
[87, 57, 21]
[21, 62, 91]
[21, 91, 62]
[62, 21, 91]
[62, 91, 21]
[91, 21, 62]
[91, 62, 21]
[23, 59, 86]
[23, 86, 59]
[59, 23, 86]
[59, 86, 23]
[86, 23, 59]
[86, 59, 23]
[26, 61, 85]
[26, 85, 61]
[61, 26, 85]
[61, 85, 26]
[85, 26, 61]
[85, 61, 26]
[28, 62, 86]
[28, 86, 62]
[62, 28, 86]
[62, 86, 28]
[86, 28, 62]
[86, 62, 28]
[29, 63, 85]
[29, 85, 63]
[63, 29, 85]
[63, 85, 29]
[85, 29, 63]
[85, 63, 29]
[33, 72, 93]
[33, 93, 72]
[72, 33, 93]
[72, 93, 33]
[93, 33, 72]
[93, 72, 33]
[34, 72, 84]
[34, 84, 72]
[72, 34, 84]
[72, 84, 34]
[84, 34, 72]
[84, 72, 34]
[38, 53, 95]
[38, 95, 53]
[53, 38, 95]
[53, 95, 38]
[95, 38, 53]
[95, 53, 38]
[38, 56, 83]
[38, 83, 56]
[56, 38, 83]
[56, 83, 38]
[83, 38, 56]
[83, 56, 38]
[38, 69, 86]
[38, 86, 69]
[69, 38, 86]
[69, 86, 38]
[86, 38, 69]
[86, 69, 38]
[41, 56, 80]
[41, 80, 56]
[56, 41, 80]
[56, 80, 41]
[80, 41, 56]
[80, 56, 41]
[41, 58, 86]
[41, 86, 58]
[58, 41, 86]
[58, 86, 41]
[86, 41, 58]
[86, 58, 41]
[43, 59, 84]
[43, 84, 59]
[59, 43, 84]
[59, 84, 43]
[84, 43, 59]
[84, 59, 43]
[47, 72, 90]
[47, 90, 72]
[72, 47, 90]
[72, 90, 47]
[90, 47, 72]
[90, 72, 47]
[51, 71, 91]
[51, 91, 71]
[71, 51, 91]
[71, 91, 51]
[91, 51, 71]
[91, 71, 51]
[59, 81, 82]
[59, 82, 81]
[81, 59, 82]
[81, 82, 59]
[82, 59, 81]
[82, 81, 59]
[60, 80, 84]
[60, 84, 80]
[80, 60, 84]
[80, 84, 60]
[84, 60, 80]
[84, 80, 60]
[61, 72, 81]
[61, 81, 72]
[72, 61, 81]
[72, 81, 61]
[81, 61, 72]
[81, 72, 61]
[63, 79, 83]
[63, 83, 79]
[79, 63, 83]
[79, 83, 63]
[83, 63, 79]
[83, 79, 63]
[66, 77, 83]
[66, 83, 77]
[77, 66, 83]
[77, 83, 66]
[83, 66, 77]
[83, 77, 66]
[66, 79, 82]
[66, 82, 79]
[79, 66, 82]
[79, 82, 66]
[82, 66, 79]
[82, 79, 66]
[67, 72, 85]
[67, 85, 72]
[72, 67, 85]
[72, 85, 67]
[85, 67, 72]
[85, 72, 67]
[68, 77, 84]
[68, 84, 77]
[77, 68, 84]
[77, 84, 68]
[84, 68, 77]
[84, 77, 68]
[69, 72, 78]
[69, 78, 72]
[72, 69, 78]
[72, 78, 69]
[78, 69, 72]
[78, 72, 69]
[69, 77, 81]
[69, 81, 77]
[77, 69, 81]
[77, 81, 69]
[81, 69, 77]
[81, 77, 69]
[70, 71, 82]
[70, 82, 71]
[71, 70, 82]
[71, 82, 70]
[82, 70, 71]
[82, 71, 70]
[71, 79, 80]
[71, 80, 79]
[79, 71, 80]
[79, 80, 71]
[80, 71, 79]
[80, 79, 71]
[73, 79, 81]
[73, 81, 79]
[79, 73, 81]
[79, 81, 73]
[81, 73, 79]
[81, 79, 73]
[75, 75, 75]
[77, 77, 77]
[5, 62, 99]
[5, 99, 62]
[62, 5, 99]
[62, 99, 5]
[99, 5, 62]
[99, 62, 5]
[7, 61, 96]
[7, 96, 61]
[61, 7, 96]
[61, 96, 7]
[96, 7, 61]
[96, 61, 7]
[9, 60, 99]
[9, 99, 60]
[60, 9, 99]
[60, 99, 9]
[99, 9, 60]
[99, 60, 9]
[10, 63, 94]
[10, 94, 63]
[63, 10, 94]
[63, 94, 10]
[94, 10, 63]
[94, 63, 10]
[11, 58, 99]
[11, 99, 58]
[58, 11, 99]
[58, 99, 11]
[99, 11, 58]
[99, 58, 11]
[11, 64, 98]
[11, 98, 64]
[64, 11, 98]
[64, 98, 11]
[98, 11, 64]
[98, 64, 11]
[12, 60, 100]
[12, 100, 60]
[60, 12, 100]
[60, 100, 12]
[100, 12, 60]
[100, 60, 12]
[14, 64, 97]
[14, 97, 64]
[64, 14, 97]
[64, 97, 14]
[97, 14, 64]
[97, 64, 14]
[15, 56, 97]
[15, 97, 56]
[56, 15, 97]
[56, 97, 15]
[97, 15, 56]
[97, 56, 15]
[15, 60, 98]
[15, 98, 60]
[60, 15, 98]
[60, 98, 15]
[98, 15, 60]
[98, 60, 15]
[15, 61, 94]
[15, 94, 61]
[61, 15, 94]
[61, 94, 15]
[94, 15, 61]
[94, 61, 15]
[18, 59, 95]
[18, 95, 59]
[59, 18, 95]
[59, 95, 18]
[95, 18, 59]
[95, 59, 18]
[19, 54, 97]
[19, 97, 54]
[54, 19, 97]
[54, 97, 19]
[97, 19, 54]
[97, 54, 19]
[20, 65, 94]
[20, 94, 65]
[65, 20, 94]
[65, 94, 20]
[94, 20, 65]
[94, 65, 20]
[21, 61, 93]
[21, 93, 61]
[61, 21, 93]
[61, 93, 21]
[93, 21, 61]
[93, 61, 21]
[22, 60, 89]
[22, 89, 60]
[60, 22, 89]
[60, 89, 22]
[89, 22, 60]
[89, 60, 22]
[23, 60, 88]
[23, 88, 60]
[60, 23, 88]
[60, 88, 23]
[88, 23, 60]
[88, 60, 23]
[23, 62, 92]
[23, 92, 62]
[62, 23, 92]
[62, 92, 23]
[92, 23, 62]
[92, 62, 23]
[24, 59, 90]
[24, 90, 59]
[59, 24, 90]
[59, 90, 24]
[90, 24, 59]
[90, 59, 24]
[29, 64, 87]
[29, 87, 64]
[64, 29, 87]
[64, 87, 29]
[87, 29, 64]
[87, 64, 29]
[31, 61, 87]
[31, 87, 61]
[61, 31, 87]
[61, 87, 31]
[87, 31, 61]
[87, 61, 31]
[32, 61, 86]
[32, 86, 61]
[61, 32, 86]
[61, 86, 32]
[86, 32, 61]
[86, 61, 32]
[32, 64, 88]
[32, 88, 64]
[64, 32, 88]
[64, 88, 32]
[88, 32, 64]
[88, 64, 32]
[36, 70, 89]
[36, 89, 70]
[70, 36, 89]
[70, 89, 36]
[89, 36, 70]
[89, 70, 36]
[38, 77, 85]
[38, 85, 77]
[77, 38, 85]
[77, 85, 38]
[85, 38, 77]
[85, 77, 38]
[39, 71, 86]
[39, 86, 71]
[71, 39, 86]
[71, 86, 39]
[86, 39, 71]
[86, 71, 39]
[40, 78, 86]
[40, 86, 78]
[78, 40, 86]
[78, 86, 40]
[86, 40, 78]
[86, 78, 40]
[41, 60, 87]
[41, 87, 60]
[60, 41, 87]
[60, 87, 41]
[87, 41, 60]
[87, 60, 41]
[42, 53, 100]
[42, 100, 53]
[53, 42, 100]
[53, 100, 42]
[100, 42, 53]
[100, 53, 42]
[42, 78, 89]
[42, 89, 78]
[78, 42, 89]
[78, 89, 42]
[89, 42, 78]
[89, 78, 42]
[44, 54, 94]
[44, 94, 54]
[54, 44, 94]
[54, 94, 44]
[94, 44, 54]
[94, 54, 44]
[47, 73, 94]
[47, 94, 73]
[73, 47, 94]
[73, 94, 47]
[94, 47, 73]
[94, 73, 47]
[48, 65, 87]
[48, 87, 65]
[65, 48, 87]
[65, 87, 48]
[87, 48, 65]
[87, 65, 48]
[51, 55, 97]
[51, 97, 55]
[55, 51, 97]
[55, 97, 51]
[97, 51, 55]
[97, 55, 51]
[51, 67, 93]
[51, 93, 67]
[67, 51, 93]
[67, 93, 51]
[93, 51, 67]
[93, 67, 51]
[59, 69, 89]
[59, 89, 69]
[69, 59, 89]
[69, 89, 59]
[89, 59, 69]
[89, 69, 59]
[60, 75, 83]
[60, 83, 75]
[75, 60, 83]
[75, 83, 60]
[83, 60, 75]
[83, 75, 60]
[61, 74, 84]
[61, 84, 74]
[74, 61, 84]
[74, 84, 61]
[84, 61, 74]
[84, 74, 61]
[62, 67, 83]
[62, 83, 67]
[67, 62, 83]
[67, 83, 62]
[83, 62, 67]
[83, 67, 62]
[62, 79, 84]
[62, 84, 79]
[79, 62, 84]
[79, 84, 62]
[84, 62, 79]
[84, 79, 62]
[64, 70, 86]
[64, 86, 70]
[70, 64, 86]
[70, 86, 64]
[86, 64, 70]
[86, 70, 64]
[66, 67, 86]
[66, 86, 67]
[67, 66, 86]
[67, 86, 66]
[86, 66, 67]
[86, 67, 66]
[70, 76, 83]
[70, 83, 76]
[76, 70, 83]
[76, 83, 70]
[83, 70, 76]
[83, 76, 70]
[71, 75, 84]
[71, 84, 75]
[75, 71, 84]
[75, 84, 71]
[84, 71, 75]
[84, 75, 71]
[74, 76, 82]
[74, 82, 76]
[76, 74, 82]
[76, 82, 74]
[82, 74, 76]
[82, 76, 74]
[75, 80, 81]
[75, 81, 80]
[80, 75, 81]
[80, 81, 75]
[81, 75, 80]
[81, 80, 75]
[76, 76, 76]
[77, 78, 79]
[77, 79, 78]
[78, 77, 79]
[78, 79, 77]
[79, 77, 78]
[79, 78, 77]
[78, 78, 78]
[8, 61, 100]
[8, 100, 61]
[61, 8, 100]
[61, 100, 8]
[100, 8, 61]
[100, 61, 8]
[8, 62, 98]
[8, 98, 62]
[62, 8, 98]
[62, 98, 8]
[98, 8, 62]
[98, 62, 8]
[9, 63, 97]
[9, 97, 63]
[63, 9, 97]
[63, 97, 9]
[97, 9, 63]
[97, 63, 9]
[13, 63, 100]
[13, 100, 63]
[63, 13, 100]
[63, 100, 13]
[100, 13, 63]
[100, 63, 13]
[16, 59, 100]
[16, 100, 59]
[59, 16, 100]
[59, 100, 16]
[100, 16, 59]
[100, 59, 16]
[16, 62, 96]
[16, 96, 62]
[62, 16, 96]
[62, 96, 16]
[96, 16, 62]
[96, 62, 16]
[16, 63, 95]
[16, 95, 63]
[63, 16, 95]
[63, 95, 16]
[95, 16, 63]
[95, 63, 16]
[17, 62, 95]
[17, 95, 62]
[62, 17, 95]
[62, 95, 17]
[95, 17, 62]
[95, 62, 17]
[18, 56, 99]
[18, 99, 56]
[56, 18, 99]
[56, 99, 18]
[99, 18, 56]
[99, 56, 18]
[19, 59, 98]
[19, 98, 59]
[59, 19, 98]
[59, 98, 19]
[98, 19, 59]
[98, 59, 19]
[19, 61, 95]
[19, 95, 61]
[61, 19, 95]
[61, 95, 19]
[95, 19, 61]
[95, 61, 19]
[21, 56, 98]
[21, 98, 56]
[56, 21, 98]
[56, 98, 21]
[98, 21, 56]
[98, 56, 21]
[22, 62, 90]
[22, 90, 62]
[62, 22, 90]
[62, 90, 22]
[90, 22, 62]
[90, 62, 22]
[23, 61, 90]
[23, 90, 61]
[61, 23, 90]
[61, 90, 23]
[90, 23, 61]
[90, 61, 23]
[24, 63, 91]
[24, 91, 63]
[63, 24, 91]
[63, 91, 24]
[91, 24, 63]
[91, 63, 24]
[25, 64, 94]
[25, 94, 64]
[64, 25, 94]
[64, 94, 25]
[94, 25, 64]
[94, 64, 25]
[30, 63, 88]
[30, 88, 63]
[63, 30, 88]
[63, 88, 30]
[88, 30, 63]
[88, 63, 30]
[30, 68, 91]
[30, 91, 68]
[68, 30, 91]
[68, 91, 30]
[91, 30, 68]
[91, 68, 30]
[32, 66, 92]
[32, 92, 66]
[66, 32, 92]
[66, 92, 32]
[92, 32, 66]
[92, 66, 32]
[33, 73, 88]
[33, 88, 73]
[73, 33, 88]
[73, 88, 33]
[88, 33, 73]
[88, 73, 33]
[35, 66, 89]
[35, 89, 66]
[66, 35, 89]
[66, 89, 35]
[89, 35, 66]
[89, 66, 35]
[36, 72, 88]
[36, 88, 72]
[72, 36, 88]
[72, 88, 36]
[88, 36, 72]
[88, 72, 36]
[39, 74, 92]
[39, 92, 74]
[74, 39, 92]
[74, 92, 39]
[92, 39, 74]
[92, 74, 39]
[41, 76, 89]
[41, 89, 76]
[76, 41, 89]
[76, 89, 41]
[89, 41, 76]
[89, 76, 41]
[43, 62, 89]
[43, 89, 62]
[62, 43, 89]
[62, 89, 43]
[89, 43, 62]
[89, 62, 43]
[44, 62, 88]
[44, 88, 62]
[62, 44, 88]
[62, 88, 44]
[88, 44, 62]
[88, 62, 44]
[46, 62, 87]
[46, 87, 62]
[62, 46, 87]
[62, 87, 46]
[87, 46, 62]
[87, 62, 46]
[46, 79, 86]
[46, 86, 79]
[79, 46, 86]
[79, 86, 46]
[86, 46, 79]
[86, 79, 46]
[52, 55, 99]
[52, 99, 55]
[55, 52, 99]
[55, 99, 52]
[99, 52, 55]
[99, 55, 52]
[53, 55, 98]
[53, 98, 55]
[55, 53, 98]
[55, 98, 53]
[98, 53, 55]
[98, 55, 53]
[53, 60, 91]
[53, 91, 60]
[60, 53, 91]
[60, 91, 53]
[91, 53, 60]
[91, 60, 53]
[57, 74, 90]
[57, 90, 74]
[74, 57, 90]
[74, 90, 57]
[90, 57, 74]
[90, 74, 57]
[61, 73, 89]
[61, 89, 73]
[73, 61, 89]
[73, 89, 61]
[89, 61, 73]
[89, 73, 61]
[64, 81, 89]
[64, 89, 81]
[81, 64, 89]
[81, 89, 64]
[89, 64, 81]
[89, 81, 64]
[64, 82, 85]
[64, 85, 82]
[82, 64, 85]
[82, 85, 64]
[85, 64, 82]
[85, 82, 64]
[68, 75, 85]
[68, 85, 75]
[75, 68, 85]
[75, 85, 68]
[85, 68, 75]
[85, 75, 68]
[69, 71, 87]
[69, 87, 71]
[71, 69, 87]
[71, 87, 69]
[87, 69, 71]
[87, 71, 69]
[70, 84, 85]
[70, 85, 84]
[84, 70, 85]
[84, 85, 70]
[85, 70, 84]
[85, 84, 70]
[72, 74, 86]
[72, 86, 74]
[74, 72, 86]
[74, 86, 72]
[86, 72, 74]
[86, 74, 72]
[76, 84, 86]
[76, 86, 84]
[84, 76, 86]
[84, 86, 76]
[86, 76, 84]
[86, 84, 76]
[77, 80, 82]
[77, 82, 80]
[80, 77, 82]
[80, 82, 77]
[82, 77, 80]
[82, 80, 77]
[78, 80, 85]
[78, 85, 80]
[80, 78, 85]
[80, 85, 78]
[85, 78, 80]
[85, 80, 78]
[79, 79, 79]
[80, 80, 80]
[81, 81, 81]
[17, 65, 99]
[17, 99, 65]
[65, 17, 99]
[65, 99, 17]
[99, 17, 65]
[99, 65, 17]
[17, 66, 97]
[17, 97, 66]
[66, 17, 97]
[66, 97, 17]
[97, 17, 66]
[97, 66, 17]
[18, 65, 97]
[18, 97, 65]
[65, 18, 97]
[65, 97, 18]
[97, 18, 65]
[97, 65, 18]
[19, 63, 96]
[19, 96, 63]
[63, 19, 96]
[63, 96, 19]
[96, 19, 63]
[96, 63, 19]
[19, 65, 100]
[19, 100, 65]
[65, 19, 100]
[65, 100, 19]
[100, 19, 65]
[100, 65, 19]
[20, 63, 98]
[20, 98, 63]
[63, 20, 98]
[63, 98, 20]
[98, 20, 63]
[98, 63, 20]
[22, 65, 92]
[22, 92, 65]
[65, 22, 92]
[65, 92, 22]
[92, 22, 65]
[92, 65, 22]
[23, 68, 93]
[23, 93, 68]
[68, 23, 93]
[68, 93, 23]
[93, 23, 68]
[93, 68, 23]
[24, 66, 93]
[24, 93, 66]
[66, 24, 93]
[66, 93, 24]
[93, 24, 66]
[93, 66, 24]
[25, 62, 97]
[25, 97, 62]
[62, 25, 97]
[62, 97, 25]
[97, 25, 62]
[97, 62, 25]
[25, 65, 91]
[25, 91, 65]
[65, 25, 91]
[65, 91, 25]
[91, 25, 65]
[91, 65, 25]
[26, 64, 96]
[26, 96, 64]
[64, 26, 96]
[64, 96, 26]
[96, 26, 64]
[96, 64, 26]
[28, 70, 92]
[28, 92, 70]
[70, 28, 92]
[70, 92, 28]
[92, 28, 70]
[92, 70, 28]
[29, 65, 90]
[29, 90, 65]
[65, 29, 90]
[65, 90, 29]
[90, 29, 65]
[90, 65, 29]
[31, 64, 91]
[31, 91, 64]
[64, 31, 91]
[64, 91, 31]
[91, 31, 64]
[91, 64, 31]
[35, 68, 92]
[35, 92, 68]
[68, 35, 92]
[68, 92, 35]
[92, 35, 68]
[92, 68, 35]
[36, 82, 90]
[36, 90, 82]
[82, 36, 90]
[82, 90, 36]
[90, 36, 82]
[90, 82, 36]
[37, 76, 95]
[37, 95, 76]
[76, 37, 95]
[76, 95, 37]
[95, 37, 76]
[95, 76, 37]
[37, 79, 90]
[37, 90, 79]
[79, 37, 90]
[79, 90, 37]
[90, 37, 79]
[90, 79, 37]
[38, 79, 88]
[38, 88, 79]
[79, 38, 88]
[79, 88, 38]
[88, 38, 79]
[88, 79, 38]
[40, 68, 90]
[40, 90, 68]
[68, 40, 90]
[68, 90, 40]
[90, 40, 68]
[90, 68, 40]
[43, 63, 92]
[43, 92, 63]
[63, 43, 92]
[63, 92, 43]
[92, 43, 63]
[92, 63, 43]
[44, 74, 93]
[44, 93, 74]
[74, 44, 93]
[74, 93, 44]
[93, 44, 74]
[93, 74, 44]
[44, 77, 89]
[44, 89, 77]
[77, 44, 89]
[77, 89, 44]
[89, 44, 77]
[89, 77, 44]
[46, 56, 100]
[46, 100, 56]
[56, 46, 100]
[56, 100, 46]
[100, 46, 56]
[100, 56, 46]
[46, 61, 92]
[46, 92, 61]
[61, 46, 92]
[61, 92, 46]
[92, 46, 61]
[92, 61, 46]
[48, 64, 95]
[48, 95, 64]
[64, 48, 95]
[64, 95, 48]
[95, 48, 64]
[95, 64, 48]
[49, 69, 90]
[49, 90, 69]
[69, 49, 90]
[69, 90, 49]
[90, 49, 69]
[90, 69, 49]
[55, 75, 95]
[55, 95, 75]
[75, 55, 95]
[75, 95, 55]
[95, 55, 75]
[95, 75, 55]
[63, 70, 90]
[63, 90, 70]
[70, 63, 90]
[70, 90, 63]
[90, 63, 70]
[90, 70, 63]
[66, 87, 94]
[66, 94, 87]
[87, 66, 94]
[87, 94, 66]
[94, 66, 87]
[94, 87, 66]
[67, 87, 89]
[67, 89, 87]
[87, 67, 89]
[87, 89, 67]
[89, 67, 87]
[89, 87, 67]
[70, 72, 91]
[70, 91, 72]
[72, 70, 91]
[72, 91, 70]
[91, 70, 72]
[91, 72, 70]
[71, 81, 88]
[71, 88, 81]
[81, 71, 88]
[81, 88, 71]
[88, 71, 81]
[88, 81, 71]
[72, 76, 87]
[72, 87, 76]
[76, 72, 87]
[76, 87, 72]
[87, 72, 76]
[87, 76, 72]
[73, 76, 90]
[73, 90, 76]
[76, 73, 90]
[76, 90, 73]
[90, 73, 76]
[90, 76, 73]
[73, 80, 86]
[73, 86, 80]
[80, 73, 86]
[80, 86, 73]
[86, 73, 80]
[86, 80, 73]
[81, 83, 84]
[81, 84, 83]
[83, 81, 84]
[83, 84, 81]
[84, 81, 83]
[84, 83, 81]
[82, 82, 82]
[18, 67, 100]
[18, 100, 67]
[67, 18, 100]
[67, 100, 18]
[100, 18, 67]
[100, 67, 18]
[20, 66, 99]
[20, 99, 66]
[66, 20, 99]
[66, 99, 20]
[99, 20, 66]
[99, 66, 20]
[22, 67, 97]
[22, 97, 67]
[67, 22, 97]
[67, 97, 22]
[97, 22, 67]
[97, 67, 22]
[24, 68, 97]
[24, 97, 68]
[68, 24, 97]
[68, 97, 24]
[97, 24, 68]
[97, 68, 24]
[26, 65, 98]
[26, 98, 65]
[65, 26, 98]
[65, 98, 26]
[98, 26, 65]
[98, 65, 26]
[27, 67, 95]
[27, 95, 67]
[67, 27, 95]
[67, 95, 27]
[95, 27, 67]
[95, 67, 27]
[27, 72, 96]
[27, 96, 72]
[72, 27, 96]
[72, 96, 27]
[96, 27, 72]
[96, 72, 27]
[29, 67, 94]
[29, 94, 67]
[67, 29, 94]
[67, 94, 29]
[94, 29, 67]
[94, 67, 29]
[31, 66, 95]
[31, 95, 66]
[66, 31, 95]
[66, 95, 31]
[95, 31, 66]
[95, 66, 31]
[32, 69, 96]
[32, 96, 69]
[69, 32, 96]
[69, 96, 32]
[96, 32, 69]
[96, 69, 32]
[33, 77, 99]
[33, 99, 77]
[77, 33, 99]
[77, 99, 33]
[99, 33, 77]
[99, 77, 33]
[34, 69, 93]
[34, 93, 69]
[69, 34, 93]
[69, 93, 34]
[93, 34, 69]
[93, 69, 34]
[35, 78, 93]
[35, 93, 78]
[78, 35, 93]
[78, 93, 35]
[93, 35, 78]
[93, 78, 35]
[38, 71, 96]
[38, 96, 71]
[71, 38, 96]
[71, 96, 38]
[96, 38, 71]
[96, 71, 38]
[39, 83, 91]
[39, 91, 83]
[83, 39, 91]
[83, 91, 39]
[91, 39, 83]
[91, 83, 39]
[39, 93, 94]
[39, 94, 93]
[93, 39, 94]
[93, 94, 39]
[94, 39, 93]
[94, 93, 39]
[41, 79, 95]
[41, 95, 79]
[79, 41, 95]
[79, 95, 41]
[95, 41, 79]
[95, 79, 41]
[44, 78, 98]
[44, 98, 78]
[78, 44, 98]
[78, 98, 44]
[98, 44, 78]
[98, 78, 44]
[44, 87, 90]
[44, 90, 87]
[87, 44, 90]
[87, 90, 44]
[90, 44, 87]
[90, 87, 44]
[45, 86, 92]
[45, 92, 86]
[86, 45, 92]
[86, 92, 45]
[92, 45, 86]
[92, 86, 45]
[48, 72, 97]
[48, 97, 72]
[72, 48, 97]
[72, 97, 48]
[97, 48, 72]
[97, 72, 48]
[49, 66, 91]
[49, 91, 66]
[66, 49, 91]
[66, 91, 49]
[91, 49, 66]
[91, 66, 49]
[50, 64, 93]
[50, 93, 64]
[64, 50, 93]
[64, 93, 50]
[93, 50, 64]
[93, 64, 50]
[53, 72, 94]
[53, 94, 72]
[72, 53, 94]
[72, 94, 53]
[94, 53, 72]
[94, 72, 53]
[57, 85, 100]
[57, 100, 85]
[85, 57, 100]
[85, 100, 57]
[100, 57, 85]
[100, 85, 57]
[63, 86, 93]
[63, 93, 86]
[86, 63, 93]
[86, 93, 63]
[93, 63, 86]
[93, 86, 63]
[65, 84, 88]
[65, 88, 84]
[84, 65, 88]
[84, 88, 65]
[88, 65, 84]
[88, 84, 65]
[67, 88, 91]
[67, 91, 88]
[88, 67, 91]
[88, 91, 67]
[91, 67, 88]
[91, 88, 67]
[68, 79, 96]
[68, 96, 79]
[79, 68, 96]
[79, 96, 68]
[96, 68, 79]
[96, 79, 68]
[69, 83, 88]
[69, 88, 83]
[83, 69, 88]
[83, 88, 69]
[88, 69, 83]
[88, 83, 69]
[70, 87, 93]
[70, 93, 87]
[87, 70, 93]
[87, 93, 70]
[93, 70, 87]
[93, 87, 70]
[71, 77, 92]
[71, 92, 77]
[77, 71, 92]
[77, 92, 71]
[92, 71, 77]
[92, 77, 71]
[72, 79, 89]
[72, 89, 79]
[79, 72, 89]
[79, 89, 72]
[89, 72, 79]
[89, 79, 72]
[73, 75, 93]
[73, 93, 75]
[75, 73, 93]
[75, 93, 73]
[93, 73, 75]
[93, 75, 73]
[73, 78, 87]
[73, 87, 78]
[78, 73, 87]
[78, 87, 73]
[87, 73, 78]
[87, 78, 73]
[75, 76, 91]
[75, 91, 76]
[76, 75, 91]
[76, 91, 75]
[91, 75, 76]
[91, 76, 75]
[75, 86, 90]
[75, 90, 86]
[86, 75, 90]
[86, 90, 75]
[90, 75, 86]
[90, 86, 75]
[83, 83, 83]
[84, 84, 84]
[22, 69, 100]
[22, 100, 69]
[69, 22, 100]
[69, 100, 22]
[100, 22, 69]
[100, 69, 22]
[29, 66, 100]
[29, 100, 66]
[66, 29, 100]
[66, 100, 29]
[100, 29, 66]
[100, 66, 29]
[34, 70, 95]
[34, 95, 70]
[70, 34, 95]
[70, 95, 34]
[95, 34, 70]
[95, 70, 34]
[35, 69, 95]
[35, 95, 69]
[69, 35, 95]
[69, 95, 35]
[95, 35, 69]
[95, 69, 35]
[37, 69, 94]
[37, 94, 69]
[69, 37, 94]
[69, 94, 37]
[94, 37, 69]
[94, 69, 37]
[40, 87, 98]
[40, 98, 87]
[87, 40, 98]
[87, 98, 40]
[98, 40, 87]
[98, 87, 40]
[42, 80, 93]
[42, 93, 80]
[80, 42, 93]
[80, 93, 42]
[93, 42, 80]
[93, 80, 42]
[42, 81, 96]
[42, 96, 81]
[81, 42, 96]
[81, 96, 42]
[96, 42, 81]
[96, 81, 42]
[45, 93, 96]
[45, 96, 93]
[93, 45, 96]
[93, 96, 45]
[96, 45, 93]
[96, 93, 45]
[46, 89, 95]
[46, 95, 89]
[89, 46, 95]
[89, 95, 46]
[95, 46, 89]
[95, 89, 46]
[48, 88, 94]
[48, 94, 88]
[88, 48, 94]
[88, 94, 48]
[94, 48, 88]
[94, 88, 48]
[48, 90, 98]
[48, 98, 90]
[90, 48, 98]
[90, 98, 48]
[98, 48, 90]
[98, 90, 48]
[49, 70, 99]
[49, 99, 70]
[70, 49, 99]
[70, 99, 49]
[99, 49, 70]
[99, 70, 49]
[50, 65, 96]
[50, 96, 65]
[65, 50, 96]
[65, 96, 50]
[96, 50, 65]
[96, 65, 50]
[53, 69, 99]
[53, 99, 69]
[69, 53, 99]
[69, 99, 53]
[99, 53, 69]
[99, 69, 53]
[54, 73, 98]
[54, 98, 73]
[73, 54, 98]
[73, 98, 54]
[98, 54, 73]
[98, 73, 54]
[67, 82, 99]
[67, 99, 82]
[82, 67, 99]
[82, 99, 67]
[99, 67, 82]
[99, 82, 67]
[67, 90, 96]
[67, 96, 90]
[90, 67, 96]
[90, 96, 67]
[96, 67, 90]
[96, 90, 67]
[71, 90, 93]
[71, 93, 90]
[90, 71, 93]
[90, 93, 71]
[93, 71, 90]
[93, 90, 71]
[72, 75, 98]
[72, 98, 75]
[75, 72, 98]
[75, 98, 72]
[98, 72, 75]
[98, 75, 72]
[73, 85, 95]
[73, 95, 85]
[85, 73, 95]
[85, 95, 73]
[95, 73, 85]
[95, 85, 73]
[74, 75, 96]
[74, 96, 75]
[75, 74, 96]
[75, 96, 74]
[96, 74, 75]
[96, 75, 74]
[76, 88, 93]
[76, 93, 88]
[88, 76, 93]
[88, 93, 76]
[93, 76, 88]
[93, 88, 76]
[77, 86, 91]
[77, 91, 86]
[86, 77, 91]
[86, 91, 77]
[91, 77, 86]
[91, 86, 77]
[77, 87, 95]
[77, 95, 87]
[87, 77, 95]
[87, 95, 77]
[95, 77, 87]
[95, 87, 77]
[78, 83, 92]
[78, 92, 83]
[83, 78, 92]
[83, 92, 78]
[92, 78, 83]
[92, 83, 78]
[79, 85, 91]
[79, 91, 85]
[85, 79, 91]
[85, 91, 79]
[91, 79, 85]
[91, 85, 79]
[79, 87, 92]
[79, 92, 87]
[87, 79, 92]
[87, 92, 79]
[92, 79, 87]
[92, 87, 79]
[80, 83, 87]
[80, 87, 83]
[83, 80, 87]
[83, 87, 80]
[87, 80, 83]
[87, 83, 80]
[85, 85, 85]
[86, 86, 86]
[30, 74, 100]
[30, 100, 74]
[74, 30, 100]
[74, 100, 30]
[100, 30, 74]
[100, 74, 30]
[35, 71, 98]
[35, 98, 71]
[71, 35, 98]
[71, 98, 35]
[98, 35, 71]
[98, 71, 35]
[38, 70, 98]
[38, 98, 70]
[70, 38, 98]
[70, 98, 38]
[98, 38, 70]
[98, 70, 38]
[38, 82, 94]
[38, 94, 82]
[82, 38, 94]
[82, 94, 38]
[94, 38, 82]
[94, 82, 38]
[41, 84, 94]
[41, 94, 84]
[84, 41, 94]
[84, 94, 41]
[94, 41, 84]
[94, 84, 41]
[43, 75, 97]
[43, 97, 75]
[75, 43, 97]
[75, 97, 43]
[97, 43, 75]
[97, 75, 43]
[50, 69, 97]
[50, 97, 69]
[69, 50, 97]
[69, 97, 50]
[97, 50, 69]
[97, 69, 50]
[68, 80, 94]
[68, 94, 80]
[80, 68, 94]
[80, 94, 68]
[94, 68, 80]
[94, 80, 68]
[70, 74, 94]
[70, 94, 74]
[74, 70, 94]
[74, 94, 70]
[94, 70, 74]
[94, 74, 70]
[72, 92, 99]
[72, 99, 92]
[92, 72, 99]
[92, 99, 72]
[99, 72, 92]
[99, 92, 72]
[73, 84, 97]
[73, 97, 84]
[84, 73, 97]
[84, 97, 73]
[97, 73, 84]
[97, 84, 73]
[76, 92, 98]
[76, 98, 92]
[92, 76, 98]
[92, 98, 76]
[98, 76, 92]
[98, 92, 76]
[78, 84, 96]
[78, 96, 84]
[84, 78, 96]
[84, 96, 78]
[96, 78, 84]
[96, 84, 78]
[80, 90, 92]
[80, 92, 90]
[90, 80, 92]
[90, 92, 80]
[92, 80, 90]
[92, 90, 80]
[82, 87, 91]
[82, 91, 87]
[87, 82, 91]
[87, 91, 82]
[91, 82, 87]
[91, 87, 82]
[84, 91, 92]
[84, 92, 91]
[91, 84, 92]
[91, 92, 84]
[92, 84, 91]
[92, 91, 84]
[85, 86, 89]
[85, 89, 86]
[86, 85, 89]
[86, 89, 85]
[89, 85, 86]
[89, 86, 85]
[87, 87, 87]
[36, 75, 99]
[36, 99, 75]
[75, 36, 99]
[75, 99, 36]
[99, 36, 75]
[99, 75, 36]
[40, 73, 100]
[40, 100, 73]
[73, 40, 100]
[73, 100, 40]
[100, 40, 73]
[100, 73, 40]
[40, 76, 99]
[40, 99, 76]
[76, 40, 99]
[76, 99, 40]
[99, 40, 76]
[99, 76, 40]
[43, 93, 99]
[43, 99, 93]
[93, 43, 99]
[93, 99, 43]
[99, 43, 93]
[99, 93, 43]
[46, 81, 99]
[46, 99, 81]
[81, 46, 99]
[81, 99, 46]
[99, 46, 81]
[99, 81, 46]
[47, 87, 99]
[47, 99, 87]
[87, 47, 99]
[87, 99, 47]
[99, 47, 87]
[99, 87, 47]
[68, 82, 98]
[68, 98, 82]
[82, 68, 98]
[82, 98, 68]
[98, 68, 82]
[98, 82, 68]
[70, 96, 100]
[70, 100, 96]
[96, 70, 100]
[96, 100, 70]
[100, 70, 96]
[100, 96, 70]
[71, 74, 97]
[71, 97, 74]
[74, 71, 97]
[74, 97, 71]
[97, 71, 74]
[97, 74, 71]
[74, 79, 98]
[74, 98, 79]
[79, 74, 98]
[79, 98, 74]
[98, 74, 79]
[98, 79, 74]
[74, 80, 95]
[74, 95, 80]
[80, 74, 95]
[80, 95, 74]
[95, 74, 80]
[95, 80, 74]
[75, 82, 100]
[75, 100, 82]
[82, 75, 100]
[82, 100, 75]
[100, 75, 82]
[100, 82, 75]
[78, 81, 94]
[78, 94, 81]
[81, 78, 94]
[81, 94, 78]
[94, 78, 81]
[94, 81, 78]
[80, 88, 100]
[80, 100, 88]
[88, 80, 100]
[88, 100, 80]
[100, 80, 88]
[100, 88, 80]
[85, 87, 96]
[85, 96, 87]
[87, 85, 96]
[87, 96, 85]
[96, 85, 87]
[96, 87, 85]
[85, 90, 94]
[85, 94, 90]
[90, 85, 94]
[90, 94, 85]
[94, 85, 90]
[94, 90, 85]
[88, 88, 88]
[89, 89, 89]
[38, 76, 100]
[38, 100, 76]
[76, 38, 100]
[76, 100, 38]
[100, 38, 76]
[100, 76, 38]
[68, 87, 100]
[68, 100, 87]
[87, 68, 100]
[87, 100, 68]
[100, 68, 87]
[100, 87, 68]
[71, 89, 99]
[71, 99, 89]
[89, 71, 99]
[89, 99, 71]
[99, 71, 89]
[99, 89, 71]
[74, 83, 99]
[74, 99, 83]
[83, 74, 99]
[83, 99, 74]
[99, 74, 83]
[99, 83, 74]
[76, 96, 97]
[76, 97, 96]
[96, 76, 97]
[96, 97, 76]
[97, 76, 96]
[97, 96, 76]
[79, 93, 100]
[79, 100, 93]
[93, 79, 100]
[93, 100, 79]
[100, 79, 93]
[100, 93, 79]
[79, 94, 97]
[79, 97, 94]
[94, 79, 97]
[94, 97, 79]
[97, 79, 94]
[97, 94, 79]
[80, 89, 98]
[80, 98, 89]
[89, 80, 98]
[89, 98, 80]
[98, 80, 89]
[98, 89, 80]
[81, 85, 98]
[81, 98, 85]
[85, 81, 98]
[85, 98, 81]
[98, 81, 85]
[98, 85, 81]
[81, 86, 100]
[81, 100, 86]
[86, 81, 100]
[86, 100, 81]
[100, 81, 86]
[100, 86, 81]
[82, 83, 95]
[82, 95, 83]
[83, 82, 95]
[83, 95, 82]
[95, 82, 83]
[95, 83, 82]
[82, 89, 96]
[82, 96, 89]
[89, 82, 96]
[89, 96, 82]
[96, 82, 89]
[96, 89, 82]
[83, 94, 98]
[83, 98, 94]
[94, 83, 98]
[94, 98, 83]
[98, 83, 94]
[98, 94, 83]
[88, 89, 92]
[88, 92, 89]
[89, 88, 92]
[89, 92, 88]
[92, 88, 89]
[92, 89, 88]
[90, 90, 90]
[92, 92, 92]
[43, 95, 100]
[43, 100, 95]
[95, 43, 100]
[95, 100, 43]
[100, 43, 95]
[100, 95, 43]
[82, 88, 97]
[82, 97, 88]
[88, 82, 97]
[88, 97, 82]
[97, 82, 88]
[97, 88, 82]
[83, 86, 96]
[83, 96, 86]
[86, 83, 96]
[86, 96, 83]
[96, 83, 86]
[96, 86, 83]
[86, 94, 99]
[86, 99, 94]
[94, 86, 99]
[94, 99, 86]
[99, 86, 94]
[99, 94, 86]
[91, 91, 91]
[92, 93, 97]
[92, 97, 93]
[93, 92, 97]
[93, 97, 92]
[97, 92, 93]
[97, 93, 92]
[93, 93, 93]
[88, 95, 99]
[88, 99, 95]
[95, 88, 99]
[95, 99, 88]
[99, 88, 95]
[99, 95, 88]
[88, 96, 98]
[88, 98, 96]
[96, 88, 98]
[96, 98, 88]
[98, 88, 96]
[98, 96, 88]
[90, 95, 97]
[90, 97, 95]
[95, 90, 97]
[95, 97, 90]
[97, 90, 95]
[97, 95, 90]
[94, 94, 94]
[90, 99, 100]
[90, 100, 99]
[99, 90, 100]
[99, 100, 90]
[100, 90, 99]
[100, 99, 90]
[91, 96, 99]
[91, 99, 96]
[96, 91, 99]
[96, 99, 91]
[99, 91, 96]
[99, 96, 91]
[95, 95, 95]
[96, 96, 96]
[97, 97, 97]
[98, 98, 98]
[99, 99, 99]
[100, 100, 100]
